14.9951 6.28533e-18 -0.0608563 7.85666e-17 0.949104 1
14.991 4.57279e-18 -0.0516176 -2.14068e-17 1.17922 2
14.9869 5.33207e-18 -0.0506639 9.49108e-18 2.52896 3
14.9838 -4.13906e-05 -0.0398994 -0.000517382 2.54219 4
14.9799 -2.90027e-05 -0.0479102 0.000154849 1.04118 5
14.9794 3.77174e-05 -0.0061512 0.000834001 0.928404 6
14.9764 1.16036e-06 -0.0374913 -0.000456963 0.992031 7
14.9789 -0.000382321 0.0304818 -0.00479352 0.946439 8
14.9815 -0.000859693 0.0326633 -0.00596714 0.595492 9
14.9829 -0.00143093 0.0174999 -0.00714042 0.386683 10
14.9916 -0.00275838 0.109398 -0.0165931 0.446543 11
14.9952 -0.00373723 0.044775 -0.0122357 0.4799 12
15.0006 -0.00516522 0.067842 -0.0178498 0.486178 13
15.0097 -0.00704774 0.113773 -0.0235316 0.405297 14
15.0165 -0.00900872 0.084734 -0.0245122 0.384138 15
15.0227 -0.0110018 0.0777483 -0.0249138 0.240075 16
15.0298 -0.0135032 0.0880241 -0.0312667 0.357642 17
15.036 -0.0159809 0.0776649 -0.0309722 0.240137 18
15.0449 -0.0189263 0.111306 -0.0368173 0.239772 19
15.0503 -0.0218304 0.0674486 -0.0363009 0.268135 20
15.0554 -0.0246143 0.0633001 -0.0347991 0.241312 21
15.0599 -0.0272797 0.0563741 -0.0333173 0.261163 22
15.0627 -0.0298242 0.035584 -0.0318059 0.228789 23
15.0659 -0.0322023 0.0395417 -0.0297262 0.23354 24
15.0685 -0.0344297 0.0321507 -0.0278429 0.248418 25
15.0644 -0.0293107 -0.0505447 0.0639877 0.23833 26
15.0605 -0.0246048 -0.0485539 0.0588232 0.233107 27
15.0569 -0.0202859 -0.0456214 0.0539865 0.252016 28
15.0686 -0.0190752 0.146616 0.0151338 0.247194 29
15.0834 -0.0184777 0.184488 0.00746849 0.262902 30
15.0965 -0.0181217 0.164044 0.00445033 0.252767 31
15.1109 -0.0179027 0.179708 0.00273758 0.281664 32
15.1278 -0.0183136 0.212014 -0.00513596 0.25806 33
15.1435 -0.0188484 0.19536 -0.00668552 0.249725 34
15.1578 -0.0194871 0.179708 -0.00798339 0.229698 35
15.1711 -0.02021 0.165439 -0.00903634 0.253581 36
15.1863 -0.0215855 0.190926 -0.0171936 0.256851 37
15.2005 -0.0229821 0.176978 -0.0174577 0.245957 38
15.2136 -0.0243869 0.164306 -0.0175602 0.24846 39
15.225 -0.0258055 0.142515 -0.0177321 0.244305 40
15.237 -0.0280521 0.14919 -0.0280833 0.231317 41
15.2506 -0.0307585 0.170195 -0.033829 0.242087 42
15.0742 -0.0407484 -2.20462 -0.124874 0.608268 43
15.0652 -0.0280956 -0.11276 0.158161 0.542515 44
15.0636 -0.017261 -0.0204802 0.135433 0.581494 45
15.0671 -0.0080339 0.0444651 0.115338 0.56966 46
15.0744 -9.3571e-06 0.0911117 0.100307 0.448121 47
15.0845 0.00710535 0.126112 0.0889339 0.460365 48
15.097 0.0134533 0.155771 0.0793489 0.431453 49
15.113 0.0190923 0.200677 0.0704877 0.386264 50
15.1092 0.0247414 -0.0482678 0.0706135 0.604925 51
15.1293 0.028993 0.252342 0.053146 0.370054 52
15.1515 0.0327069 0.276351 0.0464226 0.287626 53
15.1737 0.035884 0.277913 0.0397148 0.359579 54
15.1961 0.0385469 0.28019 0.0332856 0.465591 55
15.2152 0.0406965 0.238502 0.0268701 0.405967 56
15.2363 0.0424009 0.263989 0.021305 0.321682 57
15.2883 0.039664 0.649381 -0.0342108 0.44973 58
15.3445 0.0360789 0.703108 -0.0448146 0.459755 59
15.4004 0.0321413 0.698721 -0.0492196 0.417787 60
15.4603 0.0266529 0.749326 -0.0686054 0.32007 61
15.5195 0.0210667 0.739086 -0.0698267 0.251736 62
15.5771 0.0154197 0.720346 -0.0705878 0.276129 63
15.6323 0.00975244 0.690603 -0.0708409 0.280798 64
15.6843 0.00410756 0.649142 -0.070561 0.244528 65
15.732 -0.00146859 0.596786 -0.0697018 0.230093 66
15.7748 -0.00692502 0.535214 -0.0682053 0.241866 67
15.8121 -0.0122068 0.465357 -0.066022 0.246904 68
15.843 -0.0172574 0.386655 -0.0631331 0.231185 69
15.8708 -0.0212119 0.347316 -0.0494313 0.243624 70
15.8925 -0.0249879 0.271702 -0.0472 0.223819 71
15.9056 -0.0285702 0.164032 -0.0447785 0.273958 72
15.8058 -0.0150812 -1.24785 0.168612 0.551192 73
15.6986 -0.00249939 -1.33973 0.157273 0.765948 74
15.59 0.00934019 -1.35744 0.147995 0.74985 75
15.5278 0.0192941 -0.778139 0.124423 0.670496 76
15.4708 0.0275042 -0.712276 0.102627 0.570094 77
15.4414 0.0346638 -0.367486 0.0894947 0.444278 78
15.4234 0.0427386 -0.224745 0.100935 0.33498 79
15.4163 0.0470638 -0.0889659 0.0540648 0.351028 80
15.4142 0.0490864 -0.026381 0.0252833 0.385202 81
15.4179 0.0500904 0.0459552 0.0125498 0.414206 82
15.4323 0.0502302 0.17978 0.00174716 0.448117 83
15.4505 0.0491874 0.228298 -0.0130343 0.438747 84
15.4769 0.0473123 0.32984 -0.0234398 0.375785 85
15.5081 0.0445662 0.389266 -0.0343253 0.438173 86
15.535 0.041468 0.337112 -0.0387275 0.428298 87
15.5679 0.0376753 0.410652 -0.047409 0.384744 88
15.6053 0.0331608 0.467777 -0.0564318 0.386995 89
15.6492 0.027887 0.548267 -0.0659221 0.413347 90
15.7003 0.0219617 0.639629 -0.0740658 0.400867 91
15.7532 0.0157909 0.660634 -0.077135 0.410112 92
15.8017 0.00950066 0.606942 -0.0786285 0.419769 93
15.8551 0.00304878 0.667512 -0.0806485 0.256627 94
15.908 -0.00333149 0.660324 -0.0797534 0.236807 95
15.9586 -0.00956597 0.632679 -0.077931 0.224783 96
16.0051 -0.015575 0.582039 -0.0751123 0.221661 97
16.0469 -0.0213041 0.521564 -0.0716146 0.224682 98
16.0798 -0.0266769 0.411177 -0.0671599 0.247952 99
16.1043 -0.0316568 0.306582 -0.0622482 0.246196 100
16.1184 -0.0362406 0.176144 -0.0572979 0.261032 101
16.1211 -0.0404184 0.0336647 -0.052223 0.255589 102
16.115 -0.044182 -0.0754118 -0.0470446 0.224133 103
16.0983 -0.0479757 -0.209498 -0.0474216 0.344177 104
16.0708 -0.051351 -0.343323 -0.042191 0.237577 105
16.0428 -0.054295 -0.350094 -0.0368 0.238547 106
16.0149 -0.0568132 -0.349283 -0.0314776 0.251219 107
15.9868 -0.0589614 -0.351036 -0.026852 0.253821 108
15.8989 -0.0615817 -1.09787 -0.0327544 0.353371 109
15.8167 -0.064626 -1.02757 -0.0380535 0.419694 110
15.7478 -0.0676751 -0.86174 -0.0381134 0.467444 111
15.6733 -0.0700311 -0.931251 -0.0294506 0.217378 112
15.6008 -0.0720708 -0.905955 -0.0254954 0.229842 113
15.5312 -0.0741309 -0.870073 -0.0257519 0.275333 114
15.4676 -0.075816 -0.794721 -0.0210637 0.251003 115
15.4074 -0.077103 -0.753295 -0.0160879 0.285621 116
15.3507 -0.0780056 -0.708592 -0.0112814 0.259934 117
15.2978 -0.0785243 -0.661182 -0.0064848 0.302935 118
15.2491 -0.0786572 -0.608587 -0.00166129 0.355251 119
15.2043 -0.0784297 -0.559974 0.00284491 0.367877 120
15.1635 -0.0778583 -0.509644 0.00714203 0.370374 121
15.1264 -0.0769669 -0.464082 0.0111423 0.400138 122
15.0936 -0.0757497 -0.40971 0.0152157 0.357129 123
15.0647 -0.074236 -0.361574 0.0189207 0.368537 124
15.035 -0.0730334 -0.371873 0.015032 0.419179 125
15.0086 -0.0716086 -0.329077 0.0178102 0.444526 126
14.9843 -0.0700197 -0.304496 0.0198611 0.412505 127
14.9638 -0.0682121 -0.256205 0.0225953 0.52115 128
14.9487 -0.0662158 -0.189018 0.0249544 0.352729 129
14.9356 -0.0639941 -0.163305 0.0277703 0.531179 130
14.9242 -0.0616366 -0.14199 0.0294696 0.461594 131
14.9161 -0.0591178 -0.101805 0.0314848 0.448525 132
14.9106 -0.0564582 -0.0686884 0.0332454 0.429541 133
14.9027 -0.0522301 -0.0983834 0.0528501 0.292715 134
14.8965 -0.0480356 -0.0773907 0.052432 0.251658 135
14.8982 -0.0438005 0.0207543 0.0529385 0.237485 136
14.9008 -0.0396527 0.0330091 0.051847 0.327013 137
14.8999 -0.0357093 -0.0111341 0.0492931 0.297006 138
14.899 -0.0318757 -0.0115037 0.0479201 0.295441 139
14.8979 -0.0281722 -0.0145793 0.0462942 0.290496 140
14.8949 -0.0245854 -0.0371456 0.0448342 0.314748 141
14.8911 -0.0211277 -0.0478983 0.0432215 0.255263 142
14.8874 -0.0177528 -0.0451803 0.0421862 0.252166 143
14.8843 -0.0144617 -0.0394583 0.0411389 0.269643 144
14.8817 -0.0112538 -0.0324845 0.0400983 0.256688 145
14.8796 -0.00811075 -0.0266194 0.0392884 0.270669 146
14.8784 -0.0050671 -0.0150323 0.0380457 0.440313 147
14.8779 -0.0021153 -0.00559092 0.0368975 0.354778 148
14.8782 0.000742756 0.00427961 0.0357256 0.306347 149
14.8783 0.00356974 0.000214577 0.0353373 0.355159 150
14.8799 0.00633025 0.0204086 0.0345064 0.316441 151
14.8826 0.00901998 0.0334024 0.0336216 0.293986 152
14.8858 0.0116385 0.0401378 0.032732 0.362206 153
14.8895 0.0141898 0.0462055 0.0318903 0.462444 154
14.894 0.0166442 0.0563502 0.0306807 0.422372 155
14.8985 0.0190328 0.0559688 0.0298571 0.499076 156
14.9027 0.021333 0.0526905 0.0287521 0.481323 157
14.9066 0.0235337 0.0487685 0.0275089 0.454425 158
14.9105 0.0256464 0.0489116 0.0264088 0.51079 159
14.9135 0.0276435 0.0372171 0.024964 0.500106 160
14.916 0.0295348 0.0315785 0.0236412 0.522835 161
14.9181 0.0313182 0.0258088 0.0222929 0.410491 162
14.9197 0.032999 0.0205398 0.0210098 0.411514 163
14.921 0.0345861 0.0161648 0.0198384 0.405498 164
14.922 0.0360671 0.0123262 0.0185132 0.46721 165
14.9229 0.0375231 0.0118971 0.0182003 0.442387 166
14.9234 0.0389589 0.0056982 0.0179471 0.290811 167
14.9235 0.0403676 0.00197887 0.0176083 0.379733 168
14.923 0.0417104 -0.00636578 0.0167854 0.301328 169
14.9226 0.0429956 -0.00600815 0.0160644 0.428049 170
14.9259 0.0442308 0.0420928 0.0154409 0.417925 171
14.9185 0.0465478 -0.093329 0.0289624 0.438613 172
14.9115 0.0488252 -0.0869036 0.0284667 0.389677 173
14.9039 0.0510139 -0.0949621 0.0273589 0.432902 174
14.906 0.0527797 0.0262856 0.0220723 0.319407 175
14.9065 0.0545893 0.00622273 0.0226208 0.397401 176
14.9059 0.0563786 -0.007689 0.0223663 0.331755 177
14.9146 0.0572935 0.109255 0.0114363 0.360259 178
14.9291 0.0576671 0.180721 0.00467007 0.450826 179
14.9446 0.0577913 0.193381 0.00155265 0.30847 180
14.9568 0.0586134 0.1531 0.0102756 0.332737 181
14.9696 0.0586787 0.159264 0.000817096 0.300772 182
14.9748 0.0589244 0.0656247 0.00307029 0.272114 183
14.9748 0.0592565 -0.000286102 0.004151 0.346462 184
14.9707 0.0595644 -0.0509381 0.0038499 0.42469 185
14.968 0.059662 -0.0335455 0.00121933 0.55991 186
14.9664 0.0594924 -0.0197887 -0.00211983 0.553263 187
14.9636 0.0590277 -0.0350714 -0.00580936 0.441709 188
14.9864 0.0591266 0.284994 0.0012368 0.59103 189
15.0005 0.0596652 0.17612 0.00673193 0.391433 190
15.0047 0.0604462 0.0527859 0.00976305 0.507198 191
15.0034 0.0613592 -0.0171423 0.0114123 0.426676 192
14.9988 0.0623019 -0.0569344 0.0117839 0.469099 193
14.986 0.0633421 -0.159729 0.013003 0.443781 194
14.9963 0.0632284 0.128007 -0.00142129 0.525327 195
14.989 0.0636709 -0.0907421 0.00553122 0.401337 196
15.0033 0.0645903 0.178695 0.011492 0.332768 197
15.0089 0.0658411 0.0701666 0.0156352 0.43123 198
15.0107 0.0671996 0.0215054 0.0169808 0.421251 199
15.0086 0.0685936 -0.0255108 0.0174257 0.416233 200
15.0049 0.0700159 -0.046432 0.0177786 0.409796 201
15.0005 0.0714412 -0.054574 0.0178162 0.452284 202
15.0312 0.0716312 0.383472 0.00237469 0.466025 203
15.0551 0.07221 0.298488 0.00723517 0.479519 204
15.0732 0.0730754 0.226045 0.0108169 0.387129 205
15.087 0.0741305 0.17339 0.0131891 0.456874 206
15.0982 0.0752657 0.139606 0.0141901 0.565663 207
15.1083 0.0761968 0.126123 0.0116386 0.442394 208
15.1171 0.0769655 0.109613 0.00960948 0.521026 209
15.1276 0.0776143 0.132144 0.00810977 0.52096 210
15.1369 0.0781558 0.116003 0.00676904 0.560723 211
15.13 0.0785471 -0.0868678 0.00489056 0.44864 212
15.1351 0.0788561 0.0644565 0.00386219 0.495217 213
15.139 0.0791086 0.048399 0.00315653 0.59522 214
15.1416 0.0792358 0.0320435 0.00158986 0.630136 215
15.1429 0.0792132 0.0168562 -0.000282284 0.591831 216
15.1433 0.0790195 0.00469685 -0.00242144 0.436535 217
15.1423 0.0786287 -0.0124812 -0.0048846 0.364507 218
15.1401 0.0780185 -0.0272632 -0.00762707 0.402382 219
15.1368 0.0771531 -0.0418544 -0.0108176 0.448814 220
15.1319 0.0760124 -0.0607848 -0.0142589 0.417243 221
15.1264 0.07459 -0.0681281 -0.0177796 0.381034 222
15.1185 0.0728679 -0.0991583 -0.0215267 0.393797 223
15.106 0.0708301 -0.156462 -0.0254733 0.569577 224
15.0884 0.0684977 -0.220001 -0.029154 0.477145 225
15.0512 0.0659072 -0.465226 -0.0323823 0.437334 226
15.0196 0.062854 -0.395346 -0.0381645 0.378751 227
14.9928 0.0594638 -0.334799 -0.0423774 0.407896 228
14.9714 0.055824 -0.267267 -0.0454981 0.427941 229
14.9545 0.0520221 -0.210691 -0.0475229 0.307689 230
14.9391 0.0481013 -0.193048 -0.0490105 0.461871 231
14.9335 0.0438348 -0.0694394 -0.0533316 0.472183 232
14.9321 0.0393259 -0.0179529 -0.0563605 0.531133 233
14.933 0.0351043 0.0117898 -0.0527697 0.562211 234
14.9355 0.0308836 0.0306606 -0.0527591 0.48417 235
14.9364 0.026481 0.0114799 -0.0550323 0.410252 236
14.9389 0.0218481 0.031364 -0.0579121 0.425471 237
14.9382 0.0174051 -0.00873804 -0.0555369 0.479288 238
14.9444 0.0129034 0.0769615 -0.0562708 0.503769 239
14.9427 0.00768871 -0.0203729 -0.0651842 0.455443 240
14.927 0.00111909 -0.196433 -0.0821203 0.595469 241
14.8938 -0.00552487 -0.415111 -0.0830494 0.53622 242
14.8652 -0.0118453 -0.358236 -0.0790052 0.516708 243
14.8363 -0.0181127 -0.36093 -0.0783422 0.58197 244
14.8148 -0.0248296 -0.268447 -0.0839613 0.591173 245
14.7971 -0.0311265 -0.221431 -0.078712 0.514753 246
14.7821 -0.0370802 -0.187051 -0.0744208 0.516344 247
14.7663 -0.0427621 -0.198305 -0.0710243 0.615922 248
14.7454 -0.0483139 -0.260627 -0.0693976 0.4936 249
14.7241 -0.0535719 -0.266171 -0.0657249 0.602845 250
14.6966 -0.0584729 -0.34368 -0.061262 0.594998 251
14.6772 -0.0631062 -0.242889 -0.0579157 0.477766 252
14.659 -0.0673842 -0.227284 -0.0534756 0.535143 253
14.6446 -0.0714995 -0.180721 -0.0514409 0.524935 254
14.6367 -0.0753385 -0.0984669 -0.0479882 0.337434 255
14.629 -0.0792099 -0.0965238 -0.0483924 0.303488 256
14.6258 -0.0824482 -0.0392079 -0.0404784 0.264111 257
14.6247 -0.085424 -0.0142813 -0.0371977 0.238865 258
14.6218 -0.0880602 -0.0355482 -0.0329524 0.24702 259
14.6278 -0.0904831 0.0749707 -0.0302867 0.265139 260
14.641 -0.0926934 0.163972 -0.0276288 0.265344 261
14.6588 -0.0945815 0.223577 -0.0236007 0.246279 262
14.6758 -0.0960089 0.211751 -0.0178424 0.229016 263
14.7013 -0.0973196 0.318742 -0.0163844 0.266521 264
14.7298 -0.0983635 0.356853 -0.0130478 0.268585 265
14.7608 -0.0991035 0.387549 -0.00925111 0.291545 266
14.7634 -0.100857 0.0317097 -0.0219144 0.485815 267
14.7656 -0.102529 0.028336 -0.0208996 0.36122 268
14.7697 -0.104033 0.050807 -0.0188035 0.428735 269
14.7919 -0.0957081 0.277829 0.10406 0.484858 270
14.8231 -0.0879193 0.389075 0.0973606 0.44374 271
14.8283 -0.0780256 0.0651002 0.123671 0.390998 272
14.8664 -0.0704537 0.476456 0.0946493 0.574033 273
14.9057 -0.0628037 0.490999 0.0956245 0.481777 274
14.945 -0.0546779 0.491953 0.101573 0.476474 275
14.9871 -0.0471357 0.525916 0.0942771 0.431073 276
15.0272 -0.0396308 0.501335 0.0938118 0.513087 277
15.066 -0.032233 0.485599 0.092472 0.668535 278
15.102 -0.0250047 0.449586 0.0903539 0.483269 279
15.1354 -0.0179779 0.417209 0.0878345 0.534653 280
15.1659 -0.0111795 0.381649 0.0849812 0.470237 281
15.2045 -0.00491856 0.482011 0.0782611 0.4456 282
15.2391 -0.000182516 0.432348 0.0592006 0.320458 283
15.2712 0.00361622 0.402164 0.0474842 0.27932 284
15.3001 0.00672386 0.360453 0.0388456 0.266053 285
15.3288 0.00951446 0.359166 0.0348825 0.254235 286
15.3554 0.0115421 0.332737 0.0253452 0.244438 287
15.3824 0.0131203 0.336993 0.0197273 0.243447 288
15.4075 0.0139716 0.314224 0.0106415 0.272516 289
15.4352 0.014292 0.346279 0.0040056 0.249913 290
15.4607 0.0139038 0.318837 -0.00485242 0.235989 291
15.4844 0.0125919 0.295293 -0.0163994 0.240683 292
15.5014 0.0106428 0.212657 -0.0243638 0.242444 293
15.5266 0.0079106 0.315893 -0.0341523 0.24373 294
15.5515 0.00467707 0.310779 -0.0404191 0.258679 295
15.5729 0.00249713 0.267947 -0.0272492 0.251776 296
15.5951 3.30549e-05 0.277317 -0.030801 0.265895 297
15.6184 -0.00281719 0.291061 -0.035628 0.274928 298
15.6387 -0.00645476 0.253701 -0.0454697 0.254887 299
15.6661 -0.0105904 0.341916 -0.0516958 0.223581 300
15.6906 -0.0146774 0.306523 -0.0510873 0.220193 301
15.712 -0.0187361 0.267899 -0.0507337 0.252671 302
15.7304 -0.0226854 0.229716 -0.0493661 0.236891 303
15.7448 -0.0264385 0.179887 -0.0469135 0.253652 304
15.7551 -0.0299128 0.129306 -0.0434288 0.260231 305
15.5717 -0.034866 -2.29231 -0.0619154 0.55731 306
15.535 -0.0237147 -0.458789 0.139392 0.540829 307
15.4481 -0.0141198 -1.08615 0.119936 0.562786 308
15.3578 -0.00414432 -1.12915 0.124693 0.598065 309
15.2811 0.00534495 -0.959396 0.118616 0.679755 310
15.2721 0.011381 -0.112569 0.0754503 0.389659 311
15.2688 0.0169014 -0.0409961 0.0690056 0.310377 312
15.2683 0.0220216 -0.00551939 0.0640024 0.34234 313
15.2699 0.0266683 0.0197053 0.0580829 0.308667 314
15.2734 0.0308071 0.0440121 0.051735 0.337854 315
15.2784 0.034447 0.0619769 0.0454988 0.374296 316
15.2878 0.0375601 0.118005 0.0389147 0.271541 317
15.2984 0.0401564 0.132585 0.0324533 0.387586 318
15.3099 0.0422468 0.143838 0.0261301 0.414339 319
15.3411 0.0395645 0.389659 -0.0335288 0.427574 320
15.3706 0.0364034 0.368798 -0.0395132 0.36497 321
15.3308 0.0414392 -0.497365 0.0629473 0.4008 322
15.2841 0.0461508 -0.58459 0.0588947 0.405467 323
15.295 0.039842 0.136185 -0.0788601 0.421598 324
15.3077 0.0330885 0.159681 -0.0844184 0.516288 325
15.32 0.0262759 0.153041 -0.0851574 0.575764 326
15.3229 0.0195405 0.0368238 -0.0841934 0.457609 327
15.326 0.0128084 0.0388145 -0.084151 0.483986 328
15.3323 0.00616385 0.0784159 -0.0830569 0.470938 329
15.3394 -0.000354213 0.0892878 -0.0814758 0.300024 330
15.3374 -0.00676182 -0.0256062 -0.0800951 0.394073 331
15.3363 -0.0133417 -0.0135183 -0.0822489 0.395916 332
15.3298 -0.0198371 -0.0819445 -0.0811916 0.267697 333
15.2855 -0.0261259 -0.553215 -0.0786106 0.238703 334
15.2681 -0.0313042 -0.217867 -0.0647294 0.272751 335
15.2375 -0.0364706 -0.381982 -0.0645789 0.239766 336
15.1927 -0.0416998 -0.560498 -0.065365 0.342487 337
15.1687 -0.0461371 -0.299954 -0.0554668 0.317272 338
15.132 -0.050406 -0.458968 -0.0533614 0.347217 339
15.0859 -0.0544507 -0.575733 -0.0505584 0.35747 340
15.0385 -0.0581073 -0.592661 -0.0457079 0.392333 341
14.9852 -0.0509809 -0.666213 0.0890799 0.516498 342
14.9497 -0.0429436 -0.443387 0.100467 0.441339 343
14.9198 -0.0352234 -0.373793 0.0965026 0.565681 344
14.8972 -0.0279339 -0.282419 0.0911186 0.496765 345
14.8835 -0.0212038 -0.172091 0.0841258 0.482877 346
14.8716 -0.0143038 -0.148082 0.0862503 0.45419 347
14.8581 -0.00797297 -0.168514 0.0791353 0.447644 348
14.859 -0.0021757 0.01086 0.0724659 0.526953 349
14.8666 0.00181416 0.0944138 0.0498732 0.518871 350
14.8679 0.00717271 0.0165939 0.0669819 0.545364 351
14.8928 0.0100918 0.31141 0.036488 0.505203 352
14.9174 0.0129523 0.307024 0.0357574 0.500416 353
14.9452 0.0158459 0.348151 0.0361695 0.320994 354
14.9625 0.0204626 0.21559 0.0577085 0.298188 355
14.9938 0.0228812 0.392151 0.0302331 0.271672 356
15.0253 0.0252216 0.393558 0.0292544 0.265435 357
15.0571 0.0274598 0.397909 0.0279782 0.253093 358
15.0901 0.0295792 0.412142 0.0264916 0.322211 359
15.1231 0.0315489 0.412917 0.0246215 0.343928 360
15.1564 0.0333491 0.415361 0.0225022 0.364533 361
15.1894 0.0349652 0.413382 0.0202016 0.34395 362
15.222 0.0363804 0.406754 0.0176902 0.347954 363
15.2554 0.0375972 0.417054 0.0152104 0.347733 364
15.2875 0.0385894 0.401962 0.0124027 0.362417 365
15.3181 0.0393464 0.381839 0.00946159 0.356386 366
15.3466 0.0398622 0.356567 0.00644848 0.383605 367
15.3898 0.0346459 0.539696 -0.0652046 0.390116 368
15.4284 0.0293901 0.482893 -0.0656978 0.486933 369
15.4637 0.024159 0.441074 -0.0653877 0.372828 370
15.4951 0.0189384 0.392437 -0.0652582 0.253805 371
15.5225 0.0137433 0.343215 -0.0649383 0.253914 372
15.5462 0.00859251 0.296283 -0.0643851 0.241511 373
15.4802 0.01523 -0.82494 0.0829691 0.390612 374
15.4776 0.00840602 -0.032711 -0.0853003 0.484868 375
15.4719 0.00170813 -0.0713825 -0.0837236 0.484835 376
15.4655 -0.00475233 -0.0798106 -0.0807557 0.429757 377
15.4578 -0.0109268 -0.0967264 -0.0771808 0.43518 378
15.4485 -0.0167837 -0.116396 -0.0732108 0.438931 379
15.4374 -0.0222859 -0.138104 -0.0687784 0.507058 380
15.422 -0.0274742 -0.193012 -0.0648535 0.397584 381
15.4047 -0.0322831 -0.21565 -0.0601116 0.236003 382
15.3861 -0.0367011 -0.233448 -0.0552249 0.231453 383
15.3657 -0.0407296 -0.254524 -0.0503562 0.248944 384
15.345 -0.0443629 -0.259006 -0.0454157 0.255943 385
15.3121 -0.0483503 -0.410998 -0.0498433 0.24722 386
15.2783 -0.0520674 -0.422621 -0.0464636 0.278881 387
15.2423 -0.0555439 -0.450194 -0.0434558 0.389072 388
15.1952 -0.0519156 -0.58825 0.0453533 0.377916 389
15.1559 -0.0483947 -0.491905 0.0440114 0.451402 390
15.1163 -0.0448948 -0.494003 0.0437495 0.415976 391
15.0857 -0.0410844 -0.383425 0.0476293 0.387323 392
15.0576 -0.0371224 -0.350857 0.0495252 0.447384 393
15.0316 -0.0329265 -0.32444 0.0524486 0.432483 394
15.0113 -0.028119 -0.254714 0.0600938 0.42851 395
14.9882 -0.0234362 -0.287926 0.0585348 0.405486 396
14.9672 -0.0185645 -0.262785 0.0608968 0.49603 397
14.9426 -0.0134956 -0.307107 0.0633613 0.675457 398
14.923 -0.00842943 -0.245416 0.0633267 0.481796 399
14.9056 -0.00334106 -0.217128 0.0636045 0.600582 400
14.8907 0.00170227 -0.187016 0.0630416 0.594877 401
14.8781 0.00666584 -0.156915 0.0620446 0.480638 402
14.8676 0.0114868 -0.130904 0.060262 0.565373 403
14.8594 0.0161679 -0.103045 0.0585136 0.506696 404
14.8528 0.0206604 -0.0823259 0.0561561 0.625913 405
14.8486 0.0249433 -0.0520706 0.0535366 0.497107 406
14.8387 0.0289726 -0.123811 0.0503662 0.591127 407
14.8374 0.0328984 -0.0165105 0.0490728 0.401353 408
14.8391 0.0365298 0.0206232 0.0453926 0.380797 409
14.8427 0.0398358 0.0453472 0.0413251 0.280425 410
14.8484 0.0427798 0.0711322 0.0367996 0.408235 411
14.8543 0.0453203 0.0739574 0.031756 0.334805 412
14.8607 0.0474476 0.0802875 0.0265916 0.315785 413
14.868 0.0491459 0.0907183 0.021229 0.315999 414
14.8747 0.0503659 0.0834703 0.0152492 0.293443 415
14.8838 0.0511362 0.114286 0.00962932 0.461003 416
14.907 0.0481263 0.289547 -0.0376245 0.401249 417
14.9293 0.0449237 0.278652 -0.0400318 0.320857 418
14.9522 0.0415452 0.286067 -0.0422316 0.419832 419
14.9773 0.0375773 0.31482 -0.0495982 0.386216 420
14.9618 0.039641 -0.193822 0.0257959 0.626315 421
14.9742 0.0348452 0.154984 -0.0599477 0.405085 422
14.9609 0.0371093 -0.166976 0.0283016 0.426668 423
14.9722 0.0313791 0.141191 -0.0716282 0.481382 424
14.986 0.0257009 0.172591 -0.0709775 0.418926 425
15 0.0200473 0.175929 -0.0706696 0.331975 426
15.0103 0.0148099 0.128305 -0.0654675 0.380127 427
15.0295 0.00887076 0.239754 -0.0742393 0.436047 428
15.0487 0.00307293 0.239491 -0.0724728 0.407023 429
15.0693 -0.00251367 0.258243 -0.0698325 0.551668 430
15.0689 -0.00693847 -0.0048399 -0.05531 0.47654 431
15.0872 -0.0122491 0.227976 -0.0663823 0.535337 432
15.1041 -0.0173602 0.211549 -0.0638896 0.431851 433
15.1213 -0.0221925 0.215364 -0.0604038 0.481958 434
15.1368 -0.0267833 0.19325 -0.0573844 0.463304 435
15.1504 -0.0311202 0.170231 -0.0542117 0.466246 436
15.1621 -0.0351954 0.146103 -0.0509396 0.549212 437
15.1689 -0.0390901 0.0849366 -0.0486835 0.353723 438
15.1702 -0.0427648 0.0165582 -0.0459339 0.261534 439
15.174 -0.0461393 0.0468969 -0.042182 0.231496 440
15.1641 -0.047494 -0.122809 -0.0169335 0.423949 441
15.153 -0.0488467 -0.139582 -0.016909 0.293152 442
15.141 -0.0499039 -0.149262 -0.0132143 0.239045 443
15.1265 -0.0503614 -0.182009 -0.00571907 0.25663 444
15.1117 -0.0502946 -0.184715 0.00083507 0.242153 445
15.0968 -0.0494521 -0.185776 0.0105313 0.227781 446
15.0834 -0.0482939 -0.167429 0.014478 0.226281 447
15.0736 -0.0470384 -0.123334 0.0156938 0.238397 448
15.0626 -0.0453954 -0.13752 0.0205365 0.249162 449
15.0487 -0.0457377 -0.173748 -0.00427808 0.413909 450
15.0354 -0.0461855 -0.16551 -0.00559818 0.33837 451
15.0154 -0.0460958 -0.250292 0.00112178 0.436648 452
14.9708 -0.047152 -0.557125 -0.0132022 0.409414 453
14.9259 -0.0490616 -0.56119 -0.02387 0.475761 454
14.8968 -0.0400236 -0.364089 0.112975 0.441451 455
14.8429 -0.0418684 -0.673962 -0.0230605 0.354536 456
14.8101 -0.032051 -0.409818 0.122718 0.422087 457
14.7821 -0.022877 -0.34976 0.114675 0.372967 458
14.7226 -0.0136389 -0.743616 0.115477 0.449229 459
14.6919 -0.00625452 -0.384068 0.0923044 0.453058 460
14.6725 0.00142117 -0.242758 0.0959461 0.447636 461
14.6312 0.00917 -0.516391 0.0968604 0.453994 462
14.6107 0.0141137 -0.255382 0.0617963 0.422676 463
14.5734 0.0211977 -0.466955 0.0885494 0.455969 464
14.5651 0.0252325 -0.103164 0.0504356 0.404361 465
14.5468 0.0310492 -0.229645 0.0727089 0.45707 466
14.526 0.0368063 -0.259149 0.0719641 0.504666 467
14.5141 0.0419511 -0.149393 0.06431 0.4575 468
14.5127 0.0464481 -0.0175834 0.056212 0.484822 469
14.5267 0.0499627 0.175393 0.043933 0.28855 470
14.5567 0.0498225 0.375426 -0.00175294 0.220968 471
14.6037 0.0505541 0.587118 0.00914456 0.237165 472
14.6548 0.0513552 0.63839 0.0100143 0.29397 473
14.7128 0.0499838 0.724912 -0.0171426 0.253757 474
14.7753 0.0482714 0.782192 -0.0214051 0.269855 475
14.8407 0.0456832 0.816619 -0.0323528 0.256752 476
14.909 0.0428016 0.854015 -0.0360203 0.259821 477
14.9803 0.0397652 0.890887 -0.0379539 0.230334 478
15.0522 0.0366037 0.899136 -0.0395198 0.25654 479
15.1267 0.0333597 0.931346 -0.0405499 0.229204 480
15.2007 0.0300638 0.92448 -0.0411988 0.243127 481
15.2764 0.0267297 0.946498 -0.0416756 0.256651 482
15.3514 0.0233648 0.937164 -0.0420612 0.259461 483
15.4272 0.0199853 0.94769 -0.0422436 0.23724 484
15.5011 0.0165709 0.924504 -0.0426808 0.24366 485
15.5729 0.0131122 0.896859 -0.0432339 0.267026 486
15.644 0.00964945 0.88923 -0.043284 0.302932 487
15.7119 0.00615735 0.848365 -0.0436512 0.247707 488
15.7758 0.00262449 0.799286 -0.0441607 0.299972 489
15.8352 -0.00094713 0.742459 -0.0446453 0.219198 490
15.8755 0.0022709 0.503623 0.0402254 0.405601 491
15.911 0.00502599 0.443625 0.0344386 0.259703 492
15.9412 0.00734459 0.376797 0.0289825 0.247642 493
15.9711 0.00465492 0.374222 -0.0336209 0.255016 494
15.9944 0.00135441 0.291407 -0.0412565 0.228619 495
16.0121 -0.00245284 0.220656 -0.0475905 0.239792 496
15.917 0.0045403 -1.18799 0.0874142 0.384295 497
