-8.879999999999999005e+00
2.000000000000000000e+00
0.000000000000000000e+00
1.400000000000000000e+01
0.000000000000000000e+00
6.604302974484443922e-02
-1.713151322937805088e-01
6.594257354736328125e-01
1.000000000000000000e+00
1.400000000000000000e+01
-7.759577998056364834e+00
1.998771549949425630e+00
-1.096416846680195369e-03
1.400528344237958756e+01
-1.370521058350244147e-02
2.011344631223321855e-01
-7.820474283705902696e-01
6.283745765686035156e-01
2.000000000000000000e+00
1.900000000000000000e+01
-6.637897120040949339e+00
1.990697621953820384e+00
-7.197937234932168943e-03
1.402137419942937413e+01
-7.626900485314966338e-02
2.200295297809740092e-01
-7.302430812360038992e-01
6.151587963104248047e-01
3.000000000000000000e+00
2.200000000000000000e+01
-5.514960390192479522e+00
1.970512891658845023e+00
-1.797301334309456960e-02
1.403897656181185205e+01
-1.346884513520300031e-01
2.481004297921307611e-01
-4.941294501146591966e-01
6.446545124053955078e-01
4.000000000000000000e+00
3.000000000000000000e+00
-4.390827007352425149e+00
1.934629032408312632e+00
-3.191051793199078945e-02
1.405882459619522251e+01
-1.742188073612027377e-01
2.783538433825061276e-01
-2.572960710171618426e-01
6.136960983276367188e-01
5.000000000000000000e+00
4.000000000000000000e+00
-3.265609872229801702e+00
1.881146942498593599e+00
-4.749471737539684435e-02
1.408109290366582300e+01
-1.948024930425756862e-01
3.313667989503388256e-01
-1.401811641415867671e-01
6.113247871398925781e-01
6.000000000000000000e+00
4.000000000000000000e+00
-2.139310566597490748e+00
1.808992263797739586e+00
-6.397607626930905400e-02
1.410760224758185011e+01
-2.060169861739026276e-01
3.855280195437904567e-01
-6.289849523917374896e-02
6.147480010986328125e-01
7.000000000000000000e+00
4.000000000000000000e+00
-1.011930669919718362e+00
1.717633142568708804e+00
-8.085998553275197676e-02
1.413844448914535334e+01
-2.110488657930365275e-01
4.364757620959336393e-01
2.843575217063853966e-03
6.183090209960937500e-01
8.000000000000000000e+00
4.000000000000000000e+00
1.165282406445662389e-01
1.607001296247111854e+00
-9.772569591480569084e-02
1.417336255011302804e+01
-2.108213797756714192e-01
4.806051230972219201e-01
5.781904709320113966e-02
6.246099472045898438e-01
9.000000000000000000e+00
5.000000000000000000e+00
1.246064590238335157e+00
1.477420094597256650e+00
-1.142213643954629182e-01
1.421181095996080579e+01
-2.061958560082153280e-01
5.152369465157624617e-01
1.028517961271603609e-01
6.253116130828857422e-01
1.000000000000000000e+01
5.000000000000000000e+00
2.376676806303111178e+00
1.329539290366297921e+00
-1.300587813809063187e-01
1.425302991568206679e+01
-1.979677123180424991e-01
5.386537013752468184e-01
1.388240826808339323e-01
6.410424709320068359e-01
1.100000000000000000e+01
5.000000000000000000e+00
3.508363318575625556e+00
1.164276034240682600e+00
-1.450077242371923814e-01
1.429612221179208653e+01
-1.868617857035757834e-01
5.500434478007854011e-01
1.666631921887512524e-01
6.225540637969970703e-01
1.200000000000000000e+01
4.000000000000000000e+00
4.641122559084458032e+00
9.827618106760376282e-01
-1.588900226634704371e-01
1.434012568761614936e+01
-1.735287303284756832e-01
5.493860347275392186e-01
1.873154984435767278e-01
6.208155155181884766e-01
1.300000000000000000e+01
5.000000000000000000e+00
5.774952962146693736e+00
7.862949348350398715e-01
-1.715735018997096017e-01
1.438407657039435250e+01
-1.585434904529895439e-01
5.492410956956517154e-01
1.851163071790382086e-01
6.190943717956542969e-01
1.400000000000000000e+01
1.100000000000000000e+01
6.909905738822756049e+00
5.761637830364367829e-01
-1.830722367700029218e-01
1.442801585805000464e+01
-1.437341858786664872e-01
5.493121761954267157e-01
1.494184813359815955e-01
6.058783531188964844e-01
1.500000000000000000e+01
2.000000000000000000e+00
8.046030096845051105e+00
3.534029130385034634e-01
-1.936146933597459596e-01
1.447196083214563878e+01
-1.317807073717879585e-01
5.035808168682986974e-01
2.143319382447984034e-01
6.042075157165527344e-01
1.600000000000000000e+01
2.000000000000000000e+00
9.183220705918650140e+00
1.195833735936533415e-01
-2.027854255447222864e-01
1.451224729749510267e+01
-1.146341523122040851e-01
4.620786895518147475e-01
2.341484935535279033e-01
5.990822315216064453e-01
1.700000000000000000e+01
1.000000000000000000e+00
1.032147600981430458e+01
-1.235717345333680328e-01
-2.104576073709560347e-01
1.454921359265924785e+01
-9.590227282792185282e-02
4.149374956090579047e-01
2.294391844527565727e-01
6.019384860992431641e-01
1.800000000000000000e+01
1.000000000000000000e+00
1.146079445457413826e+01
-3.743544685669236705e-01
-2.166613784166921408e-01
1.458240859230797248e+01
-7.754713807170132700e-02
3.641027744504699015e-01
2.224548549223078209e-01
6.011397838592529297e-01
1.900000000000000000e+01
0.000000000000000000e+00
1.260117448850833100e+01
-6.310921360051887641e-01
-2.214414383909254769e-01
1.461153681426400830e+01
-5.975074967791670077e-02
3.173570801110692230e-01
2.217877729630748085e-01
5.824067592620849609e-01
2.000000000000000000e+01
1.000000000000000000e+00
1.374266526685417489e+01
-8.921134845333735797e-01
-2.248020566181951341e-01
1.463692538067289384e+01
-4.200772784087071499e-02
2.703079367350369466e-01
2.404096414199445308e-01
5.752003192901611328e-01
2.100000000000000000e+01
0.000000000000000000e+00
1.488536430706842850e+01
-1.155602896614082331e+00
-2.266240531403771463e-01
1.465855001561169679e+01
-2.277495652727515307e-02
1.709312461781742343e-01
2.613264479008102770e-01
5.679085254669189453e-01
2.200000000000000000e+01
3.000000000000000000e+00
1.602908989212161117e+01
-1.419509107891957944e+00
-2.267735603959939727e-01
1.467222451530595073e+01
-1.868840695210330360e-03
6.072612009846434233e-02
2.724697367645790291e-01
6.281263828277587891e-01
2.300000000000000000e+01
8.000000000000000000e+00
1.717361360428644090e+01
-1.681678321488459416e+00
-2.251792613363174933e-01
1.467708260491382788e+01
1.992873824595599308e-02
1.147744393954486242e-01
-4.723335409079730540e-02
6.449062824249267578e-01
2.400000000000000000e+01
0.000000000000000000e+00
1.831919130836291743e+01
-1.942531672978471624e+00
-2.238872557428221166e-01
1.468626456006546199e+01
1.615006991869220865e-02
1.563457751990959821e-01
-1.558739526117585150e-01
6.220090389251708984e-01
2.500000000000000000e+01
0.000000000000000000e+00
1.946582146601442176e+01
-2.203269611373573245e+00
-2.235928434460419945e-01
1.469877222208138967e+01
3.680153709751526891e-03
1.880545228359897791e-01
-1.193633074282260398e-01
6.220958232879638672e-01
2.600000000000000000e+01
0.000000000000000000e+00
2.061350254114959313e+01
-2.464813297881006893e+00
-2.240623563168025190e-01
1.471381658390826885e+01
-5.868910884506556291e-03
2.043077171217655419e-01
-6.095296993040202199e-02
6.502771377563476562e-01
2.700000000000000000e+01
8.000000000000000000e+00
2.176223299991904270e+01
-2.727635075508738183e+00
-2.249219681951176164e-01
1.473016120127801010e+01
-1.074514847893871805e-02
2.006840272291476879e-01
1.326795204524902627e-02
6.204137802124023438e-01
2.800000000000000000e+01
0.000000000000000000e+00
2.291201131071209218e+01
-2.991634117214470479e+00
-2.256966651803431201e-01
1.474621592345634191e+01
-9.683712315318795949e-03
1.984969451178431044e-01
7.805779513288604865e-03
6.159803867340087891e-01
2.900000000000000000e+01
5.000000000000000000e+00
2.406283594415348759e+01
-3.256751569727481144e+00
-2.264214051766835767e-01
1.476209567906576936e+01
-9.059249954255707560e-03
1.830879762714232584e-01
5.613951293291768313e-02
6.189742088317871094e-01
3.000000000000000000e+01
0.000000000000000000e+00
2.521470537310016269e+01
-3.522553038432940653e+00
-2.267868522902533601e-01
1.477674271716748322e+01
-4.568088919622292909e-03
1.714689060224650063e-01
4.181680261651065517e-02
6.003730297088623047e-01
3.100000000000000000e+01
0.000000000000000000e+00
2.636761807263797763e+01
-3.788714034064128544e+00
-2.268846718670774754e-01
1.479046022964928042e+01
-1.222744710301440496e-03
1.487682308769944228e-01
8.223528658746463715e-02
6.215445995330810547e-01
3.200000000000000000e+01
6.000000000000000000e+00
2.752157252007843979e+01
-4.054594772603379305e+00
-2.264561856097418169e-01
1.480236168811943998e+01
5.356078216695731031e-03
1.522329090437368748e-01
1.371730990832979724e-02
6.222176551818847656e-01
3.300000000000000000e+01
0.000000000000000000e+00
2.867661360987010610e+01
-4.320097978548843365e+00
-2.259399085689928477e-01
1.481454032084294070e+01
6.453463009362114811e-03
1.807284209917492390e-01
-7.925566167995504174e-02
6.219415664672851562e-01
3.400000000000000000e+01
7.000000000000000000e+00
2.983278436646910237e+01
-4.585849850056655796e+00
-2.259308677629955908e-01
1.482899859452228064e+01
1.130100749657109160e-04
1.509756759381808422e-01
5.462016806175289813e-02
6.376662254333496094e-01
3.500000000000000000e+01
9.000000000000000000e+00
3.098999211572696666e+01
-4.851403204451984585e+00
-2.255722578814031154e-01
1.484107664859733511e+01
4.482623519905942766e-03
1.238793376050706385e-01
9.879099976994962229e-02
6.195850372314453125e-01
3.600000000000000000e+01
1.100000000000000000e+01
3.214823534411804928e+01
-5.115986344968472821e+00
-2.245813856012829623e-01
1.485098699560574076e+01
1.238590350150191310e-02
9.692737753732583172e-02
9.942068757142971669e-02
6.170158386230468750e-01
3.700000000000000000e+01
1.100000000000000000e+01
3.330751254032577435e+01
-5.378821646944037305e+00
-2.229542209207056591e-01
1.485874118580872860e+01
2.033955850721629044e-02
7.085351888165281053e-02
9.824900227763284921e-02
6.169350147247314453e-01
3.800000000000000000e+01
1.100000000000000000e+01
3.446782219523934998e+01
-5.639140269235977776e+00
-2.206982626255515056e-01
1.486440946731926083e+01
2.819947868942691838e-02
4.628531266599456018e-02
9.557392090214343605e-02
6.177673339843750000e-01
3.900000000000000000e+01
1.100000000000000000e+01
3.562916280195059926e+01
-5.896194503363664019e+00
-2.178306312366236341e-01
1.486811229233254039e+01
3.584539236159839382e-02
2.373865130964603054e-02
9.165797825232742391e-02
6.170897483825683594e-01
4.000000000000000000e+01
1.100000000000000000e+01
3.679153285575073085e+01
-6.149267980634137487e+00
-2.143763887868808671e-01
1.487001138443731207e+01
4.317803062178458828e-02
3.616417762430934602e-03
8.673228073023848961e-02
6.010575294494628906e-01
4.100000000000000000e+01
1.100000000000000000e+01
3.795493085412712730e+01
-6.397683945459339050e+00
-2.103670597404645737e-01
1.487030069785830655e+01
5.011661308020366745e-02
-1.378915702763272577e-02
8.100034481697045152e-02
6.204102039337158203e-01
4.200000000000000000e+01
1.100000000000000000e+01
3.911935529676010503e+01
-6.640811791063346625e+00
-2.058393284872196694e-01
1.486919756529609593e+01
5.659664066556130413e-02
-2.829099368568677164e-02
7.464162207769346746e-02
6.051747798919677734e-01
4.300000000000000000e+01
1.100000000000000000e+01
4.028480468551980209e+01
-6.878072041870295195e+00
-2.008338908526775268e-01
1.486693428580124099e+01
6.256797043177678153e-02
-3.979914692868735671e-02
6.781462667638550601e-02
6.248621940612792969e-01
4.400000000000000000e+01
1.100000000000000000e+01
4.145127752446289549e+01
-7.108939955118534826e+00
-1.953944396074065171e-01
1.486375035404694600e+01
6.799314056588762201e-02
-4.831090378452085332e-02
6.065962677695782568e-02
6.171112060546875000e-01
4.500000000000000000e+01
1.100000000000000000e+01
4.261877231982944636e+01
-7.332947902717600108e+00
-1.895667667507629772e-01
1.485988548174418433e+01
7.284591070804424806e-02
-5.389960243071811874e-02
5.330089711229769184e-02
6.190326213836669922e-01
4.600000000000000000e+01
1.100000000000000000e+01
4.378728758003970256e+01
-7.549686683099031903e+00
-1.833979681526007322e-01
1.485557351354972511e+01
7.710998247702806341e-02
-5.670272582072310996e-02
4.584855713975558023e-02
6.198551654815673828e-01
4.700000000000000000e+01
1.100000000000000000e+01
4.495682181569091540e+01
-7.758805901851467901e+00
-1.769357387887440514e-01
1.485103729548406726e+01
8.077786704820850983e-02
-5.690976073757791909e-02
3.840003802406920241e-02
6.206984519958496094e-01
4.800000000000000000e+01
1.100000000000000000e+01
4.612737353955421327e+01
-7.960013549310188452e+00
-1.702277491815333277e-01
1.484648451462506102e+01
8.384987009013404602e-02
-5.475024237759917867e-02
3.104123335258106298e-02
6.229548454284667969e-01
4.900000000000000000e+01
1.100000000000000000e+01
4.729894126657134734e+01
-8.153074893021761582e+00
-1.633210956808660852e-01
1.484210449523485309e+01
8.633316875834053106e-02
-5.048233147961767031e-02
2.384739410006553317e-02
6.264495849609375000e-01
5.000000000000000000e+01
1.100000000000000000e+01
4.847152351385156521e+01
-8.337810793150365996e+00
-1.562618188579584233e-01
1.483806590871648368e+01
8.824096028634577371e-02
-4.438219895588346731e-02
1.688382879326457559e-02
6.183886528015136719e-01
5.100000000000000000e+01
1.100000000000000000e+01
4.964511880066842764e+01
-8.514095539454038075e+00
-1.490944855307738681e-01
1.483451533280001300e+01
8.959166658980693976e-02
-3.907792678450316970e-02
2.404008305719081140e-02
6.270251274108886719e-01
5.200000000000000000e+01
3.100000000000000000e+01
5.081972564845672480e+01
-8.681748185546377172e+00
-1.417732956720232917e-01
1.483138909865725097e+01
9.151487323438220467e-02
-4.028261565445223624e-02
6.854047369751498087e-02
6.151101589202880859e-01
5.300000000000000000e+01
3.100000000000000000e+01
5.199534258080919358e+01
-8.840246657356791715e+00
-1.340134467816086195e-01
1.482816648940489479e+01
9.699811113018340369e-02
-3.868645088205280302e-02
6.257770972735270110e-02
6.175370216369628906e-01
5.400000000000000000e+01
3.100000000000000000e+01
5.317196812347346224e+01
-8.989115438969067284e+00
-1.258531005489388899e-01
1.482507157333433057e+01
1.020043279083716198e-01
-3.251997812252493958e-02
4.291178895524053877e-02
6.199078559875488281e-01
5.500000000000000000e+01
3.100000000000000000e+01
5.434960080434890983e+01
-9.128029845611118631e+00
-1.174181188669556203e-01
1.482246997508452857e+01
1.054372710247908629e-01
-2.279007230752139179e-02
2.525192865673493714e-02
6.169552803039550781e-01
5.600000000000000000e+01
3.100000000000000000e+01
5.552823915348344030e+01
-9.256799772906799006e+00
-1.088215248415692477e-01
1.482064676929992686e+01
1.074574253173296579e-01
-1.043203394450742394e-02
9.502937114275709918e-03
6.172945499420166016e-01
5.700000000000000000e+01
3.100000000000000000e+01
5.670788170307045561e+01
-9.375354366954345764e+00
-1.001641120186515105e-01
1.481981220658436627e+01
1.082176602864717146e-01
3.710753468477712147e-03
-4.427825737458521149e-03
6.176154613494873047e-01
5.800000000000000000e+01
3.100000000000000000e+01
5.788852698744564407e+01
-9.483727620602035557e+00
-9.153503728045350729e-02
1.482010906686184626e+01
1.078634342274750330e-01
1.889881581973451574e-02
-1.663303461013534296e-02
6.156334877014160156e-01
5.900000000000000000e+01
3.100000000000000000e+01
5.907017354308386814e+01
-9.582044894228440413e+00
-8.301241396376037029e-02
1.482162097212742502e+01
1.065327914586642055e-01
3.450181391873030634e-02
-2.720699428099097872e-02
6.207807064056396484e-01
6.000000000000000000e+01
3.100000000000000000e+01
6.025281990859606651e+01
-9.670510353022972794e+00
-7.466391541046557556e-02
1.482438111724092344e+01
1.043562319161849272e-01
4.999842214934435702e-02
-3.624638519824936039e-02
6.160578727722167969e-01
6.100000000000000000e+01
3.100000000000000000e+01
6.143646462472614189e+01
-9.749395307171385028e+00
-6.654739372243957674e-02
1.482838099101287099e+01
1.014565211003249784e-01
6.497212340641489448e-02
-4.385032645145246766e-02
6.267626285552978516e-01
6.200000000000000000e+01
3.100000000000000000e+01
6.262110623434780621e+01
-9.819027436447230528e+00
-5.871151412370287370e-02
1.483357876088538418e+01
9.794849498420878098e-02
7.910402957291839954e-02
-5.011992950995150520e-02
6.165452003479003906e-01
6.300000000000000000e+01
3.100000000000000000e+01
6.380674328246151106e+01
-9.879780876458559291e+00
-5.119640207382986086e-02
1.483990708325121766e+01
9.393890062341266056e-02
9.216368468922819801e-02
-5.515750758934186149e-02
6.156899929046630859e-01
6.400000000000000000e+01
3.100000000000000000e+01
6.499337431619132133e+01
-9.932067140162651242e+00
-4.403429807252863537e-02
1.484728017802635414e+01
8.952630001626531164e-02
1.039986593492026046e-01
-5.906558675622761850e-02
6.302714347839355469e-01
6.500000000000000000e+01
3.100000000000000000e+01
6.618099788478181722e+01
-9.976326845202628135e+00
-3.725021382646726692e-02
1.485560007077429034e+01
8.480105307576710216e-02
1.145236017132011952e-01
-6.194584027395012849e-02
6.157557964324951172e-01
6.600000000000000000e+01
3.100000000000000000e+01
6.736961253959502471e+01
-1.001302221510001367e+01
-3.086258295815917999e-02
1.486476195891134644e+01
7.984538585385109188e-02
1.237092761570801613e-01
-6.389804076437198554e-02
6.187944412231445312e-01
6.700000000000000000e+01
3.100000000000000000e+01
6.855921683410728917e+01
-1.004263032031845881e+01
-2.488389955074307366e-02
1.487465870100391285e+01
7.473354259270133249e-02
1.315719973911777529e-01
-6.501909827154282728e-02
6.346404552459716797e-01
6.800000000000000000e+01
3.100000000000000000e+01
6.974980932390622002e+01
-1.006563702365763824e+01
-1.932133837226484088e-02
1.488518446079520707e+01
6.953201473097790630e-02
1.383995526095249673e-01
-7.931397144772897589e-02
6.105103492736816406e-01
6.900000000000000000e+01
1.100000000000000000e+01
7.094138856668756432e+01
-1.008263770721034547e+01
-1.426638661105207248e-02
1.489625642500396729e+01
6.318689701515960155e-02
1.444049009118542060e-01
-1.299991145871964016e-01
6.157653331756591797e-01
7.000000000000000000e+01
1.100000000000000000e+01
7.213395312225219413e+01
-1.009461554761005431e+01
-1.004342918319736135e-02
1.490780881707691385e+01
5.278696784818388832e-02
1.483397945825526421e-01
-1.149124630678115266e-01
6.103608608245849609e-01
7.100000000000000000e+01
3.100000000000000000e+01
7.332750155250298008e+01
-1.010244045761752751e+01
-6.555911518976643981e-03
1.491967600064351807e+01
4.359397080275896619e-02
1.506195339280091972e-01
-6.216562553601417962e-02
6.075971126556396484e-01
7.200000000000000000e+01
1.100000000000000000e+01
7.452203242144176443e+01
-1.010658102143356452e+01
-3.466253858186417198e-03
1.493172556335776058e+01
3.862072075987783154e-02
1.522559411893498194e-01
-9.891713999919965472e-02
6.078548431396484375e-01
7.300000000000000000e+01
1.100000000000000000e+01
7.571754429516626317e+01
-1.010778808940778006e+01
-1.009665893391068457e-03
1.494390603865290679e+01
3.070734955994185861e-02
1.530241550668387518e-01
-9.976521146027360343e-02
6.112945079803466797e-01
7.400000000000000000e+01
1.100000000000000000e+01
7.691403574186701064e+01
-1.010682081593660087e+01
8.084247180585291646e-04
1.495614797105825211e+01
2.272613264311997006e-02
1.532120824319305186e-01
-7.219346170578380684e-02
6.285138130187988281e-01
7.500000000000000000e+01
3.100000000000000000e+01
7.811150533182433264e+01
-1.010422891629422004e+01
2.164477174591110387e-03
1.496840493765280655e+01
1.695065570665726593e-02
1.532395585839507746e-01
-2.285306817753770398e-02
6.120469570159912109e-01
7.600000000000000000e+01
1.100000000000000000e+01
7.930995163740527687e+01
-1.010018501953739367e+01
3.374269994787450384e-03
1.498066410233952261e+01
1.512241025245424954e-02
1.529630342820720301e-01
-6.259002916539889438e-02
6.102287769317626953e-01
7.700000000000000000e+01
1.100000000000000000e+01
8.050937323306057181e+01
-1.009516722605713923e+01
4.183486628325237475e-03
1.499290114508208838e+01
1.011520791922233820e-02
1.525598181145282339e-01
-5.258819378488734098e-02
6.070177555084228516e-01
7.800000000000000000e+01
3.100000000000000000e+01
8.170976869532155717e+01
-1.008957797775298459e+01
4.656138821639745594e-03
1.500510593053125241e+01
5.908152416431351056e-03
1.523498680698232022e-01
-4.953581004343701917e-03
6.057004928588867188e-01
7.900000000000000000e+01
1.100000000000000000e+01
8.291113660279719966e+01
-1.008345444666174373e+01
5.097088096526453983e-03
1.501729391997683827e+01
5.511865936083854868e-03
1.518664712647277426e-01
-4.610270749338772622e-02
6.141149997711181641e-01
8.000000000000000000e+01
1.100000000000000000e+01
8.411347553617103756e+01
-1.007715054986621972e+01
5.242980043455480917e-03
1.502944323767801649e+01
1.823649336612836666e-03
1.514111280781049729e-01
-3.755939680489500665e-02
6.175928115844726562e-01
8.100000000000000000e+01
3.100000000000000000e+01
8.531678407819812548e+01
-1.007095527090410414e+01
5.148491850833179784e-03
1.504155612792426489e+01
-1.181102407778764161e-03
1.512441790448404433e-01
8.602344248323311182e-03
6.144175529479980469e-01
8.200000000000000000e+01
1.100000000000000000e+01
8.652106081370206425e+01
-1.006480249688354078e+01
5.109058661400147847e-03
1.505365566224785034e+01
-4.929148679128992142e-04
1.509031151205597610e-01
-1.997174145314611557e-02
6.174137592315673828e-01
8.300000000000000000e+01
3.100000000000000000e+01
8.772630432957191715e+01
-1.005884636836579737e+01
4.941806326666980768e-03
1.506572791145749513e+01
-2.090654184164588477e-03
1.507469692611396184e-01
1.022891455458962290e-02
6.193389892578125000e-01
8.400000000000000000e+01
1.100000000000000000e+01
8.893251321475926829e+01
-1.005300824880156085e+01
4.840019045083187275e-03
1.507778766899838452e+01
-1.272341019797418663e-03
1.504245793720659918e-01
-1.841747727369128299e-02
6.162579059600830078e-01
8.500000000000000000e+01
3.100000000000000000e+01
9.013968606027512465e+01
-1.004743063609313047e+01
4.620359908947769580e-03
1.508982163534814980e+01
-2.745739201692721197e-03
1.502758363998601965e-01
1.161892882595345552e-02
6.272926330566406250e-01
8.600000000000000000e+01
1.100000000000000000e+01
9.134782145918701701e+01
-1.004202411928784677e+01
4.475061917298454005e-03
1.510184370226013684e+01
-1.816224895616444686e-03
1.499717463781635729e-01
-1.709514716512108498e-02
6.170313358306884766e-01
8.700000000000000000e+01
3.100000000000000000e+01
9.255691800661591628e+01
-1.003692127235170695e+01
4.220354983792363492e-03
1.511384144197039170e+01
-3.183836668826131415e-03
1.498264636679458306e-01
1.278343312681543519e-02
6.105833053588867188e-01
8.800000000000000000e+01
1.100000000000000000e+01
9.376697429973323494e+01
-1.003202358871590860e+01
4.047462022297891766e-03
1.512582755906382737e+01
-2.161162018680896565e-03
1.494771694600549594e-01
-2.968255074420267717e-02
6.070232391357421875e-01
8.900000000000000000e+01
1.100000000000000000e+01
9.497798893775791385e+01
-1.002756146309624263e+01
3.684600736040522916e-03
1.513778573262063176e+01
-4.535766078217110843e-03
1.491936273126492907e-01
-2.272960752667296802e-02
6.122128963470458984e-01
9.000000000000000000e+01
3.100000000000000000e+01
9.618996052195333846e+01
-1.002371190121334621e+01
3.176269961612447016e-03
1.514972122280564371e+01
-6.354134680350948319e-03
1.490957563763384286e-01
2.165945615372005806e-02
6.148135662078857422e-01
9.100000000000000000e+01
1.100000000000000000e+01
9.740288765562441142e+01
-1.002030773985503664e+01
2.806559706568179536e-03
1.516164888331575078e+01
-4.621378188053343501e-03
1.488798190263151966e-01
-8.069433799643420044e-03
6.105775833129882812e-01
9.200000000000000000e+01
3.100000000000000000e+01
9.861676894411456828e+01
-1.001741237855426370e+01
2.385205075206194188e-03
1.517355926883785600e+01
-5.266932892024817070e-03
1.487464990110876073e-01
2.064182731615882629e-02
6.137127876281738281e-01
9.300000000000000000e+01
1.100000000000000000e+01
9.983160299480277899e+01
-1.001486613351000621e+01
2.095958138667625321e-03
1.518545898875874300e+01
-3.615586706732110828e-03
1.485254787029433032e-01
-8.993877000554555481e-03
6.054813861846923828e-01
9.400000000000000000e+01
3.100000000000000000e+01
1.010473884171005921e+02
-1.001273953979646691e+01
1.749150389325507260e-03
1.519734102705497847e+01
-4.335096866776475336e-03
1.483663436503412925e-01
1.971854718929159228e-02
6.093420982360839844e-01
9.500000000000000000e+01
1.100000000000000000e+01
1.022641238224491644e+02
-1.001087970797866156e+01
1.528541341994855409e-03
1.520921033454700400e+01
-2.757613091633148023e-03
1.481435781224504922e-01
-9.825373578849497941e-03
6.111924648284912109e-01
9.600000000000000000e+01
3.100000000000000000e+01
1.034818078243163200e+02
-1.000936362984594474e+01
1.245049903759566775e-03
1.522106182079679826e+01
-3.543642977941107927e-03
1.479659576363534512e-01
1.888707033449802189e-02
6.304705142974853516e-01
9.700000000000000000e+01
1.100000000000000000e+01
1.047004390381935508e+02
-1.000804453938064142e+01
1.082435715665065485e-03
1.523289909740770831e+01
-2.032677351181266020e-03
1.477435087420264637e-01
-1.056689937617457005e-02
6.102924346923828125e-01
9.800000000000000000e+01
3.100000000000000000e+01
1.059200160815931042e+02
-1.000700522365655054e+01
8.521933715630469362e-04
1.524471857810707043e+01
-2.878029301275231589e-03
1.475529130997133009e-01
1.814402991890683159e-02
6.213259696960449219e-01
9.900000000000000000e+01
1.100000000000000000e+01
1.071405375740449841e+02
-1.000610438975446037e+01
7.380728189420321253e-04
1.525652281115504927e+01
-1.426506907762685027e-03
1.473319276574125425e-01
-1.122221528816224820e-02
6.155328750610351562e-01
1.000000000000000000e+02
3.100000000000000000e+01
1.083620021370940805e+02
-1.000542998234866232e+01
5.521300884767789234e-04
1.526830936536764227e+01
-2.324284130815664970e-03
1.471324497421377941e-01
1.748531117157505269e-02
6.278088092803955078e-01
1.010000000000000000e+02
1.100000000000000000e+01
1.095844083942971423e+02
-1.000484555800216668e+01
4.780933495096060626e-04
1.528007996134701330e+01
-9.254592370896607334e-04
1.469134449443965096e-01
-1.179577475377160262e-02
6.335673332214355469e-01
1.020000000000000000e+02
3.100000000000000000e+01
1.108077549712199215e+02
-1.000444361076858257e+01
3.285636521182949427e-04
1.529183303694256324e+01
-1.869121217391389025e-03
1.467080878868820548e-01
1.690616177507736281e-02
6.209397315979003906e-01
1.030000000000000000e+02
1.100000000000000000e+01
1.120320404954341740e+02
-1.000409195507735660e+01
2.872333900874789398e-04
1.530356968397351558e+01
-5.166282753851999827e-04
1.464911710990834948e-01
-1.229260225073909411e-02
6.219704151153564453e-01
1.040000000000000000e+02
3.100000000000000000e+01
1.132572635965147754e+02
-1.000388706043592357e+01
1.672304736519327352e-04
1.531528897766144226e+01
-1.500036455444327598e-03
1.462821109748269066e-01
1.640132340526882088e-02
6.204817295074462891e-01
1.050000000000000000e+02
1.100000000000000000e+01
1.144834229060367790e+02
-1.000370044385909196e+01
1.521960270101069919e-04
1.532699154653942664e+01
-1.879305830228217777e-04
1.460671438381577758e-01
-1.271815687831514066e-02
6.188240051269531250e-01
1.060000000000000000e+02
3.100000000000000000e+01
1.157105170575725026e+02
-1.000363201449184736e+01
5.576537634706434446e-05
1.533867691804647926e+01
-1.205383133288033147e-03
1.458559368190170957e-01
1.596517207082642428e-02
6.210870742797851562e-01
1.070000000000000000e+02
1.100000000000000000e+01
1.169385446866886156e+02
-1.000355647626875566e+01
6.151182693731081037e-05
1.535034539299200063e+01
7.183063237808081714e-05
1.456426533347432439e-01
-1.307819190140835364e-02
6.206417083740234375e-01
1.080000000000000000e+02
3.100000000000000000e+01
1.181675044309431968e+02
-1.000357668301000480e+01
-1.644215064145619404e-05
1.536199680525878009e+01
-9.744247197345875687e-04
1.454303963860370530e-01
1.559185789059180753e-02
6.247224807739257812e-01
1.090000000000000000e+02
1.100000000000000000e+01
1.193973949298828927e+02
-1.000357005173280456e+01
5.391762279564377050e-06
1.537363123696966127e+01
2.729239115127571487e-04
1.452184841015835559e-01
-1.337861839204684475e-02
6.231710910797119141e-01
1.100000000000000000e+02
3.100000000000000000e+01
1.206282148250400041e+02
-1.000364192851618483e+01
-5.839748250851485627e-05
1.538524871569778796e+01
-7.973655598509904029e-04
1.450059376546741774e-01
1.527543744531559104e-02
6.191518306732177734e-01
1.110000000000000000e+02
1.100000000000000000e+01
1.218599627599294308e+02
-1.000367201263863137e+01
-2.442392764657430165e-05
1.539684919071016367e+01
4.246694357742569260e-04
1.447950900424599396e-01
-1.362537875902770576e-02
6.211965084075927734e-01
1.120000000000000000e+02
3.100000000000000000e+01
1.230926373800460283e+02
-1.000376773327067248e+01
-7.765279684241107336e-05
1.540843279791356046e+01
-6.653608649479596498e-04
1.445827703433488765e-01
1.500999397257451323e-02
6.216707229614257812e-01
1.130000000000000000e+02
1.100000000000000000e+01
1.243262373328615809e+02
-1.000381068438945853e+01
-3.481770461377095083e-05
1.541999941954102837e+01
5.354386528580015519e-04
1.443727176382747501e-01
-1.382433403370057247e-02
6.181435585021972656e-01
1.140000000000000000e+02
3.100000000000000000e+01
1.255607612678218743e+02
-1.000391001214876319e+01
-8.045835020081448157e-05
1.543154923695209035e+01
-5.705080698380441545e-04
1.441609651108288759e-01
1.478974239837869097e-02
6.110410690307617188e-01
1.150000000000000000e+02
1.100000000000000000e+01
1.267962078363439673e+02
-1.000394886032684560e+01
-3.144464443823439018e-05
1.544308211416095489e+01
6.126713220322510881e-04
1.439514895315463505e-01
-1.398116720227395027e-02
6.227824687957763672e-01
1.160000000000000000e+02
3.100000000000000000e+01
1.280325756918131503e+02
-1.000403776804487599e+01
-7.191040877020757772e-05
1.545459823332347860e+01
-5.058220541496648509e-04
1.437405189998797184e-01
1.460911760426380351e-02
6.104426383972167969e-01
1.170000000000000000e+02
1.100000000000000000e+01
1.292698634895801604e+02
-1.000406112534175129e+01
-1.887782043489242981e-05
1.546609747484347075e+01
6.629073541914393217e-04
1.435314591633263248e-01
-1.410130360994110363e-02
6.129674911499023438e-01
1.180000000000000000e+02
3.100000000000000000e+01
1.305080698869582818e+02
-1.000413058076549255e+01
-5.609357520320035060e-05
1.547757999157653686e+01
-4.651969346038489794e-04
1.433213963240476119e-01
1.446284545014319897e-02
6.152348518371582031e-01
1.190000000000000000e+02
1.100000000000000000e+01
1.317471935432205328e+02
-1.000413150653843175e+01
-7.471190905917901733e-07
1.548904570328246066e+01
6.918307014076069579e-04
1.431126448142805430e-01
-1.418984852112840402e-02
6.109120845794677734e-01
1.200000000000000000e+02
3.100000000000000000e+01
1.329872331195967377e+02
-1.000417641543169367e+01
-3.621569351320502522e-05
1.550049471486760311e+01
-4.433571802826654414e-04
1.429035524952659841e-01
1.434599689057923164e-02
6.220893859863281250e-01
1.210000000000000000e+02
1.100000000000000000e+01
1.342281872792706849e+02
-1.000415143488526581e+01
2.013011216388883227e-05
1.551192699906722439e+01
7.043225709636732152e-04
1.426960020489920211e-01
-2.760264249981080747e-02
6.116266250610351562e-01
1.220000000000000000e+02
1.100000000000000000e+01
1.354700546873773419e+02
-1.000427584639723833e+01
-1.001809941578064855e-04
1.552334267923114375e+01
-1.503888829021191422e-03
1.425048168233411516e-01
-3.465223073949923183e-02
6.269493103027343750e-01
1.230000000000000000e+02
1.100000000000000000e+01
1.367128340109999556e+02
-1.000482548594220766e+01
-4.422663772122968498e-04
1.553474306457701104e+01
-4.276067288181129716e-03
1.423492472408804943e-01
-2.732573898013049979e-02
6.075513362884521484e-01
1.240000000000000000e+02
1.100000000000000000e+01
1.379565239191671537e+02
-1.000601847904994735e+01
-9.592364897396224747e-04
1.554613100435628148e+01
-6.462126406591569769e-03
1.422337133892614958e-01
-2.085583101133743969e-02
6.109511852264404297e-01
1.250000000000000000e+02
1.100000000000000000e+01
1.392011230828501596e+02
-1.000802189204183001e+01
-1.609683920739507631e-03
1.555750970142742240e+01
-8.130592887498564944e-03
1.421141931755132148e-01
-1.864960906871986068e-03
6.077640056610107422e-01
1.260000000000000000e+02
2.200000000000000000e+01
1.404466301749600348e+02
-1.001085177260010717e+01
-2.272067101543373546e-03
1.556887883688146346e+01
-8.279789760048323830e-03
1.418140642106102689e-01
5.183924571832571743e-02
6.061475276947021484e-01
1.270000000000000000e+02
2.100000000000000000e+01
1.416930438703446953e+02
-1.001409579481213008e+01
-2.602679109749954887e-03
1.558022396201831228e+01
-4.132650102582266331e-03
1.414371706325523448e-01
5.578122827715574494e-02
5.859456062316894531e-01
1.280000000000000000e+02
2.100000000000000000e+01
1.429403628457862112e+02
-1.001730925889278190e+01
-2.576291256982739426e-03
1.559153893566891647e+01
3.298481595901932642e-04
1.410938544337492218e-01
4.565253109209339855e-02
5.872414112091064453e-01
1.290000000000000000e+02
2.300000000000000000e+01
1.441885857799979078e+02
-1.002012741055789213e+01
-2.257727205226126195e-03
1.560282644402361640e+01
3.982050646957665391e-03
1.408529258954960284e-01
2.334450544237898911e-02
5.884685516357421875e-01
1.300000000000000000e+02
1.100000000000000000e+01
1.454377113536215802e+02
-1.002236304583139770e+01
-1.789758318638287431e-03
1.561409467809525609e+01
5.849611082347984554e-03
1.407242704654310117e-01
-2.002286703761973694e-02
6.016888618469238281e-01
1.310000000000000000e+02
2.400000000000000000e+01
1.466877382492246511e+02
-1.002417550582477901e+01
-1.449935781091214997e-03
1.562535261973249234e+01
4.247781719338405634e-03
1.405127466143074599e-01
2.181733756961645038e-02
5.889551639556884766e-01
1.320000000000000000e+02
3.100000000000000000e+01
1.479386651512974424e+02
-1.002538950860182254e+01
-9.704822830985972409e-04
1.563659363946163694e+01
5.993168724907721630e-03
1.403435919396622822e-01
1.578856517991356762e-02
5.912420749664306641e-01
1.330000000000000000e+02
1.100000000000000000e+01
1.491904907462502479e+02
-1.002587769803562701e+01
-3.899819679545326809e-04
1.564782112681680992e+01
7.256253939300807108e-03
1.402009820214322744e-01
-2.652487508654645734e-02
6.041352748870849609e-01
1.340000000000000000e+02
3.100000000000000000e+01
1.504432137224106043e+02
-1.002585169257566733e+01
2.075914663563459273e-05
1.565903720537852450e+01
5.134263932377090486e-03
1.400309498410301501e-01
2.882399464912400143e-03
5.995693206787109375e-01
1.350000000000000000e+02
1.100000000000000000e+01
1.516968327700204782e+02
-1.002528762963349962e+01
4.499476178012411752e-04
1.567023968136580692e+01
5.364855889570082498e-03
1.398382762436201077e-01
-2.433102673996052207e-02
5.970201492309570312e-01
1.360000000000000000e+02
3.100000000000000000e+01
1.529513465812334516e+02
-1.002438009220779236e+01
7.234175178311004440e-04
1.568142674346529652e+01
3.418373750373240698e-03
1.396551883040331177e-01
4.916585743372042967e-03
5.766835212707519531e-01
1.370000000000000000e+02
1.100000000000000000e+01
1.542067538501119941e+02
-1.002308908921019892e+01
1.028353566618540795e-03
1.569259915852961917e+01
3.811700609843004118e-03
1.394342946535287453e-01
-2.237518949321391781e-02
5.565433502197265625e-01
1.380000000000000000e+02
2.800000000000000000e+01
1.554630532726246486e+02
-1.002159398113136568e+01
1.190088402649412029e-03
1.570375390210190147e+01
2.021685450385890537e-03
1.392476184097102276e-01
6.714704616355582183e-03
5.634696483612060547e-01
1.390000000000000000e+02
1.100000000000000000e+01
1.567202435466431609e+02
-1.001984045433381176e+01
1.394797348224958988e-03
1.571489371157467829e+01
2.558861819694337094e-03
1.389892968883810198e-01
-3.383173674442975509e-02
5.662596225738525391e-01
1.400000000000000000e+02
1.100000000000000000e+01
1.579783233719398083e+02
-1.001810054998877320e+01
1.382983178636155519e-03
1.572601285532574700e+01
-1.476771198600433611e-04
1.387430481702978113e-01
-2.682460914178736930e-02
5.686049461364746094e-01
1.410000000000000000e+02
3.100000000000000000e+01
1.592372914501846424e+02
-1.001659042774263320e+01
1.199491510539912875e-03
1.573711229917937082e+01
-2.293645851203032944e-03
1.385688621786451691e-01
1.621821867176206564e-02
5.716347694396972656e-01
1.420000000000000000e+02
1.100000000000000000e+01
1.604971464849426468e+02
-1.001517964596766674e+01
1.119796441942947458e-03
1.574819780815366244e+01
-9.961883574620676064e-04
1.383525422344211719e-01
-1.209752520519530826e-02
5.771186351776123047e-01
1.430000000000000000e+02
3.100000000000000000e+01
1.617578871816709238e+02
-1.001396595925371713e+01
9.626772120327320827e-04
1.575926601153241613e+01
-1.963990373877692354e-03
1.381724983138266083e-01
1.584063930023752592e-02
5.778844356536865234e-01
1.440000000000000000e+02
1.100000000000000000e+01
1.630195122477161078e+02
-1.001282174313293716e+01
9.069380736440368690e-04
1.577031981139752226e+01
-6.967392298586901718e-04
1.379587001800963719e-01
-1.241007944542710587e-02
6.064546108245849609e-01
1.450000000000000000e+02
3.100000000000000000e+01
1.642820203923114661e+02
-1.001184737143984904e+01
7.717744268046081765e-04
1.578135650741192997e+01
-1.689545585492858602e-03
1.377743369864292688e-01
1.551280730180000511e-02
6.034209728240966797e-01
1.460000000000000000e+02
1.100000000000000000e+01
1.655454103265741423e+02
-1.001091765178314930e+01
7.358927466966995153e-04
1.579237845437084431e+01
-4.485210013488582646e-04
1.375629216523677201e-01
-1.267589035209871519e-02
6.020333766937255859e-01
1.470000000000000000e+02
3.100000000000000000e+01
1.668096807635024845e+02
-1.001013521320821908e+01
6.188853683353590747e-04
1.580338348810303373e+01
-1.462592229516755400e-03
1.373754145106875768e-01
1.522927552365657515e-02
6.104488372802734375e-01
1.480000000000000000e+02
1.100000000000000000e+01
1.680748304179732884e+02
-1.000937695155075779e+01
5.993453533254207216e-04
1.581437352126388696e+01
-2.442501876242294135e-04
1.371661841278015714e-01
-1.290017262703859260e-02
6.156911849975585938e-01
1.490000000000000000e+02
3.100000000000000000e+01
1.693408580067389835e+02
-1.000874742658090533e+01
4.972442335024353623e-04
1.582534681599411108e+01
-1.276263997787316883e-03
1.369764295646724861e-01
1.498504985705537487e-02
6.152176856994628906e-01
1.500000000000000000e+02
1.100000000000000000e+01
1.706077622484249332e+02
-1.000812531645546422e+01
4.910474327646044152e-04
1.583630493035928488e+01
-7.746000922288683857e-05
1.367691638455070802e-01
-1.308770842972924002e-02
6.141977310180664062e-01
1.510000000000000000e+02
3.100000000000000000e+01
1.718755418635267631e+02
-1.000761682359225979e+01
4.010892980765063298e-04
1.584724646346692545e+01
-1.124476683601226094e-03
1.365778447135035378e-01
1.477555020397719118e-02
6.187005043029785156e-01
1.520000000000000000e+02
1.100000000000000000e+01
1.731441955744075756e+02
-1.000710213749680122e+01
4.056946846938622717e-04
1.585817269104400573e+01
5.756733271694927396e-05
1.659041217455303752e-01
-5.799471371220340545e-03
6.170270442962646484e-01
1.530000000000000000e+02
2.600000000000000000e+01
1.744139110876562313e+02
-1.000662830065329345e+01
3.731834545354080317e-04
1.587144502078364994e+01
-4.063903769806779739e-04
2.240910515815652815e-01
3.355448922563476766e-02
6.190633773803710938e-01
1.540000000000000000e+02
5.000000000000000000e+00
1.756850606759790026e+02
-1.000592227746186325e+01
5.554209554210163277e-04
1.588937230491017516e+01
2.277968761070103647e-03
2.235320824727216049e-01
-3.415191447647755729e-02
6.113889217376708984e-01
1.550000000000000000e+02
2.400000000000000000e+01
1.769576408942509431e+02
-1.000526169856818015e+01
5.190862036571682612e-04
1.590725487150799111e+01
-4.541843970481008325e-04
2.230142536303603151e-01
2.621506521010039809e-02
6.127812862396240234e-01
1.560000000000000000e+02
5.000000000000000000e+00
1.782316483056233949e+02
-1.000443292112455751e+01
6.505278692379627779e-04
1.592509601179842171e+01
1.643020819759931405e-03
2.224367415351702348e-01
-6.024438336555808932e-02
6.140630245208740234e-01
1.570000000000000000e+02
4.000000000000000000e+00
1.795070794815041779e+02
-1.000392733318896177e+01
3.964054812791855146e-04
1.594289095112123533e+01
-3.176529849484715628e-03
2.219679836890309232e-01
9.364925796774543898e-02
6.120636463165283203e-01
1.580000000000000000e+02
4.600000000000000000e+01
1.807839310015377237e+02
-1.000298037096809090e+01
7.416383443139791054e-04
1.596064838981635781e+01
4.315410787934919994e-03
2.246153826360508532e-01
7.249056658467184500e-01
6.142642498016357422e-01
1.590000000000000000e+02
4.900000000000000000e+01
1.820621994535853787e+02
-9.995660583908991370e+00
5.726267468767771290e-03
1.597861762042724187e+01
6.230786405567239478e-02
2.424272410555650126e-01
7.891178963342643238e-01
6.338992118835449219e-01
1.600000000000000000e+02
5.100000000000000000e+01
1.833418814337054528e+02
-9.975489524548159181e+00
1.576125112976085527e-02
1.599801179971168708e+01
1.254372957624135532e-01
2.818533200256823079e-01
5.582393681331689894e-01
6.217453479766845703e-01
1.610000000000000000e+02
4.400000000000000000e+01
1.846229735461337214e+02
-9.937854351709978218e+00
2.936896674680622085e-02
1.602056006531373811e+01
1.700964452130670768e-01
3.333245783526006534e-01
2.607838232652315291e-01
6.220862865447998047e-01
1.620000000000000000e+02
4.600000000000000000e+01
1.859054724032637296e+02
-9.880558220638297584e+00
4.464569883274906864e-02
1.604722603158194261e+01
1.909591510742855991e-01
3.879496472908527949e-01
1.011633329114993568e-01
6.206970214843750000e-01
1.630000000000000000e+02
5.000000000000000000e+01
1.871893746256271811e+02
-9.802697182096045125e+00
6.056987624932551328e-02
1.607826200336521083e+01
1.990522177072055476e-01
4.389345646756304120e-01
-2.585907014333518883e-03
6.410977840423583984e-01
1.640000000000000000e+02
5.300000000000000000e+01
1.884746768418742704e+02
-9.704208387943181080e+00
7.647750386101022368e-02
1.611337676853926126e+01
1.988453451460588661e-01
4.803415822591805551e-01
-8.523093823641844646e-02
6.270034313201904297e-01
1.650000000000000000e+02
5.500000000000000000e+01
1.897613756887544696e+02
-9.585705051235601459e+00
9.183965346798185492e-02
1.615180409511999571e+01
1.920268700871453904e-01
5.082037989926124766e-01
-1.490856877360665356e-01
6.298317909240722656e-01
1.660000000000000000e+02
6.200000000000000000e+01
1.910494678110967754e+02
-9.448330976111385837e+00
1.062476546734426597e-01
1.619246039903940826e+01
1.801000150682600665e-01
5.205506750726840437e-01
-1.964698467397617831e-01
6.304392814636230469e-01
1.670000000000000000e+02
6.400000000000000000e+01
1.923389498617904678e+02
-9.293633257155871519e+00
1.193982488597689906e-01
1.623410445304522298e+01
1.643824273290791227e-01
5.171698612000952266e-01
-2.296704390428866427e-01
6.319854259490966797e-01
1.680000000000000000e+02
6.300000000000000000e+01
1.936298185017656692e+02
-9.123451761427560314e+00
1.310789522362208470e-01
1.627547804194123060e+01
1.460087922056481913e-01
4.992362387900683984e-01
-2.508810419602283681e-01
6.369462013244628906e-01
1.690000000000000000e+02
5.800000000000000000e+01
1.949220703999740749e+02
-8.939824031164565810e+00
1.411540169441272419e-01
1.631541694104443607e+01
1.259383088488299218e-01
4.689003662094570757e-01
-2.621423923576235993e-01
6.416597366333007812e-01
1.700000000000000000e+02
5.800000000000000000e+01
1.962157022333696830e+02
-8.744904279873750852e+00
1.495513703409448447e-01
1.635292897034119264e+01
1.049669174602200356e-01
4.288960656879226008e-01
-2.652982437843613428e-01
6.575505733489990234e-01
1.710000000000000000e+02
5.800000000000000000e+01
1.975107106868895528e+02
-8.540895197574945641e+00
1.562508149775425348e-01
1.638724065559622645e+01
8.374305795747112591e-02
3.822012869812319025e-01
-2.619715190252782100e-01
6.437644958496093750e-01
1.720000000000000000e+02
5.500000000000000000e+01
1.988070924534345920e+02
-8.329991331035145663e+00
1.612736418923784443e-01
1.641781675855472500e+01
6.278533643544886855e-02
3.317676116404655318e-01
-2.535597285503992659e-01
6.460731029510498047e-01
1.730000000000000000e+02
5.400000000000000000e+01
2.001048442338504856e+02
-8.114332860561628280e+00
1.646736865444917985e-01
1.644435816748596224e+01
4.250055815141692839e-02
2.745390398669833587e-01
-2.673717414508137158e-01
6.319074630737304688e-01
1.740000000000000000e+02
4.400000000000000000e+01
2.014039627369085679e+02
-7.896192009647108989e+00
1.663625520513199452e-01
1.646632129067532091e+01
2.111081883535183279e-02
2.037858703359152202e-01
-3.191974358402599465e-01
6.475036144256591797e-01
1.750000000000000000e+02
5.100000000000000000e+01
2.027044446792868087e+02
-7.678295537691515626e+00
1.660085539687704281e-01
1.648262416030219413e+01
-4.424976031868962933e-03
1.590744502731222809e-01
-2.010883116414360627e-01
6.262772083282470703e-01
1.760000000000000000e+02
3.200000000000000000e+01
2.040062867855507704e+02
-7.462366814954298100e+00
1.643675906917157203e-01
1.649535011632404391e+01
-2.051204096318384740e-02
1.307043808883801006e-01
-1.309721400127774327e-01
6.134731769561767578e-01
1.770000000000000000e+02
3.400000000000000000e+01
2.053094857881347650e+02
-7.249531429673624849e+00
1.618884057185792369e-01
1.650580646679511432e+01
-3.098981216420604312e-02
1.263930035424465359e-01
-2.334762814790170005e-02
6.040320396423339844e-01
1.780000000000000000e+02
2.400000000000000000e+01
2.066140384273228676e+02
-7.039994093638162198e+00
1.592597959252961826e-01
1.651591790707851004e+01
-3.285762241603817913e-02
1.294382192047915936e-01
1.072804362783810056e-02
5.967414379119873047e-01
1.790000000000000000e+02
1.200000000000000000e+01
2.079199414512300450e+02
-6.833667750200778102e+00
1.566998456112312921e-01
1.652627296461489337e+01
-3.199937892581113108e-02
1.427200437472464500e-01
6.095781728836409397e-02
6.067886352539062500e-01
1.800000000000000000e+02
1.600000000000000000e+01
2.092271916157833687e+02
-6.630034877200748689e+00
1.545300253278119318e-01
1.653769056811467308e+01
-2.712275354274200356e-02
1.326903221385400400e-01
-5.118919970474936076e-02
6.175370216369628906e-01
1.810000000000000000e+02
3.400000000000000000e+01
2.105357856847032849e+02
-6.429538791117962226e+00
1.520325941662821756e-01
1.654830579388575629e+01
-3.121788951912195242e-02
1.115206784586764144e-01
-1.097346535280018937e-01
6.172807216644287109e-01
1.820000000000000000e+02
2.500000000000000000e+01
2.118457204294848850e+02
-6.233125040725729704e+00
1.488328612221732072e-01
1.655722744816245040e+01
-3.999666180136210447e-02
7.408668416570840520e-02
-2.012276598544436579e-01
6.259670257568359375e-01
1.830000000000000000e+02
3.100000000000000000e+01
2.131569926293790616e+02
-6.042523493777220089e+00
1.443452712549957995e-01
1.656315438289570707e+01
-5.609487458971759710e-02
4.237886698228443549e-02
-1.898644251883052358e-01
6.356167793273925781e-01
1.840000000000000000e+02
2.400000000000000000e+01
2.144695990713742049e+02
-5.859365343830824635e+00
1.386425489666132382e-01
1.656654469225428983e+01
-7.128402860478201541e-02
2.641249835764192255e-02
-1.251827191151803076e-01
6.359736919403076172e-01
1.850000000000000000e+02
2.200000000000000000e+01
2.157835365501773310e+02
-5.684725785893792960e+00
1.321386572758935229e-01
1.656865769212290118e+01
-8.129864613399644113e-02
3.514312558783316831e-02
3.143928161892552142e-03
6.284494400024414062e-01
1.860000000000000000e+02
2.500000000000000000e+01
2.170988018681956078e+02
-5.518580920762251374e+00
1.256548867254099200e-01
1.657146914216992784e+01
-8.104713188104503696e-02
4.763537721279575976e-02
2.738067010076700170e-02
6.325693130493164062e-01
1.870000000000000000e+02
2.800000000000000000e+01
2.184153918355179087e+02
-5.360700404608252256e+00
1.193463524635712258e-01
1.657527997234694794e+01
-7.885667827298367683e-02
5.872086808325072127e-02
2.268726442788675940e-02
6.283984184265136719e-01
1.880000000000000000e+02
1.700000000000000000e+01
2.197333032698963393e+02
-5.210894976836780046e+00
1.131830166940710064e-01
1.657997764179360800e+01
-7.704169711875273607e-02
6.881895316390718165e-02
1.971478597727113063e-02
6.292495727539062500e-01
1.890000000000000000e+02
1.100000000000000000e+01
2.210525329967278765e+02
-5.069001573207729372e+00
1.071458555548253228e-01
1.658548315804672058e+01
-7.546451424057104562e-02
8.175547434290386661e-02
4.428310186022389738e-02
6.350927352905273438e-01
1.900000000000000000e+02
6.000000000000000000e+00
2.223730778490358659e+02
-4.934648032476412816e+00
1.013921062674850715e-01
1.659202359599415288e+01
-7.192186609175313383e-02
1.055903661014934158e-01
1.372389095807357573e-01
6.241414546966552734e-01
1.910000000000000000e+02
6.000000000000000000e+00
2.236949346674518040e+02
-4.806669151476459234e+00
9.651668600146152965e-02
1.660047082528227236e+01
-6.094275332529427297e-02
1.258785805977602479e-01
1.300404931732198066e-01
6.301341056823730469e-01
1.920000000000000000e+02
2.000000000000000000e+01
2.250181003001970907e+02
-4.683961389381272156e+00
9.247352489174659462e-02
1.661054111173009318e+01
-5.053951387143668789e-02
1.402653768751704888e-01
9.788766265401548095e-02
6.465339660644531250e-01
1.930000000000000000e+02
1.900000000000000000e+01
2.263425716030646697e+02
-4.565695327808659165e+00
8.905684482301735871e-02
1.662176234188010682e+01
-4.270850085911544886e-02
1.502721940714213389e-01
7.123477188184955400e-02
6.394240856170654297e-01
1.940000000000000000e+02
2.500000000000000000e+01
2.276683454394009800e+02
-4.451268543799582034e+00
8.609606729433195993e-02
1.663378411740582052e+01
-3.700971910856748481e-02
1.541179038666573575e-01
2.332750240617532597e-02
6.388370990753173828e-01
1.950000000000000000e+02
9.000000000000000000e+00
2.289954186800876812e+02
-4.340487542552240896e+00
8.328458578104608323e-02
1.664611354971515311e+01
-3.514351891607345874e-02
1.458384533632894886e-01
-8.741524798648157846e-02
6.616909503936767578e-01
1.960000000000000000e+02
1.400000000000000000e+01
2.303237882035236623e+02
-4.234106135998645826e+00
7.991364668064672439e-02
1.665778062598421627e+01
-4.213673875499198557e-02
1.381013039708722800e-01
-9.360775724574126044e-02
6.599180698394775391e-01
1.970000000000000000e+02
1.500000000000000000e+01
2.316534508956069658e+02
-4.132932160991912518e+00
7.594361793387462145e-02
1.666882873030188250e+01
-4.962535933465128668e-02
1.339850200894776577e-01
-7.121118783845513389e-02
6.433813571929931641e-01
1.980000000000000000e+02
2.100000000000000000e+01
2.329844036497166826e+02
-4.037582678084440602e+00
7.151783758493640564e-02
1.667954753190904071e+01
-5.532225436172769767e-02
1.329133431691165157e-01
-5.121933675112993328e-02
6.568505764007568359e-01
1.990000000000000000e+02
2.200000000000000000e+01
2.343166433666950468e+02
-3.948504293965867884e+00
6.676425348079095823e-02
1.669018059936257004e+01
-5.941980130181809261e-02
1.342813409566989691e-01
-3.352497275821404721e-02
6.410493850708007812e-01
2.000000000000000000e+02
2.800000000000000000e+01
2.356501669548295013e+02
-3.865992666798594879e+00
6.179610955099294062e-02
1.670092310663910595e+01
-6.210179912247521666e-02
1.355233918524767489e-01
-4.407512393337945783e-02
6.482372283935546875e-01
2.010000000000000000e+02
2.200000000000000000e+01
2.369849713298348206e+02
-3.790434424261135415e+00
5.654588482802129501e-02
1.671176497798730409e+01
-6.562780903714557357e-02
1.340543324312104545e-01
-9.761434575154132043e-02
6.413187980651855469e-01
2.020000000000000000e+02
3.200000000000000000e+01
2.383210534148352622e+02
-3.722675903839804512e+00
5.067092829223978495e-02
1.672248932458180093e+01
-7.343695669726887920e-02
1.400157504356069893e-01
-1.152993832247758282e-02
6.479034423828125000e-01
2.030000000000000000e+02
2.800000000000000000e+01
2.396584101403467741e+02
-3.662826489039582967e+00
4.472218015119441836e-02
1.673369058461664949e+01
-7.435935176306708583e-02
1.432774211350906768e-01
-6.938631586190946443e-02
6.515927314758300781e-01
2.040000000000000000e+02
2.900000000000000000e+01
2.409970384442592035e+02
-3.611492582065501278e+00
3.832935958863283032e-02
1.674515277830745319e+01
-7.991025703201984354e-02
1.487789603768163715e-01
-5.879038572331289625e-02
6.574673652648925781e-01
2.050000000000000000e+02
4.300000000000000000e+01
2.423369352718185610e+02
-3.569191016493735713e+00
3.156028055744204003e-02
1.675705509513759495e+01
-8.461348788988487524e-02
1.561876404263529139e-01
-4.983879972236000128e-02
6.727941036224365234e-01
2.060000000000000000e+02
5.700000000000000000e+01
2.436780975756095131e+02
-3.536363226149925598e+00
2.447223320802814628e-02
1.676955010637170673e+01
-8.860059186767367534e-02
1.624391074940056967e-01
-1.656608061595739312e-01
6.762025356292724609e-01
2.070000000000000000e+02
4.000000000000000000e+01
2.450205223155375052e+02
-3.514447596158112308e+00
1.632395669919297840e-02
1.678254523497122719e+01
-1.018534563604395898e-01
1.723587402208792696e-01
-3.717941188899036020e-01
6.771595478057861328e-01
2.080000000000000000e+02
1.200000000000000000e+01
