-8.88 2 0 14.181 0.0107129 2.26264 0.133911 1.52925 1 10
-7.74552 2.00097 0.000857033 14.3103 -0.00386117 1.61592 -0.182176 0.525747 2 10
-6.6007 2.0016 0.000548139 14.3849 -0.0151322 0.933015 -0.140888 0.430159 3 0
-5.4499 2.00084 -0.000662437 14.4649 -0.0244559 0.999165 -0.116547 0.546703 4 0
-4.29272 1.99781 -0.00261891 14.5503 -0.0311902 1.06837 -0.0841775 0.53943 5 10
-3.12871 1.99185 -0.00511413 14.6232 -0.0414788 0.91095 -0.128608 0.543113 6 0
-1.95889 1.98199 -0.00843243 14.7027 -0.0450553 0.993657 -0.0447066 0.514935 7 9
-0.782762 1.96783 -0.0120369 14.7777 -0.0531664 0.93782 -0.101389 0.509459 8 0
0.399299 1.94857 -0.0162902 14.846 -0.0609123 0.853241 -0.0968228 0.512819 9 0
1.58671 1.92344 -0.0211631 14.9115 -0.0682721 0.818455 -0.0919983 0.539289 10 0
2.77921 1.89168 -0.0266249 14.9727 -0.0750577 0.765836 -0.0848197 0.698809 11 0
3.97639 1.85261 -0.0326295 15.0731 -0.0808083 1.25486 -0.071883 0.557921 12 2
5.18131 1.80548 -0.0390942 15.1933 -0.0859222 1.50287 -0.0639237 0.604268 13 3
6.3955 1.74962 -0.045968 15.2693 -0.0892012 0.949907 -0.0409869 0.619993 14 0
7.61532 1.68478 -0.0531041 15.3751 -0.0919229 1.32166 -0.0340218 0.528977 15 2
8.84308 1.61047 -0.0604579 15.5033 -0.0938084 1.60341 -0.023569 0.613734 16 3
10.0805 1.52624 -0.0679626 15.7036 -0.0952055 2.50343 -0.0174636 0.516644 17 5
11.3332 1.43138 -0.075579 15.7804 -0.0951556 0.959682 0.000624266 0.488735 18 0
12.5913 1.32648 -0.0831915 15.8544 -0.0944385 0.925505 0.00896342 0.488065 19 0
13.8544 1.21154 -0.0907466 15.927 -0.093124 0.9076 0.0164319 0.485127 20 0
15.1224 1.08662 -0.0981965 16.0107 -0.0913657 1.04584 0.0219789 0.471683 21 1
16.3961 0.951733 -0.105506 16.1152 -0.0890547 1.30591 0.0288876 0.526693 22 3
17.6772 0.806836 -0.11263 16.2171 -0.086384 1.27444 0.0333832 0.466952 23 3
18.9653 0.652116 -0.119541 16.2993 -0.0832737 1.0273 0.0388792 0.462047 24 1
20.2589 0.487991 -0.126203 16.3785 -0.079832 0.98958 0.0430214 0.345771 25 1
21.5577 0.314771 -0.132589 16.4844 -0.0769397 1.32341 0.0361532 0.371872 26 6
22.8637 0.132388 -0.138744 16.5806 -0.0735777 1.20251 0.0420244 0.381417 27 6
24.1763 -0.0587884 -0.144631 16.6759 -0.0696688 1.19209 0.0488617 0.396094 28 6
25.4954 -0.258419 -0.150204 16.7214 -0.064354 0.568795 0.0664351 0.331067 29 0
26.817 -0.465402 -0.155352 16.8081 -0.0598104 1.08342 0.0567955 0.386156 30 6
28.1444 -0.679811 -0.160137 16.8886 -0.0550188 1.00656 0.0598947 0.427156 31 6
29.4773 -0.901116 -0.164539 16.9174 -0.049103 0.36006 0.0739475 0.515973 32 2
30.8115 -1.12804 -0.168467 16.9993 -0.0441117 1.0231 0.0623908 0.431527 33 6
32.1514 -1.36079 -0.171996 17.0584 -0.0380054 0.738597 0.0763295 0.431246 34 3
33.4952 -1.59844 -0.175036 17.1306 -0.0319532 0.902319 0.0756518 0.518334 35 2
34.8441 -1.84055 -0.177593 17.2095 -0.0270981 0.986409 0.0606886 0.580984 36 6
36.1987 -2.0867 -0.179761 17.2847 -0.0221536 0.940251 0.0618069 0.559486 37 6
37.5587 -2.33635 -0.181533 17.3574 -0.0171478 0.909448 0.0625717 0.509979 38 6
38.9242 -2.58891 -0.182905 17.4264 -0.012084 0.861859 0.0632982 0.508141 39 6
40.2948 -2.84381 -0.183871 17.4667 -0.00613251 0.504065 0.0743934 0.427514 40 1
41.6684 -3.09997 -0.184362 17.5064 -0.000363277 0.495505 0.0721154 0.403113 41 1
43.0452 -3.35675 -0.184391 17.5471 0.0052736 0.508809 0.0704609 0.414922 42 2
44.4253 -3.61354 -0.183969 17.6093 0.00978725 0.777555 0.0564206 0.463212 43 6
45.8104 -3.87016 -0.183186 17.6067 0.0148423 -0.0319242 0.0631877 0.420927 44 2
47.1957 -4.1251 -0.181999 17.6031 0.0196953 -0.0453949 0.0606636 0.427282 45 2
48.5811 -4.37781 -0.180423 17.6232 0.024458 0.251365 0.0595335 0.423603 46 0
49.9686 -4.62808 -0.178467 17.686 0.0282918 0.785399 0.0479216 0.413922 47 6
51.3615 -4.8761 -0.176203 17.7044 0.0326876 0.229645 0.0549475 0.406937 48 0
52.7566 -5.12073 -0.173588 17.723 0.0368193 0.232315 0.0516464 0.428692 49 0
54.1538 -5.3615 -0.170643 17.7836 0.0400648 0.7581 0.0405686 0.416674 50 6
55.5566 -5.5986 -0.167437 17.8441 0.0431468 0.756383 0.0385261 0.424379 51 6
56.965 -5.83165 -0.163986 17.9053 0.04605 0.765157 0.0362891 0.411912 52 6
58.3791 -6.06029 -0.160302 17.9659 0.0487807 0.756311 0.0341344 0.413506 53 6
59.7988 -6.28416 -0.156399 17.9966 0.052154 0.384593 0.0421665 0.41966 54 1
61.2219 -6.50248 -0.152227 18.0984 0.0556577 1.27263 0.0437954 0.411298 55 5
62.654 -6.71566 -0.147774 18.1788 0.0585635 1.00431 0.036323 0.410533 56 4
64.0934 -6.92305 -0.143089 18.2556 0.0610579 0.960803 0.0311803 0.814646 57 4
65.5399 -7.12425 -0.138205 18.3295 0.0631494 0.923491 0.0261435 0.420575 58 4
66.9933 -7.31892 -0.133153 18.4011 0.0648507 0.894237 0.0212666 0.410174 59 4
68.4534 -7.50678 -0.127965 18.4888 0.0662505 1.09639 0.017497 0.414202 60 5
69.9214 -7.68776 -0.122665 18.5262 0.0661286 0.46792 -0.00152327 0.512125 61 6
71.3933 -7.86132 -0.117374 18.6105 0.0670343 1.05326 0.0113206 0.469582 62 5
72.8728 -8.02774 -0.112011 18.6451 0.0664645 0.432324 -0.00712294 0.510041 63 6
74.3559 -8.18658 -0.106694 18.6786 0.0658244 0.419307 -0.00800118 0.523819 64 6
75.8425 -8.33789 -0.101428 18.7111 0.065114 0.406909 -0.00888016 0.514241 65 6
77.3325 -8.48169 -0.0962193 18.7915 0.0654375 1.00431 0.00404473 0.492112 66 5
78.8296 -8.61828 -0.0909843 18.8707 0.0653755 0.989485 -0.000775326 0.455159 67 5
80.3337 -8.74758 -0.0857542 18.9484 0.0649807 0.97177 -0.00493564 0.434116 68 5
81.8446 -8.86957 -0.0805558 18.9326 0.0639581 -0.197268 -0.0127823 0.43231 69 0
83.3549 -8.98372 -0.0754391 18.9358 0.06278 0.0400066 -0.0147264 0.430884 70 1
84.866 -9.0903 -0.0704167 18.9631 0.0608151 0.341105 -0.0245612 0.404001 71 6
86.3798 -9.18967 -0.0655515 18.9893 0.0588866 0.327444 -0.0241057 0.414636 72 6
87.8962 -9.28204 -0.0608406 19.0658 0.0577882 0.955844 -0.0137298 0.59479 73 5
89.419 -9.36774 -0.0562175 19.1401 0.0564458 0.929451 -0.0167798 0.738644 74 5
90.9482 -9.44688 -0.0517019 19.1758 0.0547711 0.446534 -0.0209343 0.363938 75 3
92.4805 -9.51944 -0.0473202 19.2482 0.0530215 0.904465 -0.0218697 0.414211 76 5
94.019 -9.58576 -0.0430785 19.2661 0.0511463 0.223827 -0.0234397 0.417575 77 6
95.5591 -9.64583 -0.0389868 19.2833 0.0493177 0.21553 -0.0228578 0.403953 78 6
97.1008 -9.69988 -0.0350413 19.3 0.0475414 0.207996 -0.0222043 0.410558 79 6
98.644 -9.7481 -0.031238 19.3159 0.0446124 0.19846 -0.0366118 0.382144 80 2
100.189 -9.79085 -0.027669 19.3314 0.0430267 0.193882 -0.0198213 0.154672 81 6
101.735 -9.82831 -0.0242269 19.3458 0.0415352 0.180888 -0.0186436 0.129962 82 6
103.282 -9.86066 -0.0209041 19.4152 0.0389182 0.867152 -0.0327134 0.129959 83 5
104.835 -9.8883 -0.0177906 19.464 0.0364343 0.609541 -0.0310482 0.129712 84 4
106.392 -9.91146 -0.0148759 19.4744 0.0352145 0.130606 -0.0152474 0.126787 85 6
107.95 -9.93024 -0.0120587 19.4846 0.0339998 0.126982 -0.0151841 0.103584 86 6
109.509 -9.9448 -0.00933874 19.4944 0.0328011 0.123167 -0.0149842 0.103973 87 6
111.068 -9.95527 -0.00671465 19.504 0.0316224 0.119329 -0.0147333 0.104096 88 6
112.628 -9.9618 -0.00418486 19.5132 0.0304658 0.115466 -0.0144575 0.104905 89 6
114.189 -9.96453 -0.0017476 19.522 0.029339 0.110102 -0.0140854 0.104111 90 6
115.751 -9.96359 0.000599521 19.5307 0.0282193 0.108433 -0.0139964 0.104297 91 6
117.314 -9.95913 0.00285706 19.5391 0.0271141 0.105405 -0.013815 0.105574 92 6
118.877 -9.95127 0.00502619 19.5394 0.0178477 0.00376701 -0.11583 0.449313 93 1
120.44 -9.94118 0.006454 19.5597 0.00957397 0.253296 -0.103422 0.459206 94 6
122.005 -9.92989 0.00721992 19.6368 0.00303635 0.96333 -0.0817202 0.451633 95 5
123.576 -9.91816 0.00746283 19.7132 -0.00233339 0.955248 -0.0671218 0.494055 96 5
125.153 -9.90669 0.00727616 19.7903 -0.00661652 0.964403 -0.0535391 0.437106 97 5
126.736 -9.89601 0.00674683 19.8291 -0.00993669 0.483799 -0.0415021 0.501219 98 3
128.322 -9.88657 0.0059519 19.8657 -0.0123554 0.457549 -0.0302345 0.496946 99 3
129.911 -9.87868 0.00496346 19.8842 -0.0139831 0.231957 -0.0203451 0.474286 100 2
131.502 -9.87256 0.00384482 19.8682 -0.0149287 -0.200653 -0.0118204 0.477873 101 0
133.091 -9.86835 0.00265053 19.8905 -0.0157814 0.27957 -0.0106583 0.499768 102 6
134.683 -9.86614 0.00138802 19.9701 -0.015263 0.995064 0.00647994 0.498047 103 5
136.28 -9.86587 0.000166981 20.0484 -0.0143334 0.978613 0.0116192 0.501713 104 5
137.884 -9.86744 -0.000979693 20.0882 -0.0130833 0.497293 0.0156261 0.509275 105 3
139.491 -9.8707 -0.00202636 20.1092 -0.0121962 0.262833 0.0110888 0.512302 106 6
141.1 -9.87553 -0.00300206 20.1495 -0.0102674 0.503087 0.0241101 0.586593 107 3
142.712 -9.88169 -0.00382345 20.2265 -0.0082261 0.9624 0.0255166 0.53346 108 5
144.33 -9.88895 -0.00448154 20.2833 -0.00617945 0.710559 0.0255831 0.507805 109 4
145.953 -9.89702 -0.0049759 20.3197 -0.0041851 0.455236 0.0249293 0.477988 110 3
147.578 -9.90565 -0.0053107 20.3022 -0.00237956 -0.218844 0.0225693 0.483158 111 0
149.202 -9.91459 -0.00550107 20.3698 -0.000605831 0.844264 0.0221716 0.480215 112 5
150.832 -9.92363 -0.00554954 20.3934 0.000917951 0.295615 0.0190473 0.43172 113 3
152.463 -9.93256 -0.0054761 20.3925 0.00199939 -0.0119925 0.013518 0.539118 114 6
154.095 -9.94124 -0.00531615 20.3669 0.00316109 -0.319362 0.0145212 0.466778 115 1
155.724 -9.94949 -0.00506326 20.3378 0.00407146 -0.36366 0.0113797 0.453364 116 1
157.351 -9.9572 -0.00473754 20.3806 0.00476328 0.534439 0.00864772 0.649189 117 5
158.981 -9.9643 -0.00435648 20.3829 0.00521029 0.0295639 0.0055876 0.730315 118 3
160.612 -9.97072 -0.00393966 20.3472 0.00549358 -0.446033 0.00354116 0.683047 119 1
162.24 -9.97642 -0.00350017 20.2936 0.00557136 -0.670624 0.000972202 0.878954 120 0
163.863 -9.98138 -0.00305446 20.2975 0.00548389 0.0490904 -0.00109331 0.662203 121 3
165.487 -9.98563 -0.00261575 20.3202 0.00524958 0.282812 -0.00292885 0.767233 122 4
167.113 -9.9892 -0.00219579 20.342 0.0049309 0.273347 -0.00398351 0.817497 123 4
168.74 -9.99213 -0.00180131 20.3262 0.00558974 -0.197458 0.00823553 0.71444 124 6
170.366 -9.99433 -0.00135413 20.2737 0.00497156 -0.656581 -0.00772732 0.510097 125 0
171.988 -9.99588 -0.00095641 20.2969 0.00444404 0.289655 -0.00659397 0.473063 126 4
173.612 -9.99686 -0.000600887 20.3378 0.00396749 0.512171 -0.00595694 0.45719 127 5
175.239 -9.99732 -0.000283488 20.3408 0.00351945 0.0369072 -0.00560051 0.520968 128 3
176.866 -9.99732 -1.93248e-06 20.3435 0.00311513 0.0339508 -0.00505397 0.532071 129 3
178.494 -9.99692 0.000247278 20.3461 0.00275219 0.0319004 -0.00453678 0.581006 130 3
180.121 -9.99616 0.000467453 20.3485 0.00242734 0.0307083 -0.00406052 0.512907 131 3
181.749 -9.99508 0.00066164 20.3509 0.00213748 0.0299931 -0.00362325 0.570843 132 3
183.377 -9.99372 0.000832639 20.3719 0.00188036 0.262022 -0.00321405 0.516523 133 4
185.007 -9.99212 0.000983067 20.355 0.00164949 -0.210953 -0.00288587 0.225569 134 2
186.635 -9.99031 0.00111503 20.3945 0.00144677 0.493217 -0.00253401 0.333987 135 5
188.267 -9.9883 0.00123077 20.3583 0.00126159 -0.451565 -0.00231476 0.266422 136 1
189.896 -9.98613 0.0013317 20.3791 0.0010987 0.259519 -0.0020361 0.227849 137 4
191.526 -9.98382 0.00141959 20.3625 0.00459203 -0.208092 0.0436666 0.186334 138 8
193.155 -9.9809 0.00178695 20.3464 0.00780424 -0.200224 0.0401527 0.166674 139 8
194.783 -9.97698 0.00241129 20.331 0.0107468 -0.193071 0.0367822 0.489745 140 8
196.409 -9.97166 0.00327104 20.3161 0.0134309 -0.186181 0.0335516 0.217382 141 8
198.034 -9.9646 0.00434551 20.3023 0.0170699 -0.172925 0.045487 0.219482 142 9
199.659 -9.95532 0.00571111 20.289 0.0203769 -0.165176 0.0413369 0.258776 143 9
201.282 -9.94341 0.00734125 20.2765 0.0233676 -0.157404 0.0373847 0.230532 144 9
202.904 -9.92846 0.00921066 20.2644 0.0260579 -0.150323 0.0336284 0.18585 145 9
204.525 -9.91015 0.0112953 20.2529 0.0284627 -0.143552 0.0300606 0.178481 146 9
206.145 -9.88816 0.0135723 20.242 0.0305968 -0.137186 0.0266756 0.179245 147 9
207.764 -9.86222 0.0160201 20.2315 0.0324742 -0.131249 0.0234674 0.271319 148 9
209.382 -9.83209 0.018618 20.2214 0.0341086 -0.125718 0.0204299 0.158402 149 9
211 -9.79756 0.0213467 20.2118 0.0355131 -0.120544 0.0175572 0.258102 150 9
212.616 -9.75845 0.0241877 20.2025 0.0367006 -0.115728 0.0148436 0.308938 151 9
214.232 -9.71462 0.0271238 20.1936 0.0376833 -0.111246 0.0122836 0.287295 152 9
215.846 -9.66594 0.0301384 20.185 0.038473 -0.107098 0.00987151 0.276856 153 9
217.46 -9.61231 0.0332163 20.1755 0.0378773 -0.119877 -0.00744639 0.327741 154 8
219.073 -9.55382 0.0362465 20.1648 0.0359981 -0.132656 -0.0234909 0.416527 155 7
220.685 -9.49072 0.0391263 20.1545 0.0341486 -0.128984 -0.0231185 0.475613 156 7
222.296 -9.42325 0.0418582 20.1445 0.0323303 -0.125432 -0.0227288 0.524005 157 7
223.906 -9.35165 0.0444446 20.1347 0.0305444 -0.121999 -0.0223234 0.614835 158 7
225.515 -9.27615 0.0468882 20.1252 0.0287921 -0.118637 -0.0219039 0.70422 159 7
227.123 -9.19698 0.0491915 20.1173 0.0282838 -0.0986338 -0.00635423 0.831624 160 8
228.73 -9.11421 0.0514542 20.1097 0.0277136 -0.0960112 -0.00712739 0.897986 161 8
230.337 -9.02791 0.0536713 20.1022 0.0270868 -0.0935078 -0.00783431 0.80466 162 8
231.943 -8.93816 0.0558383 20.0949 0.0264086 -0.0911236 -0.0084779 0.825303 163 8
233.548 -8.84505 0.057951 20.0878 0.0256837 -0.0888348 -0.00906112 0.866867 164 8
235.152 -8.74867 0.0600057 20.0809 0.0249168 -0.0866413 -0.00958662 0.831771 165 8
236.755 -8.64914 0.061999 20.0741 0.0241122 -0.0845194 -0.0100572 0.82763 166 8
238.358 -8.54654 0.063928 20.0675 0.0232741 -0.082469 -0.0104755 0.93708 167 8
239.96 -8.441 0.0657899 20.0611 0.0224066 -0.080514 -0.010844 0.858787 168 8
241.561 -8.33262 0.0675824 20.0548 0.0215134 -0.0786066 -0.0111652 1.11549 169 8
243.161 -8.22152 0.0693035 20.0502 0.0218027 -0.0571251 0.00361628 0.782589 170 9
244.761 -8.10765 0.0710477 20.0457 0.0219765 -0.0558853 0.00217292 0.658214 171 9
246.361 -7.991 0.0728059 20.0413 0.0220426 -0.0547647 0.000825431 0.67431 172 9
247.96 -7.87156 0.0745693 20.037 0.0220082 -0.0536919 -0.000429992 0.641622 173 9
249.558 -7.74932 0.0763299 20.0328 0.0218804 -0.0527143 -0.00159724 0.646916 174 9
251.156 -7.62431 0.0780803 20.0287 0.021666 -0.0518084 -0.00267981 0.664921 175 9
252.753 -7.49656 0.0798136 20.0767 0.0168228 0.600743 -0.0605402 0.729783 176 5
254.354 -7.36635 0.0811595 19.8739 0.0119218 -2.5353 -0.0612627 0.74292 177 0
255.938 -7.23595 0.0821132 19.9279 0.00777188 0.674987 -0.0518739 0.753406 178 5
257.527 -7.1042 0.0827349 19.9381 0.000188801 0.127244 -0.0947885 1.29649 179 9
259.117 -6.97236 0.0827501 19.9813 -0.00258669 0.539923 -0.0346937 0.783394 180 4
260.71 -6.84056 0.0825431 19.9848 -0.00808838 0.043869 -0.0687711 0.678884 181 9
262.303 -6.70978 0.081896 19.9869 -0.0128136 0.0265837 -0.0590657 0.576838 182 9
263.897 -6.58061 0.080871 19.9727 -0.0157403 -0.178361 -0.0365839 0.588828 183 7
265.49 -6.45354 0.0796117 20.0309 -0.0178366 0.72825 -0.0262028 0.632009 184 5
267.087 -6.32838 0.0781848 20.0669 -0.0196479 0.449824 -0.0226421 0.587659 185 4
268.688 -6.20551 0.076613 20.068 -0.0227234 0.0136852 -0.0384429 0.54779 186 9
270.289 -6.08554 0.0747951 20.0875 -0.0257881 0.244021 -0.0383097 0.546913 187 10
271.891 -5.96876 0.072732 20.0867 -0.0259668 -0.0101328 -0.00223354 0.71756 188 7
273.494 -5.85532 0.0706547 20.1042 -0.0277602 0.218391 -0.0224173 0.89894 189 10
275.099 -5.74534 0.0684339 20.0874 -0.0288568 -0.209618 -0.0137078 0.273547 190 7
276.702 -5.63915 0.0661253 20.0701 -0.0300565 -0.215888 -0.0149954 0.249425 191 7
278.305 -5.53691 0.0637208 20.0486 -0.0307269 -0.268912 -0.00838009 0.290058 192 7
279.906 -5.43871 0.0612627 20.0685 -0.0288588 0.248575 0.0233509 0.226164 193 2
281.508 -5.34412 0.058954 20.1285 -0.0259591 0.749302 0.0362466 0.130321 194 5
283.116 -5.25258 0.0568772 20.1935 -0.0229525 0.813532 0.0375818 0.13136 195 5
284.729 -5.16371 0.055041 20.18 -0.0227306 -0.168729 0.00277432 0.177238 196 8
286.341 -5.07783 0.0532226 20.0855 -0.0356615 -1.18194 -0.161636 0.368638 197 5
287.946 -4.99692 0.0503697 19.9202 -0.0468033 -2.06656 -0.139273 0.406371 198 6
289.538 -4.92265 0.0466254 19.7967 -0.051374 -1.54383 -0.0571338 0.377928 199 4
291.12 -4.85534 0.0425155 19.6405 -0.0574928 -1.95212 -0.0764854 0.469212 200 8
292.69 -4.79577 0.0379161 19.4951 -0.0625883 -1.81725 -0.0636929 0.493072 201 9
294.249 -4.74446 0.032909 19.3389 -0.0658561 -1.95262 -0.0408482 0.495963 202 8
295.796 -4.7017 0.0276405 19.1942 -0.0682694 -1.80857 -0.0301663 0.472522 203 9
297.331 -4.66765 0.022179 19.2908 -0.0729772 1.20685 -0.0588474 0.465786 204 4
298.874 -4.64243 0.0163408 19.3912 -0.0767934 1.2557 -0.0477023 0.460891 205 5
300.425 -4.62661 0.0101973 19.4754 -0.0795311 1.05181 -0.0342207 0.419372 206 2
301.983 -4.62064 0.00383482 19.5417 -0.0816915 0.829124 -0.0270051 0.465076 207 3
303.546 -4.62486 -0.00270049 19.6257 -0.0834464 1.04976 -0.0219373 0.403153 208 5
305.116 -4.63958 -0.00937621 19.7161 -0.085425 1.12996 -0.0247322 0.439016 209 5
306.693 -4.66515 -0.0162102 19.4287 -0.0850436 -3.59228 0.00476791 0.438524 210 0
308.247 -4.70091 -0.0230137 19.1465 -0.0849147 -3.52757 0.00161082 0.463969 211 0
309.778 -4.74656 -0.0298069 18.8447 -0.0854238 -3.77197 -0.00636335 0.48917 212 0
311.285 -4.80179 -0.0366408 18.5247 -0.0887991 -4 -0.0421912 0.443586 213 0
312.766 -4.8666 -0.0437447 18.2047 -0.0901337 -4 -0.0166823 0.509232 214 6
314.22 -4.94078 -0.0509554 18.5247 -0.0886805 4 0.0181643 0.503268 215 5
315.699 -5.02676 -0.0580498 18.8447 -0.0880507 4 0.00787294 0.499557 216 5
317.204 -5.12482 -0.0650939 19.1282 -0.0859636 3.5429 0.026089 0.45991 217 6
318.73 -5.23486 -0.071971 19.3351 -0.0842885 2.58689 0.0209389 0.440394 218 9
320.272 -5.35649 -0.0787141 19.454 -0.0805931 1.48587 0.0461915 0.453364 219 6
321.823 -5.48887 -0.0851615 19.4651 -0.0767545 0.139165 0.0479836 0.456429 220 7
323.374 -5.63085 -0.0913019 19.4853 -0.0725475 0.252628 0.0525873 0.448316 221 8
324.925 -5.78198 -0.0971057 19.5773 -0.0652428 1.15006 0.0913082 0.459065 222 0
326.483 -5.94196 -0.102325 19.8885 -0.0568751 3.88947 0.104597 0.452121 223 8
328.065 -6.11168 -0.106875 19.5685 -0.0478428 -4 0.112904 0.500669 224 0
329.621 -6.28463 -0.110703 19.2485 -0.0412945 -4 0.0818532 0.725382 225 0
331.151 -6.45981 -0.114006 18.978 -0.0351728 -3.38068 0.076522 0.532762 226 7
332.659 -6.63676 -0.11682 18.8792 -0.0302035 -1.23544 0.0621155 0.419565 227 10
334.158 -6.81642 -0.119236 18.8322 -0.02411 -0.587034 0.0761688 0.434182 228 10
335.654 -6.99852 -0.121165 18.7894 -0.01703 -0.535607 0.0884997 0.436906 229 10
337.146 -7.18224 -0.122527 18.759 -0.00569004 -0.379181 0.14175 0.459193 230 5
338.635 -7.36634 -0.122983 18.6874 0.00488367 -0.8955 0.132171 0.4688 231 4
340.119 -7.54915 -0.122592 18.5113 0.0140939 -2.20108 0.115128 0.471516 232 1
341.589 -7.72859 -0.121464 18.2166 0.0209736 -3.68452 0.0859957 0.594852 233 7
343.036 -7.90274 -0.119786 17.8966 0.0274383 -4 0.0808085 0.609423 234 0
344.458 -8.07071 -0.117591 17.5766 0.0307708 -4 0.0416569 0.764267 235 0
345.854 -8.23224 -0.11513 17.2566 0.0391151 -4 0.104303 0.710642 236 5
347.226 -8.38654 -0.112001 16.9403 0.0433524 -3.95374 0.0529662 0.630245 237 4
348.574 -8.53333 -0.108532 16.6495 0.0468303 -3.634 0.0434739 0.683926 238 0
349.898 -8.67265 -0.104786 16.4269 0.0507892 -2.78327 0.0494868 0.605338 239 0
351.206 -8.80479 -0.100723 16.2685 0.0551982 -1.97933 0.0551119 0.661587 240 0
352.501 -8.92994 -0.096307 16.1505 0.0596903 -1.47548 0.0561517 0.64794 241 0
353.788 -9.04804 -0.0915317 16.0816 0.0640889 -0.861216 0.0549829 0.506871 242 0
355.07 -9.15906 -0.0864046 16.0417 0.0679267 -0.498986 0.0479719 0.654299 243 0
356.349 -9.26286 -0.0809705 16.0266 0.0708666 -0.188065 0.0367489 0.636725 244 0
357.627 -9.35931 -0.0753012 16.014 0.0727923 -0.157952 0.0240717 0.662143 245 0
358.905 -9.44825 -0.0694778 16.0012 0.0736033 -0.160027 0.010137 0.664342 246 0
360.183 -9.5296 -0.0635895 15.9725 0.0736303 -0.358593 0.000338349 0.622547 247 0
361.458 -9.60328 -0.0576991 15.9491 0.0728683 -0.292492 -0.00952603 0.613761 248 0
362.733 -9.66944 -0.0518696 16.0214 0.0750834 0.903451 0.0276898 0.697191 249 6
364.013 -9.7282 -0.045863 15.9744 0.078112 -0.587595 0.037857 0.593739 250 10
365.29 -9.77881 -0.039614 16.1099 0.0771915 1.69359 -0.0115062 0.448987 251 6
366.578 -9.8219 -0.0334387 16.1213 0.0819576 0.142646 0.0595761 0.561858 252 5
367.867 -9.85656 -0.0268821 16.076 0.075304 -0.565505 -0.0831699 0.780043 253 0
369.153 -9.88338 -0.0208577 16.1317 0.0745774 0.695872 -0.00908207 0.511593 254 9
370.443 -9.9026 -0.0148916 16.259 0.0749564 1.59125 0.00473708 0.50321 255 10
371.744 -9.91417 -0.00889504 16.383 0.0729007 1.54963 -0.0256963 0.427307 256 8
373.055 -9.91819 -0.00306299 16.5 0.0708572 1.46229 -0.0255439 0.491449 257 8
374.375 -9.91475 0.00260559 16.6102 0.068816 1.37777 -0.0255141 0.336969 258 8
375.703 -9.90397 0.00811087 16.714 0.0667707 1.2979 -0.0255668 0.385377 259 8
377.04 -9.88598 0.0134525 16.8123 0.0647176 1.22857 -0.0256644 0.256758 260 8
378.385 -9.86093 0.0186299 16.9059 0.0626548 1.17011 -0.0257841 0.256979 261 8
379.737 -9.82895 0.0236423 16.9727 0.0570751 0.83468 -0.0697467 0.324993 262 1
381.095 -9.79066 0.0282083 17.0369 0.0517593 0.803256 -0.0664473 0.329043 263 1
382.457 -9.74658 0.0323491 17.119 0.0477801 1.02546 -0.0497398 0.303637 264 6
383.825 -9.69705 0.0361715 17.1788 0.0428804 0.747275 -0.061247 0.329251 265 1
385.199 -9.64264 0.0396019 17.2181 0.0381909 0.49181 -0.0586175 0.29336 266 0
386.575 -9.5839 0.0426572 17.2564 0.0337403 0.478125 -0.0556326 0.317019 267 0
387.954 -9.5213 0.0453564 16.9364 0.0650523 -4 0.391399 0.65184 268 9
389.307 -9.45283 0.0505606 17.023 0.0609446 1.0828 -0.0513467 0.411916 269 8
390.667 -9.37737 0.0554362 17.1069 0.0570039 1.04859 -0.0492578 0.396224 270 8
392.033 -9.29531 0.0599965 17.1869 0.0523002 1.00076 -0.0587961 0.489166 271 7
393.405 -9.20713 0.0641805 17.2645 0.0478104 0.9691 -0.0561224 0.449593 272 7
394.783 -9.11327 0.0680053 17.3396 0.0435295 0.939012 -0.0535117 0.52855 273 7
396.167 -9.01419 0.0714877 17.4202 0.0422081 1.0072 -0.0165177 0.687761 274 10
397.556 -8.90996 0.0748643 17.498 0.0409163 0.972629 -0.0161469 0.749038 275 10
398.952 -8.80069 0.0781376 17.5733 0.0396607 0.942183 -0.015695 0.774672 276 10
400.353 -8.6865 0.0813105 17.4402 0.0271881 -1.66454 -0.155908 0.774534 277 0
