-8.88 2 0 13.856 -0.00869132 -1.79986 -0.108641 0.580758 1 0
-7.77152 1.99923 -0.000695306 13.7108 -0.018298 -1.81515 -0.120083 0.274384 2 0
-6.67466 1.99686 -0.00215914 13.5921 -0.0231479 -1.48366 -0.0606247 0.300261 3 0
-5.5873 1.9925 -0.00401098 13.6019 -0.0267027 0.122547 -0.0444348 0.191086 4 0
-4.49917 1.98581 -0.0061472 13.6019 -0.0336123 -0.000166893 -0.0863696 0.124534 5 0
-3.41106 1.9762 -0.00883618 13.6101 -0.0406845 0.102496 -0.0884024 0.145943 6 0
-2.32233 1.96303 -0.0120909 13.6128 -0.0473591 0.0339985 -0.0834326 0.175186 7 0
-1.23344 1.94574 -0.0158797 13.6138 -0.0531275 0.0116825 -0.0721049 0.207613 8 0
-0.144561 1.92382 -0.0201299 13.6111 -0.0589527 -0.0329018 -0.072815 0.207288 9 0
0.943993 1.89676 -0.0248461 13.6174 -0.064063 0.0789404 -0.063879 0.247676 10 0
2.0329 1.86412 -0.0299711 13.629 -0.0684747 0.144792 -0.0551457 0.249994 11 0
3.12253 1.82548 -0.0354491 13.646 -0.0722945 0.211847 -0.0477484 0.246774 12 0
4.21328 1.78048 -0.0412327 13.6639 -0.0753399 0.224149 -0.0380669 0.276164 13 0
5.30518 1.72884 -0.0472598 13.687 -0.0778076 0.288391 -0.0308461 0.283401 14 0
6.39857 1.6703 -0.0534845 13.7118 -0.0796837 0.310063 -0.0234519 0.283521 15 0
7.49354 1.60468 -0.0598591 13.7365 -0.0811333 0.3088 -0.0181193 0.289935 16 0
8.59004 1.53182 -0.0663498 13.7628 -0.0820292 0.329471 -0.0111999 0.29648 17 0
9.68815 1.45161 -0.0729121 13.7891 -0.0823829 0.327778 -0.00442024 0.297619 18 0
10.7878 1.364 -0.0795028 13.8167 -0.0822629 0.345564 0.00149952 0.308988 19 0
11.889 1.26897 -0.0860838 13.8448 -0.0817067 0.350714 0.00695204 0.315471 20 0
12.9919 1.16653 -0.0926204 13.8745 -0.0807807 0.37123 0.0115758 0.318274 21 0
14.0964 1.05673 -0.0990828 13.9035 -0.0794779 0.363123 0.0162842 0.31977 22 0
15.2025 0.939669 -0.105441 13.9319 -0.0777983 0.355136 0.0209959 0.317915 23 0
16.3101 0.815471 -0.111665 13.961 -0.0758539 0.363052 0.0243047 0.318271 24 0
17.4192 0.684281 -0.117733 13.9913 -0.0736674 0.379801 0.0273308 0.31475 25 0
18.53 0.546257 -0.123627 14.0203 -0.0712287 0.361824 0.0304839 0.310044 26 0
19.6423 0.401607 -0.129325 14.0512 -0.0684336 0.386405 0.0349393 0.303388 27 0
20.7562 0.250538 -0.1348 14.0805 -0.0652877 0.365722 0.0393232 0.308041 28 0
21.8716 0.093326 -0.140023 14.1061 -0.0618447 0.31997 0.0430373 0.302901 29 0
22.9882 -0.0696982 -0.14497 14.1297 -0.0581676 0.295162 0.0459638 0.318165 30 0
24.106 -0.238198 -0.149624 14.1563 -0.0543148 0.332868 0.0481604 0.310465 31 0
25.2251 -0.411881 -0.153969 14.1796 -0.0504347 0.291646 0.0485008 0.299849 32 0
26.3453 -0.59037 -0.158004 14.2026 -0.0465456 0.287128 0.0486143 0.298757 33 0
27.4667 -0.773326 -0.161727 14.2249 -0.0426575 0.2792 0.0486008 0.302668 34 0
28.5892 -0.960402 -0.16514 14.2445 -0.0389601 0.245082 0.0462174 0.312688 35 0
29.7127 -1.15124 -0.168257 14.2636 -0.0353067 0.237775 0.0456673 0.306106 36 0
30.8371 -1.3455 -0.171081 14.2849 -0.0316769 0.266242 0.0453736 0.291748 37 0
31.9627 -1.54292 -0.173615 14.3003 -0.0281407 0.192666 0.0442021 0.38934 38 0
33.0891 -1.74308 -0.175867 14.3155 -0.0243919 0.190532 0.0468595 0.294027 39 0
34.2163 -1.94565 -0.177818 14.3294 -0.020693 0.173712 0.0462364 0.289488 40 0
35.3442 -2.15029 -0.179473 14.3429 -0.0170456 0.168765 0.0455931 0.288403 41 0
36.4729 -2.35665 -0.180837 14.3565 -0.0134235 0.169694 0.045276 0.295973 42 0
37.6025 -2.56443 -0.181911 14.3476 -0.0100209 -0.1109 0.042533 0.294175 43 0
38.7312 -2.77299 -0.182713 14.3616 -0.00642304 0.174713 0.0449727 0.290737 44 0
39.8609 -2.98233 -0.183226 14.3706 -0.00289471 0.111997 0.0441042 0.287425 45 0
40.9913 -3.19206 -0.183458 14.3828 0.000568141 0.152576 0.0432856 0.285656 46 0
42.1226 -3.40191 -0.183413 14.3947 0.00392148 0.149059 0.0419168 0.286029 47 0
43.2549 -3.61159 -0.183099 14.4062 0.00716529 0.144434 0.0405475 0.280966 48 0
44.3883 -3.82078 -0.182526 14.4173 0.0103021 0.138259 0.0392106 0.279872 49 0
45.5227 -4.0292 -0.181701 14.427 0.0134829 0.121689 0.0397597 0.27863 50 0
46.658 -4.23654 -0.180623 14.4375 0.0164605 0.130773 0.0372194 0.270756 51 0
47.7945 -4.44253 -0.179306 14.4551 0.0190452 0.219989 0.0323094 0.276208 52 0
48.9327 -4.64704 -0.177782 14.4777 0.0213298 0.282884 0.0285578 0.273964 53 0
50.073 -4.84992 -0.176076 14.4994 0.0237428 0.270534 0.0301624 0.271434 54 0
51.2154 -5.05094 -0.174177 14.5165 0.0262174 0.214612 0.0309322 0.26964 55 0
52.3596 -5.24979 -0.172079 14.5337 0.028738 0.213969 0.0315069 0.282064 56 0
53.5056 -5.44625 -0.16978 14.5452 0.0312945 0.144422 0.0319572 0.281949 57 0
54.6529 -5.63999 -0.167277 14.5558 0.03387 0.132179 0.0321939 0.278908 58 0
55.8017 -5.83075 -0.164567 14.5669 0.0362839 0.138414 0.0301738 0.282217 59 0
56.9518 -6.01833 -0.161664 14.5758 0.0386531 0.112009 0.0296145 0.282324 60 0
58.1033 -6.20246 -0.158572 14.5869 0.0408012 0.13814 0.0268518 0.282531 61 0
59.2562 -6.38297 -0.155308 14.5975 0.0427599 0.13243 0.0244835 0.283262 62 0
60.4105 -6.55966 -0.151887 14.6081 0.0446234 0.133073 0.023293 0.28648 63 0
61.5663 -6.73236 -0.148317 14.6181 0.0462824 0.124478 0.0207376 0.281382 64 0
62.7236 -6.90089 -0.144615 14.628 0.0478303 0.12424 0.0193494 0.285186 65 0
63.8822 -7.0651 -0.140788 14.6367 0.049171 0.108719 0.016758 0.282402 66 0
65.0422 -7.22485 -0.136854 14.6445 0.0503414 0.0972867 0.0146301 0.283998 67 0
66.2035 -7.38001 -0.132827 14.6521 0.0513817 0.0951409 0.0130043 0.289705 68 0
67.3659 -7.53047 -0.128717 14.6575 0.0522373 0.0668287 0.0106944 0.279769 69 0
68.5295 -7.67612 -0.124538 14.6617 0.0529149 0.0535727 0.00847005 0.280624 70 0
69.6939 -7.81689 -0.120304 14.6667 0.0534273 0.0623703 0.00640531 0.284829 71 0
70.8594 -7.95273 -0.11603 14.6708 0.0538279 0.0508189 0.00500781 0.280678 72 0
72.0257 -8.08358 -0.111724 14.6758 0.0540504 0.0629902 0.00278056 0.282945 73 0
73.193 -8.20944 -0.1074 14.6797 0.0541765 0.0486016 0.00157622 0.278535 74 0
74.3612 -8.33026 -0.103066 14.6844 0.0541071 0.0587821 -0.000867248 0.277184 75 0
75.5302 -8.44607 -0.0987374 14.6892 0.0539128 0.0600815 -0.00242894 0.280022 76 0
76.7001 -8.55686 -0.0944243 14.6943 0.0535948 0.0635982 -0.0039747 0.27851 77 0
77.8709 -8.66268 -0.0901367 14.6992 0.0531472 0.0604868 -0.00559459 0.280064 78 0
79.0425 -8.76355 -0.085885 14.6999 0.0525437 0.00908375 -0.00754432 0.279479 79 0
80.2145 -8.8595 -0.0816815 14.7068 0.0519859 0.0867486 -0.00697239 0.289667 80 0
81.3876 -8.95062 -0.0775226 14.7129 0.0510811 0.0758171 -0.0113094 0.27564 81 0
82.5614 -9.03698 -0.0734361 14.7201 0.0499252 0.0898719 -0.0144498 0.271692 82 0
83.7362 -9.11869 -0.0694421 14.7272 0.0487331 0.0892282 -0.0149009 0.272615 83 0
84.9118 -9.19585 -0.0655435 14.735 0.0474185 0.0974655 -0.0164317 0.271068 84 0
86.0884 -9.2686 -0.06175 14.7426 0.0461062 0.094986 -0.0164041 0.270344 85 0
87.2658 -9.33704 -0.0580615 14.749 0.0449432 0.0795841 -0.014538 0.272724 86 0
88.444 -9.40127 -0.054466 14.7549 0.0438112 0.0741601 -0.0141497 0.2729 87 0
89.6228 -9.4614 -0.0509611 14.7616 0.0426074 0.0830531 -0.0150478 0.275505 88 0
90.8024 -9.51753 -0.0475525 14.7681 0.0412636 0.0816464 -0.016797 0.239828 89 0
91.9827 -9.5698 -0.0442514 14.7749 0.0399259 0.0851631 -0.0167211 0.104972 90 0
93.1637 -9.61831 -0.0410574 14.7815 0.0386105 0.0825644 -0.0164434 0.071848 91 0
94.3454 -9.6632 -0.0379685 14.7877 0.037238 0.0767827 -0.0171557 0.206639 92 0
95.5277 -9.70459 -0.0349895 14.7933 0.0359005 0.0709176 -0.0167191 0.240296 93 0
96.7105 -9.74259 -0.0321174 14.7995 0.0346969 0.07658 -0.0150445 0.251569 94 0
97.894 -9.77732 -0.0293417 14.8049 0.0333679 0.0679731 -0.0166131 0.246681 95 0
99.0779 -9.80891 -0.0266723 14.8103 0.0319851 0.0676155 -0.0172849 0.240107 96 0
100.262 -9.83748 -0.0241135 14.8157 0.0305872 0.0670671 -0.017473 0.23869 97 0
101.447 -9.86316 -0.0216665 14.821 0.0291592 0.0663757 -0.0178501 0.239298 98 0
102.633 -9.88608 -0.0193337 14.8263 0.0277294 0.0671625 -0.0178725 0.242389 99 0
103.819 -9.90638 -0.0171154 14.8315 0.0262406 0.0640512 -0.0186102 0.242054 100 0
105.005 -9.92419 -0.0150161 14.8365 0.0247629 0.0627518 -0.0184717 0.104353 101 0
106.192 -9.93966 -0.0130351 14.8416 0.0234122 0.0635624 -0.0168839 0.072676 102 0
107.379 -9.95292 -0.0111621 14.8467 0.0221321 0.0636101 -0.0160001 0.07321 103 0
108.567 -9.96407 -0.00939156 14.8513 0.0209412 0.0581384 -0.0148871 0.072278 104 0
109.755 -9.97324 -0.00771627 14.856 0.0197801 0.0579357 -0.0145132 0.072439 105 0
110.943 -9.98053 -0.00613386 14.8604 0.0186255 0.0556946 -0.0144334 0.072847 106 0
112.132 -9.98605 -0.00464382 14.8646 0.0175285 0.0519753 -0.0137113 0.073384 107 0
113.321 -9.9899 -0.00324154 14.8684 0.0165201 0.0477076 -0.0126052 0.074748 108 0
114.511 -9.99219 -0.00191993 14.8721 0.0155597 0.0462532 -0.0120052 0.073028 109 0
115.701 -9.99299 -0.000675151 14.8834 0.0144311 0.141585 -0.0141071 0.072948 110 0
116.891 -9.99242 0.000479341 14.8867 0.013569 0.0416875 -0.0107767 0.072766 111 0
118.082 -9.99056 0.00156486 14.89 0.0127485 0.0409126 -0.0102564 0.072903 112 0
119.273 -9.98748 0.00258474 14.8933 0.0119428 0.0413418 -0.0100707 0.073854 113 0
120.465 -9.98326 0.00354017 14.8964 0.0111826 0.0386953 -0.00950255 0.073432 114 0
121.657 -9.97798 0.00443478 14.9075 0.00816799 0.138855 -0.0376831 0.374102 115 0
122.849 -9.97191 0.00508822 14.9203 0.00545538 0.160134 -0.0339077 0.387442 116 0
124.043 -9.96531 0.00552465 14.9334 0.00304617 0.163472 -0.0301151 0.395303 117 0
125.237 -9.95842 0.00576834 14.9511 0.000911589 0.22068 -0.0266823 0.405063 118 0
126.434 -9.95144 0.00584127 14.9706 -0.000948996 0.244081 -0.0232573 0.407981 119 0
127.631 -9.94453 0.00576535 14.9899 -0.00255854 0.240695 -0.0201193 0.408581 120 0
128.83 -9.93786 0.00556067 15.0095 -0.00392986 0.24507 -0.0171414 0.413033 121 0
130.031 -9.93156 0.00524628 15.0309 -0.00507647 0.267911 -0.0143326 0.321056 122 0
131.234 -9.92574 0.00484016 15.0548 -0.00601416 0.298417 -0.0117212 0.327567 123 0
132.438 -9.92049 0.00435903 15.0809 -0.00675801 0.326395 -0.00929803 0.328992 124 0
133.644 -9.91589 0.00381839 15.1047 -0.00731579 0.298357 -0.00697235 0.372609 125 0
134.853 -9.91198 0.00323313 15.1291 -0.00770134 0.3039 -0.00481935 0.391244 126 0
136.063 -9.90881 0.00261702 15.1542 -0.00795154 0.314081 -0.0031275 0.407486 127 0
137.275 -9.90641 0.00198089 15.182 -0.00804785 0.347936 -0.00120382 0.411217 128 0
138.49 -9.90479 0.00133707 15.2018 -0.00801396 0.247216 0.000423647 0.425905 129 0
139.706 -9.90394 0.000695951 15.2578 -0.00795063 0.699973 0.000791589 0.454502 130 0
140.927 -9.90387 5.99003e-05 15.2841 -0.00764857 0.32928 0.00377573 0.354908 131 0
142.149 -9.90454 -0.000551985 15.2729 -0.00712545 -0.140643 0.00653904 0.431983 132 0
143.371 -9.90591 -0.00112202 15.2608 -0.00649356 -0.150752 0.00789861 0.392581 133 0
144.592 -9.90792 -0.00164151 15.2329 -0.00577839 -0.348639 0.00893966 0.375768 134 0
145.811 -9.91048 -0.00210378 15.2207 -0.00510714 -0.15285 0.00839061 0.382595 135 0
147.028 -9.91354 -0.00251235 15.2234 -0.00442085 0.0342369 0.00857856 0.426855 136 0
148.246 -9.91703 -0.00286602 15.2247 -0.00375238 0.0162005 0.00835588 0.390695 137 0
149.464 -9.92089 -0.00316621 15.2794 -0.00313749 0.683177 0.00768614 1.93642 138 0
150.687 -9.92506 -0.00341721 15.3115 -0.00249842 0.401473 0.00798841 1.98128 139 0
151.912 -9.92949 -0.00361708 15.3476 -0.00186375 0.451338 0.00793332 1.95414 140 0
153.139 -9.93412 -0.00376618 15.3863 -0.0012447 0.483668 0.00773811 2.15344 141 0
154.37 -9.93888 -0.00386576 15.4253 -0.000643504 0.487125 0.00751499 2.13178 142 0
155.604 -9.94371 -0.00391724 15.4652 -6.61806e-05 0.49901 0.00721655 1.68116 143 0
156.841 -9.94856 -0.00392253 15.5409 0.000504513 0.946772 0.00713367 1.30249 144 0
158.085 -9.95339 -0.00388217 15.59 0.00102004 0.613284 0.00644407 1.27035 145 0
159.332 -9.95813 -0.00380057 15.6439 0.00148281 0.673604 0.00578466 1.8408 146 0
160.583 -9.96274 -0.00368194 15.691 0.00190536 0.58856 0.00528182 2.06331 147 0
161.839 -9.96717 -0.00352951 15.72 0.00233262 0.362611 0.00534079 1.05576 148 0
163.096 -9.97137 -0.0033429 15.7502 0.00268306 0.377572 0.00438044 1.24225 149 0
164.356 -9.97531 -0.00312826 15.867 0.00299351 1.4599 0.00388069 1.17802 150 0
165.626 -9.97898 -0.00288878 15.9706 0.00321616 1.29576 0.00278309 1.14962 151 0
166.903 -9.98234 -0.00263148 16.0009 0.0033036 0.378525 0.00109306 1.30356 152 0
168.183 -9.98537 -0.0023672 16.0367 0.00331685 0.446749 0.000165531 1.42814 153 0
169.466 -9.98807 -0.00210185 16.1445 0.00330975 1.34811 -8.86532e-05 1.34536 154 0
170.758 -9.99044 -0.00183707 16.2788 0.00323403 1.67854 -0.00094655 1.72843 155 0
172.06 -9.9925 -0.00157835 16.3672 0.00309824 1.10481 -0.00169742 1.04077 156 0
173.37 -9.99424 -0.00133049 16.0472 0.00283821 -4 -0.00325034 1.01652 157 0
174.653 -9.99566 -0.00110343 15.9375 0.00740774 -1.37113 0.0571191 0.433078 158 0
175.928 -9.99631 -0.000510812 15.8119 0.00871213 -1.57032 0.0163049 0.310438 159 0
177.193 -9.99607 0.000186158 15.7081 0.0147855 -1.29656 0.0759166 0.349268 160 0
178.45 -9.99435 0.00136899 15.6533 0.0184151 -0.685215 0.0453703 0.072674 161 0
179.702 -9.99079 0.0028422 15.5734 0.022436 -0.998747 0.0502622 0.111763 162 0
180.948 -9.98502 0.00463708 15.4893 0.0264639 -1.05157 0.050348 0.07205 163 0
182.187 -9.97665 0.0067542 15.419 0.0295261 -0.879025 0.0382781 0.07192 164 0
183.421 -9.9654 0.00911629 15.3883 0.0296412 -0.383151 0.00143829 0.07202 165 0
184.652 -9.95126 0.0114876 15.3307 0.0291874 -0.720203 -0.00567306 0.072961 166 0
185.878 -9.93431 0.0138226 15.2947 0.0296878 -0.450349 0.006256 0.073396 167 0
187.101 -9.91449 0.0161976 15.2668 0.0289602 -0.348222 -0.0090953 0.073019 168 0
188.322 -9.89188 0.0185144 15.2387 0.0279714 -0.351346 -0.0123607 0.072275 169 0
189.541 -9.86658 0.0207521 15.2077 0.0267454 -0.38799 -0.0153245 0.072728 170 0
190.758 -9.83873 0.0228918 15.1738 0.0256748 -0.423431 -0.0133827 0.072056 171 0
191.971 -9.80845 0.0249457 15.1433 0.0246053 -0.381565 -0.0133679 0.073313 172 0
193.182 -9.77585 0.0269142 15.114 0.0235394 -0.365496 -0.0133238 0.072853 173 0
194.391 -9.74104 0.0287973 15.0355 0.0236702 -0.981891 0.00163391 0.072632 174 0
195.593 -9.70413 0.0306909 15.0027 0.022924 -0.41039 -0.00932643 0.073057 175 0
196.793 -9.6651 0.0325249 14.951 0.0225968 -0.645328 -0.00409 0.074028 176 0
197.988 -9.62404 0.0343326 14.631 0.0501433 -4 0.344331 1.02767 177 0
199.158 -9.57917 0.0383441 14.5965 0.0488409 -0.431967 -0.0162801 0.129436 178 0
200.324 -9.52985 0.0422513 14.4815 0.0498418 -1.4371 0.0125116 0.07229 179 0
201.482 -9.4763 0.0462387 14.4239 0.0486147 -0.720155 -0.0153384 0.072492 180 0
202.634 -9.41848 0.0501279 14.34 0.0488014 -1.04918 0.00233371 0.071566 181 0
203.78 -9.35652 0.054032 14.2774 0.0480367 -0.782514 -0.00955863 0.072759 182 0
204.92 -9.29046 0.0578749 14.2339 0.0465684 -0.543153 -0.0183547 0.072658 183 0
206.056 -9.22036 0.0616004 14.1901 0.0455853 -0.547731 -0.0122877 0.072415 184 0
207.189 -9.14634 0.0652472 14.1315 0.0441796 -0.732112 -0.0175714 0.072309 185 0
208.317 -9.06864 0.0687816 14.08 0.0439417 -0.644493 -0.00297464 0.0719 186 0
209.44 -8.98728 0.0722969 14.0329 0.0438854 -0.588417 -0.00070394 0.072392 187 0
210.56 -8.90226 0.0758078 13.9913 0.0425563 -0.520325 -0.016613 0.071883 188 0
211.676 -8.81369 0.0792123 13.929 0.0415619 -0.777984 -0.0124303 0.072138 189 0
212.786 -8.72182 0.0825372 13.9257 0.0378101 -0.0411272 -0.0468978 0.072066 190 0
213.896 -8.62661 0.085562 13.9277 0.033828 0.0252247 -0.0497753 0.072923 191 0
215.006 -8.52839 0.0882683 13.8758 0.0328287 -0.648963 -0.0124921 0.071873 192 0
216.112 -8.42763 0.0908946 13.8341 0.031843 -0.5211 -0.0123214 0.072969 193 0
217.213 -8.32437 0.093442 13.785 0.0306686 -0.614584 -0.0146799 0.071549 194 0
218.311 -8.21877 0.0958955 13.7365 0.0292561 -0.606012 -0.0176553 0.072603 195 0
219.405 -8.11099 0.098236 13.72 0.0289147 -0.206792 -0.00426774 0.073154 196 0
220.497 -8.00082 0.100549 13.6681 0.0260785 -0.648761 -0.0354532 0.072088 197 0
221.585 -7.88879 0.102635 13.6279 0.0251649 -0.501585 -0.0114199 0.072919 198 0
222.669 -7.77491 0.104649 13.5895 0.0242697 -0.480652 -0.0111897 0.072554 199 0
223.75 -7.65924 0.10659 13.5591 0.0235202 -0.379872 -0.00936862 0.072784 200 0
224.828 -7.54181 0.108472 13.5369 0.0227532 -0.27709 -0.00958783 0.072599 201 0
225.905 -7.42261 0.110292 13.5236 0.0220855 -0.16619 -0.00834658 0.071798 202 0
226.98 -7.30163 0.112059 13.5301 0.0213945 0.0805855 -0.00863753 0.072406 203 0
228.055 -7.17875 0.11377 13.5236 0.0209131 -0.0810981 -0.00601711 0.073039 204 0
229.13 -7.05413 0.115443 13.5127 0.021483 -0.135446 0.00712427 0.073382 205 0
230.203 -6.92777 0.117162 13.5113 0.0224008 -0.0180721 0.0114717 0.071774 206 0
231.277 -6.79949 0.118954 13.5161 0.0232455 0.0597 0.010559 0.073165 207 0
232.35 -6.66918 0.120814 13.5168 0.0239289 0.00948906 0.00854277 0.073283 208 0
233.423 -6.5368 0.122728 13.5342 0.0238018 0.217354 -0.00158923 0.072846 209 0
234.498 -6.4022 0.124632 13.5592 0.0232265 0.312841 -0.00719049 0.073815 210 0
235.574 -6.26536 0.12649 13.5837 0.0223591 0.30601 -0.0108433 0.071989 211 0
236.651 -6.12634 0.128279 13.6095 0.0218116 0.322092 -0.00684273 0.073103 212 0
237.731 -5.98517 0.130024 13.6381 0.0210639 0.357401 -0.00934673 0.072718 213 0
238.813 -5.84189 0.131709 13.6867 0.0197586 0.608242 -0.0163161 0.07341 214 0
239.898 -5.69637 0.13329 13.7406 0.0183502 0.672638 -0.0176052 0.073591 215 0
240.987 -5.54869 0.134758 13.7974 0.016668 0.709915 -0.0210279 0.072945 216 0
242.081 -5.39894 0.136091 13.8547 0.0140844 0.717103 -0.032295 0.072458 217 0
243.179 -5.24732 0.137218 13.9028 0.0124109 0.601578 -0.0209179 0.072741 218 0
244.28 -5.09409 0.138211 13.9754 0.00938519 0.907075 -0.0378219 0.072993 219 0
245.388 -4.93923 0.138962 14.0506 0.00665933 0.939631 -0.0340732 0.071933 220 0
246.501 -4.78294 0.139495 14.1126 0.00535573 0.77498 -0.0162949 0.319082 221 0
247.619 -4.62548 0.139923 14.1792 0.00295624 0.833094 -0.0299937 0.073084 222 0
248.742 -4.46701 0.140159 14.2364 0.000765385 0.71497 -0.0273857 0.072364 223 0
249.87 -4.30783 0.140221 14.2971 -0.00127141 0.758898 -0.0254599 0.072712 224 0
251.002 -4.14809 0.140119 14.302 -0.00409058 0.0611067 -0.0352396 0.07255 225 0
252.135 -3.98867 0.139792 14.2714 -0.00487794 -0.382268 -0.00984208 0.073799 226 0
253.266 -3.83003 0.139402 14.3029 -0.00471196 0.393069 0.00207487 0.073257 227 0
254.399 -3.67146 0.139025 14.2973 -0.0064362 -0.0705004 -0.0215531 0.13041 228 0
255.532 -3.51354 0.13851 14.1199 -0.00481093 -2.21646 0.0203159 0.205007 229 0
256.651 -3.35801 0.138125 14.1414 -0.0046952 0.268793 0.00144664 0.120338 230 0
257.771 -3.20267 0.137749 14.1456 -0.00433311 0.0515699 0.00452604 0.072093 231 0
258.892 -3.04767 0.137403 14.1524 -0.00462452 0.085783 -0.00364261 0.071579 232 0
260.014 -2.89301 0.137033 14.1613 -0.00566002 0.111067 -0.0129437 0.071809 233 0
261.136 -2.73875 0.13658 14.1686 -0.00703751 0.0906348 -0.0172186 0.072843 234 0
262.259 -2.58506 0.136017 14.1803 -0.00847402 0.146127 -0.0179564 0.073065 235 0
263.383 -2.43199 0.135339 14.1862 -0.00922933 0.0742197 -0.00944143 0.072951 236 0
264.508 -2.2797 0.1346 14.1758 -0.0109985 -0.130272 -0.0221142 0.072694 237 0
265.632 -2.1285 0.133721 14.2037 -0.0129153 0.348854 -0.0239601 0.071964 238 0
266.758 -1.97817 0.132687 14.1887 -0.0137533 -0.187194 -0.010475 0.072301 239 0
267.883 -1.82924 0.131587 14.166 -0.01477 -0.283253 -0.0127095 0.072236 240 0
269.007 -1.68187 0.130406 14.1439 -0.0155873 -0.276566 -0.0102158 0.073384 241 0
270.129 -1.53613 0.129159 14.1235 -0.0161381 -0.254774 -0.00688492 0.072643 242 0
271.25 -1.39205 0.127867 14.0847 -0.0165929 -0.485826 -0.0056851 0.07384 243 0
272.368 -1.24985 0.12654 14.0582 -0.0168725 -0.330937 -0.00349451 0.072274 244 0
273.483 -1.10942 0.12519 14.0839 -0.0179626 0.321472 -0.0136262 0.073116 245 0
274.601 -0.97034 0.123753 14.0865 -0.0185526 0.0328541 -0.00737598 0.07295 246 0
275.72 -0.832895 0.122269 14.097 -0.0256907 0.130522 -0.089226 0.140829 247 0
276.84 -0.697649 0.120214 14.0955 -0.0257374 -0.0186324 -0.000583008 0.105657 248 0
277.959 -0.564723 0.118155 14.1003 -0.0253096 0.0595808 0.0053464 0.072285 249 0
279.08 -0.43402 0.11613 14.0912 -0.0248424 -0.113666 0.00584074 0.072787 250 0
280.2 -0.305627 0.114143 14.0531 -0.02371 -0.475454 0.0141543 0.071874 251 0
281.317 -0.1797 0.112246 13.9705 -0.0223536 -1.03302 0.0169558 0.071714 252 0
282.428 -0.056499 0.110458 13.7258 -0.0196275 -3.05834 0.034076 0.242919 253 0
283.519 0.0628304 0.108887 13.759 -0.0133432 0.415039 0.078554 0.249225 254 0
284.614 0.18128 0.10782 13.7847 -0.0131258 0.321352 0.00271734 0.122584 255 0
285.71 0.2988 0.10677 13.8097 -0.0128703 0.311935 0.00319324 0.12242 256 0
286.809 0.415402 0.10574 13.8352 -0.0123287 0.319278 0.00677067 0.07267 257 0
287.91 0.531133 0.104754 13.8624 -0.0116336 0.339174 0.00868792 0.073178 258 0
289.013 0.646065 0.103823 13.8885 -0.0109391 0.326598 0.00868116 0.073681 259 0
290.118 0.760247 0.102948 13.9157 -0.0105775 0.340426 0.00452016 0.111488 260 0
291.225 0.873715 0.102102 13.9414 -0.0105188 0.320983 0.000734162 0.07279 261 0
292.335 0.986459 0.10126 13.9665 -0.0108182 0.313473 -0.00374255 0.072236 262 0
293.446 1.09844 0.100395 13.9912 -0.0111683 0.3093 -0.00437644 0.072274 263 0
294.56 1.20963 0.0995015 14.015 -0.0115907 0.297153 -0.00527935 0.072237 264 0
295.676 1.31997 0.0985742 14.0378 -0.0119726 0.28528 -0.0047745 0.072715 265 0
296.794 1.42943 0.0976164 14.0593 -0.0123666 0.268149 -0.00492488 0.073216 266 0
297.913 1.53794 0.0966271 14.0779 -0.0119653 0.232625 0.00501624 0.072349 267 0
299.034 1.64552 0.0956699 14.0985 -0.0119769 0.257409 -0.000144425 0.071908 268 0
300.157 1.75218 0.0947117 14.1156 -0.0111641 0.214231 0.0101594 0.116432 269 0
301.281 1.85797 0.0938186 14.104 -0.00753547 -0.144958 0.0453581 0.207537 270 0
302.405 1.963 0.0932157 13.9521 -0.00605723 -1.89831 0.018478 0.257176 271 0
303.516 2.06635 0.0927312 13.9365 -0.00542579 -0.19505 0.00789301 0.292071 272 0
304.626 2.16911 0.0922971 13.9432 -0.00503036 0.0827312 0.00494287 0.212694 273 0
305.737 2.27147 0.0918947 13.9577 -0.00466409 0.182152 0.00457837 0.203462 274 0
306.849 2.37352 0.0915215 13.9745 -0.00440556 0.210106 0.00323156 0.205932 275 0
307.962 2.47531 0.0911691 13.9948 -0.00419538 0.253594 0.00262728 0.134701 276 0
309.077 2.57686 0.0908335 14.0175 -0.00396906 0.283647 0.00282898 0.12131 277 0
310.194 2.67823 0.0905159 14.042 -0.00377648 0.305939 0.00240724 0.116353 278 0
311.313 2.77943 0.0902138 14.0656 -0.00362221 0.295174 0.00192838 0.115317 279 0
312.434 2.88048 0.089924 14.0901 -0.00345606 0.305808 0.00207692 0.072662 280 0
313.556 2.9814 0.0896476 14.1141 -0.00326686 0.29968 0.00236505 0.073074 281 0
314.681 3.08219 0.0893862 14.137 -0.00309171 0.286973 0.00218938 0.073676 282 0
315.807 3.18287 0.0891389 14.1587 -0.00309101 0.271535 8.68458e-06 0.104593 283 0
316.936 3.28343 0.0888916 14.1793 -0.00326838 0.257647 -0.00221707 0.071813 284 0
318.065 3.38383 0.0886301 14.1999 -0.00358255 0.256634 -0.0039272 0.073146 285 0
319.197 3.48406 0.0883435 14.2187 -0.00408629 0.234783 -0.00629671 0.072364 286 0
320.33 3.58405 0.0880166 14.2377 -0.00475359 0.238132 -0.00834121 0.074501 287 0
321.465 3.68374 0.0876363 14.2558 -0.00539328 0.225735 -0.00799623 0.072249 288 0
322.601 3.78307 0.0872049 14.273 -0.00605852 0.215673 -0.00831538 0.073284 289 0
323.738 3.88197 0.0867202 14.2897 -0.00689139 0.207901 -0.010411 0.073231 290 0
324.877 3.98035 0.0861689 14.3073 -0.00751631 0.22018 -0.00781143 0.072699 291 0
326.018 4.07817 0.0855676 14.3257 -0.00733123 0.230813 0.00231343 0.073151 292 0
327.16 4.17545 0.0849811 14.3443 -0.00698131 0.232625 0.00437402 0.073274 293 0
328.303 4.27221 0.0844226 14.3617 -0.00726085 0.216985 -0.00349426 0.073372 294 0
329.448 4.36842 0.0838417 14.3792 -0.00708195 0.218248 0.0022363 0.072689 295 0
330.594 4.46411 0.0832751 14.3966 -0.00722785 0.217438 -0.00182373 0.072744 296 0
331.742 4.55924 0.0826969 14.4135 -0.00773939 0.212193 -0.00639424 0.072261 297 0
332.891 4.65378 0.0820778 14.4299 -0.00838053 0.204659 -0.00801429 0.072716 298 0
334.042 4.74765 0.0814073 14.448 -0.00895808 0.226092 -0.00721933 0.073106 299 0
335.194 4.84082 0.0806907 14.4687 -0.00888835 0.259387 0.000871555 0.072947 300 0
336.348 4.93329 0.0799796 14.4876 -0.00906125 0.236022 -0.00216129 0.072788 301 0
337.503 5.02505 0.0792547 14.5077 -0.00942222 0.250793 -0.00451208 0.073249 302 0
338.66 5.11607 0.0785009 14.51 -0.0095119 0.0283122 -0.00112097 0.072428 303 0
339.818 5.20622 0.07774 14.5301 -0.00985145 0.251973 -0.00424444 0.073025 304 0
340.977 5.29558 0.0769519 14.5497 -0.0101709 0.24488 -0.00399278 0.074083 305 0
342.137 5.38412 0.0761382 14.5681 -0.0104853 0.230145 -0.00393084 0.072676 306 0
343.299 5.47179 0.0752994 14.5875 -0.0109206 0.242746 -0.0054409 0.073017 307 0
344.463 5.55857 0.0744257 14.6071 -0.0114163 0.243998 -0.00619581 0.072373 308 0
345.628 5.64439 0.0735124 14.6267 -0.0118743 0.245333 -0.00572572 0.07342 309 0
346.796 5.72923 0.0725625 14.6424 -0.0121498 0.196397 -0.0034434 0.072774 310 0
347.964 5.81302 0.0715905 14.6584 -0.0131065 0.200534 -0.0119585 0.073558 311 0
349.134 5.89567 0.070542 14.6671 -0.0133048 0.108039 -0.00247939 0.072448 312 0
350.304 5.97713 0.0694776 14.6799 -0.0140648 0.160646 -0.00949968 0.073541 313 0
351.476 6.05734 0.0683524 14.6937 -0.0149633 0.172663 -0.0112316 0.073057 314 0
352.649 6.13622 0.0671553 14.7076 -0.0157603 0.172675 -0.00996217 0.072302 315 0
353.823 6.2137 0.0658945 14.7206 -0.016448 0.16346 -0.0085958 0.072665 316 0
354.998 6.28969 0.0645787 14.7342 -0.0166232 0.169158 -0.00219001 0.07197 317 0
356.174 6.3642 0.0632488 14.7474 -0.0167991 0.165176 -0.00219925 0.073416 318 0
357.352 6.43719 0.0619049 14.7594 -0.0177802 0.150609 -0.0122634 0.072727 319 0
358.53 6.50856 0.0604824 14.7713 -0.0187546 0.148618 -0.0121798 0.074002 320 0
359.71 6.57822 0.0589821 14.7834 -0.0190283 0.151193 -0.00342107 0.073247 321 0
360.891 6.64614 0.0574598 14.7952 -0.0196432 0.146818 -0.00768716 0.072923 322 0
362.073 6.71225 0.0558884 14.8058 -0.0197418 0.132573 -0.00123144 0.072287 323 0
363.255 6.77655 0.054309 14.8173 -0.019744 0.143993 -2.80095e-05 0.072842 324 0
364.439 6.83902 0.0527295 14.8274 -0.0197766 0.126803 -0.000408129 0.072858 325 0
365.624 6.89967 0.0511474 14.8349 -0.0202587 0.0932574 -0.00602603 0.1458 326 0
366.809 6.95842 0.0495267 14.8428 -0.0203838 0.0982881 -0.00156364 0.071696 327 0
367.995 7.01527 0.047896 14.8495 -0.0201889 0.0845075 0.00243692 0.071972 328 0
369.182 7.07023 0.0462809 14.8564 -0.0200034 0.0859261 0.00231881 0.07196 329 0
370.369 7.12332 0.0446806 14.8638 -0.0200069 0.0932217 -4.48665e-05 0.072881 330 0
371.557 7.17453 0.04308 14.868 -0.0206628 0.0519514 -0.00819869 0.07263 331 0
372.746 7.22379 0.041427 14.8372 -0.0174811 -0.384569 0.0397722 0.209565 332 0
373.932 7.27129 0.0400285 14.802 -0.0173884 -0.440216 0.00115866 0.245525 333 0
375.115 7.31703 0.0386375 14.7865 -0.0174626 -0.194252 -0.000928389 0.204904 334 0
376.297 7.36107 0.0372404 14.583 -0.0147148 -2.5436 0.0343481 0.234167 335 0
377.463 7.40314 0.0360633 14.5794 -0.0150245 -0.0449538 -0.0038716 0.260818 336 0
378.628 7.44379 0.0348613 14.5732 -0.0152055 -0.0771165 -0.00226169 0.215022 337 0
379.794 7.48301 0.0336449 14.5907 -0.0152681 0.218534 -0.000783126 0.158773 338 0
380.96 7.52085 0.0324234 14.6033 -0.0155486 0.157273 -0.00350577 0.0716 339 0
382.128 7.55727 0.0311795 14.6147 -0.0163913 0.143182 -0.0105345 0.073742 340 0
383.297 7.59218 0.0298682 14.6253 -0.0166782 0.131905 -0.00358599 0.073087 341 0
384.466 7.62556 0.028534 14.5931 -0.0137993 -0.402629 0.035986 0.231328 342 0
385.633 7.65758 0.02743 14.5625 -0.0131757 -0.382805 0.00779557 0.234064 343 0
386.798 7.68831 0.026376 14.5529 -0.0127477 -0.119746 0.00534952 0.186289 344 0
387.962 7.71782 0.0253561 14.5488 -0.012573 -0.0511169 0.00218467 0.184976 345 0
389.125 7.74616 0.0243503 14.5458 -0.0124284 -0.0377178 0.00180632 0.196243 346 0
390.289 7.77334 0.023356 14.5085 -0.0114322 -0.466216 0.0124531 0.244066 347 0
391.449 7.79938 0.0224415 14.3083 -0.00743589 -2.50175 0.0499539 0.242864 348 0
392.593 7.82439 0.0218466 14.3288 -0.00741583 0.255752 0.000250776 0.169586 349 0
393.739 7.84875 0.0212533 14.3466 -0.00778339 0.22223 -0.00459456 0.159558 350 0
394.887 7.87243 0.0206306 14.3666 -0.0077381 0.250745 0.000566128 0.120973 351 0
396.036 7.89542 0.0200116 14.3861 -0.00761812 0.24364 0.00149971 0.113629 352 0
397.187 7.91775 0.0194021 14.4053 -0.00791342 0.239229 -0.00369125 0.16402 353 0
398.339 7.93938 0.0187691 14.4228 -0.008486 0.219607 -0.00715716 0.072743 354 0
399.492 7.96025 0.0180902 14.4392 -0.00914043 0.204051 -0.00818042 0.071754 355 0
400.647 7.9803 0.017359 14.4566 -0.00904969 0.218499 0.0011342 0.072609 356 0
