-8.88 2 0 14.1638 -0.0166843 2.0475 -0.208554 0.114482 1 5
-7.7469 1.99849 -0.00133474 14.3249 -0.0314961 2.01321 -0.185148 0.127924 2 5
-6.60092 1.99407 -0.00385443 14.4736 -0.0402602 1.85926 -0.109551 0.125321 3 5
-5.44306 1.98588 -0.00707525 14.5498 -0.046214 0.952351 -0.0744223 0.101234 4 2
-4.27914 1.97334 -0.0107724 14.625 -0.0514396 0.939977 -0.0653208 0.08231 5 2
-3.10927 1.95592 -0.0148875 14.6947 -0.0562506 0.871861 -0.0601368 0.081509 6 2
-1.93392 1.93313 -0.0193876 14.7457 -0.0615481 0.63715 -0.0662195 0.082693 7 3
-0.839435 2.27153 0.29986 14.1506 2.30504 -7.43942 29.5824 0.120325 8 0
0.289284 2.61443 0.294936 14.8735 -0.075751 9.0374 -29.7599 0.119683 9 2
1.29375 3.13652 0.479339 14.0557 1.30229 -10.2231 17.2256 0.120846 10 1
2.35284 3.67888 0.473279 15.1257 -0.110872 13.3753 -17.6646 0.088622 11 2
3.29496 4.29272 0.577463 13.8925 0.705083 -15.4158 10.1994 0.080579 12 0
4.31463 4.94427 0.568593 15.155 -0.170341 15.7822 -10.9428 0.110358 13 1
5.21593 5.59454 0.625 14.1343 0.237132 -12.7595 5.09342 0.123446 14 5
5.95295 6.43787 0.852569 14.1266 1.37304 -0.0957489 14.1988 0.122317 15 5
6.68075 7.30325 0.87154 14.2429 -0.110902 1.45352 -18.5492 0.101523 16 5
7.30896 8.24269 0.981383 14.169 0.494992 -0.923085 7.57367 0.120358 17 5
7.89826 9.15466 0.997107 13.6237 -0.188755 -6.81658 -8.54684 0.123247 18 5
8.47528 10.1303 1.03671 14.1298 -0.00680987 6.32651 2.27432 0.121322 19 4
9.04421 11.0599 1.02161 13.6113 -0.402233 -6.48186 -4.94279 0.12291 20 4
9.63479 12.0238 1.02106 14.0448 -0.23189 5.41914 2.12929 0.12266 21 7
10.2333 12.9335 0.988882 13.5685 -0.446692 -5.95351 -2.68503 0.161449 22 8
10.8681 13.8605 0.970331 13.9763 -0.351943 5.09754 1.18437 0.182828 23 7
11.5131 14.7336 0.934596 13.5261 -0.472593 -5.62851 -1.50813 0.12241 24 7
12.2024 15.6139 0.90644 13.9272 -0.408291 5.01423 0.803772 0.100778 25 7
12.9013 16.44 0.868633 13.5021 -0.474167 -5.3141 -0.823439 0.082268 26 7
13.6483 17.2667 0.83597 14.0329 -0.497674 6.63533 -0.293843 0.082496 27 5
14.4024 18.0401 0.798036 13.496 -0.460212 -6.71176 0.468279 0.080411 28 7
15.2175 18.812 0.758222 14.0092 -0.469867 6.41501 -0.120687 0.12284 29 6
16.1834 19.3478 0.50648 13.7929 -1.9067 -2.70262 -17.9604 0.12583 30 7
17.1831 19.8543 0.46889 14.0349 -0.387611 3.02469 18.9886 0.125367 31 7
18.2318 20.1976 0.316354 13.8134 -1.18691 -2.76917 -9.99124 0.126795 32 8
19.3092 20.5136 0.285345 14.201 -0.325681 4.84527 10.7654 0.125998 33 4
20.3943 20.7228 0.190393 13.8161 -0.787228 -4.81185 -5.76934 0.127232 34 0
21.5151 20.9086 0.164338 14.2143 -0.303791 4.9777 6.04296 0.12537 35 6
22.6147 21.0205 0.10136 13.8114 -0.566723 -5.0357 -3.28665 0.125924 36 2
23.7485 21.108 0.0770567 14.328 -0.270054 6.45775 3.70836 0.127329 37 4
24.8528 21.143 0.0317189 13.7946 -0.445229 -6.66771 -2.18969 0.128181 38 3
25.999 21.1546 0.0101146 14.4087 -0.255057 7.67636 2.37714 0.123691 39 7
27.1022 21.1265 -0.0255037 13.7716 -0.379149 -7.96412 -1.55114 0.126893 40 0
28.2537 21.0736 -0.0459083 14.5271 -0.238416 9.44392 1.75916 0.1249 41 7
29.3522 20.9897 -0.0762402 13.7536 -0.341616 -9.66842 -1.29 0.125851 42 0
30.5091 20.8791 -0.0953135 14.6396 -0.227251 11.0743 1.42956 0.124203 43 0
31.6012 20.7445 -0.122643 13.7541 -0.313721 -11.0689 -1.08088 0.124766 44 2
32.7607 20.5801 -0.140823 14.76 -0.214124 12.5742 1.24496 0.123421 45 0
33.8459 20.3984 -0.165921 13.7895 -0.288741 -12.1311 -0.932709 0.124914 46 1
35.007 20.1834 -0.18305 14.8846 -0.200792 13.6887 1.09936 0.127588 47 2
36.0868 19.9576 -0.20615 13.8875 -0.262272 -12.4638 -0.768491 0.117401 48 4
37.2483 19.6952 -0.222213 15.0158 -0.17851 14.1032 1.04703 0.082634 49 8
38.4161 19.4137 -0.236494 15.1358 -0.164487 1.50031 0.175283 0.081955 50 2
39.5895 19.1146 -0.249653 15.2617 -0.150888 1.57332 0.169992 0.116092 51 2
40.7688 18.7987 -0.261724 15.3857 -0.137668 1.55005 0.16525 0.083155 52 2
41.9542 18.4671 -0.272737 15.5041 -0.125167 1.48039 0.156257 0.08137 53 2
43.1453 18.121 -0.282751 15.6208 -0.112722 1.45917 0.155563 0.070656 54 0
44.3421 17.7616 -0.291768 15.7364 -0.100581 1.44504 0.15177 0.068209 55 0
45.5449 17.3898 -0.299815 15.8291 -0.0767198 1.15824 0.298259 0.067307 56 7
46.7524 17.0084 -0.305952 15.9958 -0.0692029 2.08383 0.093961 0.068111 57 5
47.9705 16.6162 -0.311489 16.0947 -0.0599197 1.23678 0.116041 0.070523 58 2
49.1942 16.2157 -0.316282 16.1968 -0.0510268 1.27604 0.111161 0.071357 59 2
50.424 15.8076 -0.320364 16.2956 -0.0428923 1.23479 0.101681 0.070285 60 3
51.6599 15.3929 -0.323796 16.3832 -0.0347814 1.09527 0.101387 0.069545 61 2
52.9013 14.9724 -0.326578 16.473 -0.0269657 1.12185 0.0976955 0.067142 62 2
54.1486 14.5469 -0.328736 16.5656 -0.0199223 1.15821 0.0880431 0.066742 63 3
55.4022 14.1171 -0.330329 16.659 -0.0142228 1.1672 0.0712432 0.067053 64 4
56.6623 13.6834 -0.331467 16.7382 -0.00747437 0.990224 0.0843557 0.067562 65 2
57.9282 13.2468 -0.332065 16.8283 -0.000967967 1.12581 0.0813301 0.066678 66 3
59.2009 12.8079 -0.332143 16.8918 0.00657377 0.794292 0.0942717 0.069077 67 6
60.4787 12.3679 -0.331617 16.9801 0.0127307 1.10314 0.0769617 0.067779 68 2
61.7635 11.927 -0.330598 17.0623 0.0183579 1.02792 0.0703397 0.06869 69 2
63.0552 11.4858 -0.32913 17.1305 0.0230598 0.851774 0.0587737 0.067276 70 1
64.3529 11.0452 -0.327285 17.2117 0.0277414 1.01528 0.0585207 0.069362 71 3
65.6577 10.6055 -0.325065 17.2942 0.0320368 1.0314 0.053692 0.068326 72 3
66.97 10.167 -0.322503 17.355 0.0355832 0.759316 0.0443305 0.068355 73 1
68.288 9.73067 -0.319656 17.4162 0.0386748 0.766039 0.0386448 0.067785 74 1
69.6121 9.29693 -0.316562 17.4878 0.0418271 0.89469 0.0394033 0.067595 75 2
70.943 8.86587 -0.313216 17.5514 0.0445703 0.794411 0.0342906 0.06909 76 2
72.2804 8.438 -0.30965 17.5889 0.0523878 0.469685 0.0977187 0.070223 77 8
73.6224 8.01484 -0.305459 17.654 0.0542294 0.813818 0.0230193 0.069176 78 2
74.9711 7.59595 -0.301121 17.6865 0.0558213 0.405264 0.0198996 0.06965 79 0
76.3242 7.18234 -0.296655 17.7193 0.0574146 0.410438 0.0199156 0.069975 80 0
77.6818 6.77419 -0.292062 17.7983 0.0590357 0.987363 0.0202644 0.070776 81 3
79.0472 6.37067 -0.287339 17.8742 0.0606812 0.949287 0.020569 0.070608 82 3
80.4205 5.97208 -0.282485 17.9167 0.0650178 0.531077 0.0542073 0.070298 83 7
81.7991 5.57971 -0.277283 17.9829 0.0661413 0.82767 0.0140433 0.070027 84 2
83.1848 5.19322 -0.271992 18.0496 0.0671877 0.832796 0.0130808 0.07055 85 2
84.5778 4.81278 -0.266617 18.1384 0.0681 1.11055 0.011403 0.070449 86 4
85.9797 4.4381 -0.261169 18.0947 0.0592144 -0.546098 -0.111069 0.071039 87 2
87.3799 4.07095 -0.256432 18.0956 0.0498156 0.0112057 -0.117486 0.070022 88 4
88.7817 3.70937 -0.252446 18.0943 0.0456815 -0.0160694 -0.0516766 0.070065 89 2
90.1846 3.35294 -0.248792 18.1653 0.0473994 0.887465 0.0214741 0.070198 90 3
91.5945 3.00045 -0.245 18.2151 0.046641 0.621915 -0.00948063 0.071985 91 4
93.0095 2.65227 -0.241269 18.2103 0.0415544 -0.0596762 -0.0635822 0.071075 92 3
94.4252 2.30889 -0.237944 18.1632 0.0295641 -0.588512 -0.149878 0.071961 93 8
95.8382 1.96974 -0.235579 18.1101 0.012191 -0.663519 -0.217164 0.068155 94 8
97.2473 1.63295 -0.234604 18.1177 0.00791198 0.0947475 -0.0534879 0.070335 95 5
98.6572 1.29691 -0.233971 18.14 0.0080661 0.278807 0.00192657 0.072433 96 4
100.069 0.961374 -0.233326 18.1755 0.00793226 0.443196 -0.00167298 0.072048 97 5
101.484 0.626077 -0.232691 18.2244 0.0100023 0.611782 0.0258758 0.072316 98 5
102.903 0.291013 -0.231891 18.2976 0.0142837 0.914359 0.0535173 0.069215 99 5
104.328 -0.0437677 -0.230748 18.3711 0.0182888 0.919628 0.0500633 0.06989 100 5
105.759 -0.377801 -0.229285 18.4148 0.0202287 0.545216 0.0242485 0.069979 101 4
107.194 -0.710305 -0.227667 18.4228 0.0203697 0.100732 0.00176341 0.070865 102 3
108.631 -1.04062 -0.226037 18.4254 0.0221492 0.0319719 0.0222432 0.071059 103 2
110.068 -1.36842 -0.224265 18.5149 0.0276011 1.11961 0.0681485 0.071472 104 5
111.513 -1.69464 -0.222057 18.5823 0.0328946 0.842333 0.0661696 0.071707 105 3
112.963 -2.01822 -0.219426 18.6448 0.0378738 0.780439 0.0622401 0.071747 106 3
114.42 -2.33848 -0.216396 18.6763 0.045754 0.394797 0.0985017 0.072951 107 7
115.881 -2.65394 -0.212735 18.7365 0.0496163 0.752425 0.0482794 0.072532 108 3
117.347 -2.96459 -0.208766 18.7617 0.0565348 0.314713 0.0864814 0.071187 109 7
118.817 -3.26902 -0.204243 18.7503 0.0589875 -0.14286 0.0306586 0.07219 110 0
120.287 -3.56633 -0.199524 18.7536 0.0694819 0.0413418 0.13118 0.074035 111 10
121.759 -3.85552 -0.193966 18.78 0.0742806 0.330162 0.0599838 0.074514 112 7
123.235 -4.13634 -0.188023 18.7937 0.0816249 0.171161 0.0918039 0.073872 113 9
124.714 -4.40772 -0.181493 18.7841 0.0808701 -0.120044 -0.00943523 0.073235 114 0
126.194 -4.66939 -0.175024 18.8056 0.085734 0.269127 0.060799 0.072951 115 8
127.677 -4.9212 -0.168165 18.8101 0.0930136 0.0561714 0.0909947 0.071046 116 10
129.162 -5.16202 -0.160724 18.8569 0.090533 0.584984 -0.0310081 0.072994 117 2
130.653 -5.39264 -0.153481 18.8704 0.0954104 0.168681 0.0609678 0.072962 118 9
132.147 -5.61204 -0.145848 18.8926 0.0978691 0.277495 0.030734 0.112269 119 8
133.644 -5.81998 -0.138019 18.9143 0.0998106 0.27132 0.0242684 0.07318 120 8
135.144 -6.01619 -0.130034 18.7419 0.0642499 -2.15487 -0.444508 0.069933 121 3
136.632 -6.20296 -0.124894 18.5655 0.0389322 -2.20573 -0.316472 0.069598 122 1
138.106 -6.38339 -0.121779 18.4037 0.0204565 -2.022 -0.230946 0.070136 123 0
139.568 -6.55985 -0.120143 18.2683 0.00673498 -1.69215 -0.171518 0.069555 124 0
141.019 -6.73423 -0.119604 18.1602 -0.00226863 -1.35174 -0.112545 0.069485 125 0
142.461 -6.90784 -0.119786 18.0855 -0.00705287 -0.933266 -0.059803 0.069499 126 0
143.898 -7.08155 -0.12035 18.0306 -0.00886483 -0.686407 -0.0226495 0.070006 127 0
145.33 -7.25574 -0.121059 17.995 -0.00841115 -0.445485 0.00567106 0.070407 128 0
146.758 -7.43055 -0.121732 17.9832 -0.00555746 -0.147343 0.035671 0.070887 129 0
148.186 -7.60589 -0.122177 17.9065 -0.00788033 -0.959086 -0.0290359 0.111686 130 0
149.608 -7.78137 -0.122807 17.9292 -0.00191467 0.283575 0.0745708 0.070833 131 0
151.032 -7.95729 -0.12296 17.9632 0.00420064 0.42491 0.0764414 0.067529 132 0
152.458 -8.13307 -0.122624 18.0243 0.00990459 0.764179 0.0712994 0.067679 133 1
153.889 -8.30831 -0.121832 18.0582 0.0150237 0.424099 0.0639891 0.067758 134 0
155.323 -8.48215 -0.12063 18.0864 0.0196567 0.351715 0.057912 0.069086 135 0
156.76 -8.65401 -0.119057 18.1134 0.0238509 0.338435 0.0524274 0.068427 136 0
158.199 -8.82338 -0.117149 18.1388 0.0275718 0.317669 0.0465116 0.068317 137 0
159.641 -8.98981 -0.114943 18.1647 0.0308907 0.323129 0.0414863 0.068295 138 0
161.085 -9.15291 -0.112472 18.1861 0.0338276 0.268221 0.0367113 0.069872 139 0
162.531 -9.31228 -0.109766 18.21 0.0363703 0.297928 0.0317838 0.068975 140 0
163.979 -9.46766 -0.106856 18.2819 0.0406861 0.899267 0.0539469 0.070875 141 6
165.434 -9.61891 -0.103602 18.332 0.0483174 0.62623 0.0953919 0.069252 142 8
166.893 -9.76493 -0.0997361 18.4007 0.0491545 0.858355 0.0104639 0.071262 143 2
168.359 -9.90575 -0.0958037 18.441 0.0497119 0.504017 0.00696704 0.111467 144 1
169.828 -10.041 -0.0918268 18.4798 0.0500596 0.48492 0.00434611 0.071638 145 1
171.3 -10.1707 -0.087822 18.5168 0.0502022 0.462842 0.0017832 0.07078 146 1
172.776 -10.2947 -0.0838059 18.5815 0.0521934 0.807953 0.0248902 0.070004 147 6
174.258 -10.4129 -0.0796304 18.582 0.0517635 0.00605583 -0.00537387 0.070734 148 0
175.741 -10.5251 -0.0754893 18.614 0.0512032 0.400066 -0.00700485 0.07108 149 1
177.226 -10.6313 -0.071393 18.6778 0.0545242 0.79813 0.0415126 0.069522 150 7
178.717 -10.7314 -0.0670311 18.6787 0.053292 0.0114441 -0.015402 0.071147 151 0
180.208 -10.8251 -0.0627677 18.6775 0.0519975 -0.0152349 -0.0161809 0.069396 152 0
181.7 -10.9126 -0.0586079 18.676 0.050639 -0.0183344 -0.0169817 0.071729 153 0
183.192 -10.9941 -0.0545568 18.6806 0.0492252 0.0564098 -0.0176718 0.071773 154 0
184.684 -11.0697 -0.0506188 18.6786 0.0477661 -0.0247955 -0.0182392 0.071459 155 0
186.177 -11.1396 -0.0467975 18.7077 0.0462621 0.364161 -0.0187996 0.069898 156 1
187.672 -11.2041 -0.0430965 18.7393 0.04472 0.394869 -0.0192763 0.071204 157 1
189.17 -11.2633 -0.0395189 18.7407 0.0431556 0.0180244 -0.0195559 0.070984 158 0
190.668 -11.3174 -0.0360665 18.741 0.0415776 0.00376701 -0.0197243 0.071122 159 0
192.167 -11.3665 -0.0327403 18.7449 0.0400024 0.0477552 -0.0196899 0.0699 160 0
193.666 -11.4107 -0.0295401 18.7467 0.0384248 0.0226736 -0.01972 0.069067 161 0
195.165 -11.4504 -0.0264661 18.7498 0.0368517 0.0391483 -0.0196647 0.067234 162 0
196.664 -11.4857 -0.023518 18.8017 0.0392953 0.649285 0.0305456 0.068821 163 7
198.168 -11.5163 -0.0203743 18.8013 0.0373047 -0.00507832 -0.0248826 0.068691 164 0
199.672 -11.5425 -0.01739 18.852 0.0413811 0.633764 0.0509545 0.070225 165 8
201.18 -11.5637 -0.0140795 18.8746 0.0388284 0.281978 -0.0319077 0.069237 166 1
202.69 -11.5803 -0.0109732 18.8694 0.0363913 -0.0646353 -0.0304641 0.069367 167 0
204.2 -11.5925 -0.00806191 18.981 0.0339705 1.39463 -0.0302603 0.07034 168 4
205.718 -11.6006 -0.00534427 19.0268 0.0336808 0.572658 -0.00362103 0.070096 169 6
207.24 -11.6046 -0.0026498 19.0141 0.0312738 -0.159335 -0.0300873 0.068415 170 0
208.761 -11.6049 -0.000147897 19.0302 0.028958 0.201488 -0.0289474 0.069195 171 1
210.284 -11.6015 0.00216875 19.0776 0.032785 0.592542 0.0478375 0.069306 172 8
211.81 -11.5942 0.00479155 19.0647 0.0300471 -0.16067 -0.0342242 0.070855 173 0
213.335 -11.5833 0.00719532 19.1066 0.031424 0.523639 0.0172112 0.097905 174 7
214.863 -11.5684 0.00970924 19.1512 0.028488 0.556827 -0.0366993 0.068956 175 2
216.395 -11.5501 0.0119883 19.2442 0.0256524 1.1632 -0.0354454 0.068011 176 4
217.935 -11.5284 0.0140405 19.2534 0.0230404 0.115037 -0.0326497 0.076104 177 1
219.475 -11.504 0.0158837 19.2328 0.0205867 -0.257421 -0.0306715 0.071453 178 0
221.013 -11.477 0.0175306 19.2164 0.018274 -0.20597 -0.0289093 0.071258 179 0
222.55 -11.4478 0.0189926 19.2517 0.0200564 0.441527 0.0222801 0.070781 180 7
224.09 -11.4161 0.0205971 19.2864 0.0255586 0.433445 0.0687782 0.070469 181 9
225.633 -11.3812 0.0226418 19.2907 0.0223719 0.0540018 -0.0398336 0.068627 182 1
227.175 -11.3435 0.0244315 19.2668 0.0194005 -0.29881 -0.0371435 0.068261 183 0
228.716 -11.3034 0.0259836 19.2726 0.0166002 0.0733614 -0.0350029 0.067735 184 1
230.258 -11.2613 0.0273116 19.33 0.0139477 0.717258 -0.0331569 0.068212 185 3
231.803 -11.2174 0.0284274 19.3314 0.0115058 0.0179052 -0.0305233 0.068386 186 1
233.349 -11.172 0.0293479 19.3338 0.0092326 0.0298023 -0.0284152 0.069526 187 1
234.895 -11.1254 0.0300865 19.3084 0.00715843 -0.317383 -0.0259271 0.069333 188 0
236.439 -11.0781 0.0306591 19.2819 0.00523734 -0.331545 -0.0240136 0.067296 189 0
237.981 -11.0302 0.0310781 19.2624 0.00346201 -0.243783 -0.0221916 0.067798 190 0
239.521 -10.9819 0.0313551 19.2369 0.00180265 -0.318694 -0.0207421 0.071094 191 0
241.059 -10.9334 0.0314993 19.2716 0.00828676 0.433564 0.0810515 0.07005 192 9
242.6 -10.8838 0.0321622 19.3026 0.014053 0.387788 0.0720778 0.070156 193 9
244.144 -10.8324 0.0332865 19.2821 0.0111481 -0.256109 -0.0363107 0.069149 194 0
245.685 -10.7797 0.0341783 19.2553 0.00843868 -0.335836 -0.0338681 0.070126 195 0
247.225 -10.726 0.0348534 19.2358 0.00594537 -0.243092 -0.0311663 0.069889 196 0
248.763 -10.6717 0.0353291 19.2125 0.00364754 -0.290966 -0.0287229 0.069768 197 0
250.299 -10.6169 0.0356209 19.217 0.00152225 0.0561476 -0.0265661 0.069644 198 1
251.835 -10.562 0.0357426 19.2482 -0.000446428 0.389409 -0.0246085 0.07007 199 2
253.374 -10.507 0.0357069 19.2533 -0.00222566 0.0638962 -0.0222404 0.069754 200 1
254.913 -10.4523 0.0355289 19.226 -0.00384233 -0.340939 -0.0202084 0.069457 201 0
256.45 -10.3981 0.0352215 19.2322 -0.00529946 0.0772238 -0.018214 0.069699 202 1
257.988 -10.3446 0.0347975 19.2356 -0.00662424 0.042963 -0.0165598 0.069072 203 1
259.526 -10.2919 0.0342676 19.2131 -0.00779229 -0.282264 -0.0146006 0.069045 204 0
261.062 -10.2402 0.0336442 19.1966 -0.00884358 -0.205326 -0.0131411 0.069862 205 0
262.597 -10.1896 0.0329367 19.1691 -0.0097849 -0.344491 -0.0117665 0.069499 206 0
264.13 -10.1403 0.0321539 19.1529 -0.0105742 -0.201964 -0.00986627 0.069864 207 0
265.661 -10.0924 0.031308 19.1893 -0.0112955 0.455189 -0.00901583 0.070555 208 2
267.196 -10.0457 0.0304044 19.1768 -0.0118822 -0.157237 -0.00733433 0.069863 209 0
268.729 -10.0005 0.0294538 19.209 -0.0124191 0.402665 -0.00671092 0.070386 210 2
270.265 -9.95678 0.0284602 19.1977 -0.0128312 -0.141382 -0.00515149 0.070764 211 0
271.801 -9.91465 0.0274338 19.1849 -0.0131629 -0.159645 -0.00414652 0.07127 212 0
273.335 -9.87417 0.0263807 19.2233 -0.00540163 0.480676 0.0970163 0.069731 213 9
274.872 -9.83427 0.0259486 19.2019 -0.00646509 -0.268006 -0.0132933 0.071802 214 0
276.408 -9.79521 0.0254314 19.1794 -0.00741327 -0.281215 -0.0118522 0.071379 215 0
277.942 -9.7571 0.0248383 19.1894 -0.0082497 0.125527 -0.0104554 0.070147 216 1
279.476 -9.71998 0.0241783 19.1608 -0.00899165 -0.358558 -0.00927435 0.070082 217 0
281.009 -9.68403 0.023459 19.1455 -0.00960907 -0.190592 -0.00771778 0.069789 218 0
282.54 -9.64928 0.0226903 19.1302 -0.0101558 -0.19083 -0.00683444 0.069591 219 0
284.07 -9.6158 0.0218778 19.171 -0.00858794 0.50962 0.0195986 0.070582 220 6
285.603 -9.5833 0.0211908 19.1507 -0.00918933 -0.25382 -0.00751733 0.070486 221 0
287.135 -9.55196 0.0204556 19.1366 -0.00968902 -0.175858 -0.00624615 0.069623 222 0
288.666 -9.52184 0.0196805 19.1757 -0.0060808 0.48852 0.0451027 0.069482 223 7
290.2 -9.49239 0.0191941 19.1591 -0.00685425 -0.207496 -0.00966812 0.111133 224 0
291.732 -9.46382 0.0186457 19.202 -0.00348599 0.535703 0.0421033 0.073012 225 7
293.268 -9.4356 0.0183668 19.2401 -0.00449367 0.47698 -0.012596 0.072832 226 2
294.807 -9.40789 0.0180073 19.2743 -0.00539948 0.426865 -0.0113227 0.072175 227 2
296.349 -9.38079 0.0175754 19.3664 -0.00618806 1.1519 -0.00985716 0.072528 228 4
297.898 -9.35433 0.0170803 19.4577 -0.00687417 1.14086 -0.00857643 0.070727 229 4
299.454 -9.3286 0.0165304 19.4549 -0.00750098 -0.0355005 -0.00783508 0.067846 230 1
301.01 -9.3038 0.0159303 19.539 -0.00801302 1.052 -0.00640057 0.07234 231 4
302.573 -9.27991 0.0152893 19.5578 -0.00645598 0.23489 0.019463 0.068021 232 6
304.138 -9.25679 0.0147728 19.5251 -0.00705589 -0.409579 -0.00749883 0.070689 233 0
305.7 -9.2346 0.0142083 19.4986 -0.00757958 -0.330138 -0.00654614 0.072701 234 0
307.259 -9.21338 0.013602 19.4688 -0.00802553 -0.372911 -0.00557439 0.071547 235 0
308.817 -9.1932 0.0129599 19.4395 -0.00840138 -0.366759 -0.00469814 0.070563 236 0
310.372 -9.17409 0.0122878 19.461 -0.00869505 0.269651 -0.00367084 0.074557 237 2
311.928 -9.15604 0.0115922 19.5732 -0.00934623 1.4024 -0.00813977 0.073018 238 5
313.494 -9.13906 0.0108445 19.5406 -0.00950397 -0.407982 -0.00197175 0.072271 239 0
315.057 -9.1233 0.0100842 19.5952 -0.00984457 0.682044 -0.00425751 0.071673 240 3
316.625 -9.10872 0.00929663 19.6736 -0.0101698 0.980139 -0.00406562 0.07306 241 4
318.199 -9.09537 0.00848305 19.7019 -0.0123159 0.35398 -0.0268256 0.073474 242 6
319.775 -9.08356 0.00749778 19.6617 -0.0119946 -0.501823 0.00401585 0.07326 243 0
321.348 -9.07327 0.00653821 19.6735 -0.0116314 0.14751 0.00453957 0.072844 244 2
322.922 -9.06445 0.00560769 19.6879 -0.0113445 0.179029 0.0035868 0.069772 245 2
324.497 -9.05704 0.00470013 19.6485 -0.0023483 -0.492454 0.112452 0.069128 246 8
326.069 -9.04995 0.00451227 19.612 -0.00290348 -0.455666 -0.0069397 0.070623 247 0
327.638 -9.04323 0.00427999 19.5781 -0.00338313 -0.423431 -0.00599572 0.069529 248 0
329.204 -9.03696 0.00400934 19.5423 -0.00379348 -0.44744 -0.0051294 0.069534 249 0
330.767 -9.03116 0.00370586 19.507 -0.00416298 -0.4421 -0.00461864 0.069004 250 0
332.328 -9.0259 0.00337282 19.5314 -0.00444421 0.305128 -0.00351542 0.069511 251 2
333.89 -9.02118 0.00301729 19.5521 -0.00468097 0.259376 -0.00295956 0.069658 252 2
335.454 -9.01705 0.00264281 19.5241 -0.00489935 -0.350022 -0.00272969 0.070258 253 0
337.016 -9.01353 0.00225086 19.5551 -0.00504941 0.38662 -0.00187581 0.07146 254 2
338.581 -9.01064 0.00184691 19.5214 -0.00518151 -0.420237 -0.00165117 0.071869 255 0
340.142 -9.00841 0.00143239 19.5605 -0.00663751 0.487614 -0.0182001 0.070687 256 6
341.707 -9.007 0.000901387 19.5263 -0.00655289 -0.427055 0.00105784 0.070065 257 0
343.269 -9.00641 0.000377156 19.6034 -0.00640301 0.963831 0.00187347 0.069875 258 4
344.838 -9.00662 -0.000135085 19.5952 -0.00627566 -0.102401 0.00159184 0.070374 259 1
346.405 -9.00762 -0.000637138 19.5601 -0.00614085 -0.438428 0.00168517 0.069943 260 0
347.97 -9.00939 -0.00112841 19.6447 -0.00867121 1.05655 -0.0316295 0.070314 261 7
349.542 -9.01225 -0.0018221 19.721 -0.00849031 0.954437 0.0022613 0.070827 262 4
351.119 -9.01619 -0.00250133 19.7584 -0.0115241 0.467515 -0.0379219 0.068938 263 6
352.7 -9.02161 -0.00342325 19.8515 -0.0163077 1.16313 -0.0597958 0.069496 264 7
354.288 -9.02911 -0.00472787 19.8279 -0.0152051 -0.295115 0.0137826 0.069653 265 1
355.874 -9.03854 -0.00594428 19.8621 -0.0138037 0.428605 0.0175173 0.069343 266 3
357.463 -9.04974 -0.00704858 19.8366 -0.0124932 -0.319576 0.0163817 0.069867 267 1
359.05 -9.06251 -0.00804803 19.8483 -0.00966606 0.146246 0.0353391 0.068725 268 6
360.638 -9.07652 -0.00882132 19.8826 -0.00864226 0.428867 0.0127976 0.069732 269 3
362.228 -9.09165 -0.0095127 19.9179 -0.00766655 0.441623 0.0121964 0.067752 270 3
363.822 -9.10779 -0.010126 19.9477 -0.00673595 0.371909 0.0116325 0.068753 271 3
365.417 -9.12481 -0.0106649 19.9405 -0.00586691 -0.0900984 0.010863 0.067887 272 2
367.013 -9.14257 -0.0111343 19.9774 -0.00506201 0.461316 0.0100612 0.06819 273 3
368.611 -9.16101 -0.0115392 20.0069 -0.00430181 0.368977 0.00950249 0.069127 274 3
370.211 -9.18003 -0.0118834 20.0379 -0.00358714 0.387669 0.00893335 0.069656 275 3
371.814 -9.19954 -0.0121703 20.0705 -0.00291872 0.40741 0.00835534 0.067983 276 3
373.42 -9.21945 -0.0124038 20.0918 -0.00229182 0.266266 0.00783617 0.07078 277 3
375.027 -9.23968 -0.0125872 20.0574 -0.00172161 -0.429845 0.00712764 0.070894 278 1
376.631 -9.2601 -0.0127249 20.084 -0.00117038 0.332117 0.00689041 0.069996 279 3
378.238 -9.2807 -0.0128185 20.0907 0.00488762 0.0834942 0.075725 0.070848 280 8
379.845 -9.30067 -0.0124275 20.0981 0.00864966 0.092721 0.0470255 0.070497 281 7
381.453 -9.31954 -0.0117355 20.0943 0.012052 -0.0465631 0.042529 0.071169 282 7
383.06 -9.33685 -0.0107714 20.0942 0.011118 -0.00171661 -0.011675 0.071397 283 2
384.668 -9.35274 -0.00988195 20.0352 0.0102171 -0.738168 -0.0112611 0.071659 284 0
386.27 -9.36727 -0.00906458 19.9732 0.00935996 -0.77498 -0.0107142 0.072047 285 0
387.868 -9.38056 -0.00831579 19.972 0.0183485 -0.0146151 0.112357 0.069469 286 10
389.466 -9.3915 -0.0068479 19.9441 0.0165665 -0.348473 -0.0222753 0.06874 287 1
391.061 -9.40031 -0.00552258 19.8964 0.0148858 -0.596476 -0.0210095 0.068841 288 0
392.653 -9.4072 -0.00433172 19.9124 0.0133368 0.199819 -0.0193619 0.069897 289 2
394.246 -9.4124 -0.00326478 19.873 0.0118574 -0.492334 -0.0184926 0.069219 290 0
395.836 -9.41609 -0.00231619 19.889 0.0104947 0.200057 -0.0170336 0.069464 291 2
397.427 -9.41844 -0.00147661 19.8411 0.00920567 -0.598621 -0.016113 0.069073 292 0
399.014 -9.41961 -0.000740154 19.829 0.00801323 -0.151873 -0.0149055 0.06925 293 1
400.601 -9.41977 -9.90955e-05 19.8093 0.00690998 -0.245333 -0.0137907 0.068443 294 1
