-8.88 2 0 13.8377 -0.0109663 -2.02824 -0.137079 0.425906 1 0
-7.77298 1.99903 -0.000877304 13.6832 -0.0215894 -1.93114 -0.132789 0.21442 2 0
-6.67832 1.99618 -0.00260446 13.3632 -0.0236803 -4 -0.0261358 0.246856 3 0
-5.60928 1.99137 -0.00449888 13.3394 -0.0258547 -0.298584 -0.0271806 0.236264 4 0
-4.54215 1.98436 -0.00656725 13.3457 -0.0318466 0.0794292 -0.074898 0.11236 5 0
-3.47454 1.97463 -0.00911498 13.3452 -0.0399512 -0.00658035 -0.101308 0.133064 6 0
-2.407 1.96149 -0.0123111 13.3481 -0.0460403 0.0366807 -0.0761133 0.130814 7 0
-1.33929 1.94441 -0.0159943 13.3474 -0.0516167 -0.00959635 -0.0697056 0.13401 8 0
-0.271716 1.92292 -0.0201236 13.3407 -0.0574438 -0.0828624 -0.0728379 0.157832 9 0
0.795216 1.89654 -0.0247191 13.3431 -0.0626317 0.0300765 -0.0648493 0.156061 10 0
1.86219 1.86481 -0.0297297 13.3486 -0.0668727 0.0678301 -0.0530124 0.184661 11 0
2.92942 1.82736 -0.0350795 13.3555 -0.0704511 0.0869989 -0.0447301 0.186948 12 0
3.99698 1.78387 -0.0407156 13.367 -0.0735867 0.143576 -0.0391947 0.18535 13 0
5.06518 1.73405 -0.0466025 13.3844 -0.0760767 0.217974 -0.0311252 0.202841 14 0
6.13445 1.67766 -0.0526886 13.4068 -0.0780706 0.279522 -0.0249237 0.20663 15 0
7.20513 1.61449 -0.0589343 13.433 -0.0794772 0.327551 -0.0175823 0.208146 16 0
8.27748 1.54437 -0.0652925 13.4599 -0.0805246 0.336015 -0.0130928 0.21669 17 0
9.3515 1.46719 -0.0717344 13.4851 -0.0810526 0.31532 -0.00660028 0.216891 18 0
10.427 1.3829 -0.0782186 13.5148 -0.0810701 0.371623 -0.000218209 0.224553 19 0
11.5043 1.29143 -0.0847043 13.5512 -0.0804515 0.454474 0.00773277 0.217712 20 0
12.5839 1.19276 -0.0911404 13.5844 -0.0796598 0.414395 0.00989568 0.2324 21 0
13.6655 1.08695 -0.0975132 13.6189 -0.0785092 0.431323 0.0143822 0.23112 22 0
14.7492 0.974071 -0.103794 13.6514 -0.0769802 0.406933 0.0191128 0.234491 23 0
15.8347 0.854233 -0.109952 13.6864 -0.0751592 0.43714 0.0227625 0.231021 24 0
16.9222 0.727546 -0.115965 13.7208 -0.0731083 0.430059 0.025636 0.229567 25 0
18.0118 0.594166 -0.121814 13.7599 -0.0707814 0.48852 0.0290863 0.235799 26 0
19.1036 0.454221 -0.127476 13.8019 -0.0680973 0.525332 0.0335519 0.22803 27 0
20.198 0.307884 -0.132924 13.8426 -0.0650787 0.509179 0.0377318 0.221451 28 0
21.2949 0.155403 -0.13813 13.874 -0.0617917 0.392151 0.041088 0.230555 29 0
22.3935 -0.00285573 -0.143074 13.9102 -0.0581806 0.451911 0.0451379 0.226093 30 0
23.4942 -0.166652 -0.147728 13.9467 -0.0544882 0.456333 0.0461559 0.221702 31 0
24.597 -0.335687 -0.152087 13.9824 -0.0506906 0.446117 0.0474692 0.217877 32 0
25.702 -0.509638 -0.156142 14.0191 -0.0469155 0.459194 0.0471895 0.226619 33 0
26.8092 -0.688202 -0.159896 14.0526 -0.0431535 0.418949 0.0470247 0.215858 34 0
27.9185 -0.871023 -0.163348 14.0874 -0.0395525 0.434721 0.0450129 0.219466 35 0
29.0299 -1.05782 -0.166512 14.1172 -0.0360306 0.372934 0.0440236 0.216657 36 0
30.1431 -1.24821 -0.169395 14.1511 -0.0324627 0.423145 0.0445983 0.217735 37 0
31.2585 -1.44196 -0.171992 14.1838 -0.0289085 0.408673 0.0444275 0.212415 38 0
32.376 -1.63875 -0.174304 14.2218 -0.025112 0.474906 0.047457 0.219615 39 0
33.4961 -1.83831 -0.176313 14.2503 -0.0214564 0.356877 0.0456943 0.212277 40 0
34.6181 -2.04019 -0.17803 14.2799 -0.0178778 0.370169 0.0447324 0.213389 41 0
35.7421 -2.24411 -0.17946 14.3076 -0.0142677 0.345373 0.0451269 0.213177 42 0
36.8681 -2.44971 -0.180601 14.334 -0.0106946 0.330937 0.0446635 0.214398 43 0
37.996 -2.65665 -0.181457 14.3613 -0.00712166 0.341487 0.0446615 0.212646 44 0
39.1259 -2.86462 -0.182027 14.3876 -0.0036233 0.328135 0.0437295 0.21489 45 0
40.2579 -3.07331 -0.182317 14.4067 -0.000240602 0.239182 0.0422838 0.213339 46 0
41.3913 -3.2823 -0.182336 14.4352 0.00310892 0.355756 0.041869 0.211018 47 0
42.527 -3.49142 -0.182087 14.464 0.00636713 0.360012 0.0407276 0.212645 48 0
43.6651 -3.70037 -0.181578 14.4917 0.00950911 0.346434 0.0392748 0.211363 49 0
44.8056 -3.90886 -0.180817 14.5229 0.0127544 0.390077 0.0405658 0.208104 50 0
45.9487 -4.11663 -0.179797 14.5521 0.0157673 0.365174 0.0376618 0.210173 51 0
47.0943 -4.32337 -0.178535 14.5559 0.0181945 0.0476837 0.0303396 0.212308 52 0
48.2406 -4.5285 -0.17708 14.6049 0.020577 0.611579 0.0297816 0.215695 53 0
49.391 -4.73242 -0.175433 14.6457 0.0229626 0.510085 0.0298193 0.21132 54 0
50.5451 -4.9348 -0.173596 14.6859 0.0255025 0.502729 0.0317493 0.204913 55 0
51.7027 -5.13537 -0.171556 14.7246 0.0280943 0.483894 0.0323977 0.207775 56 0
52.8638 -5.33386 -0.169309 14.7595 0.0307029 0.435925 0.0326078 0.203942 57 0
54.0282 -5.52996 -0.166853 14.7919 0.0333104 0.405741 0.032593 0.204228 58 0
55.1956 -5.72338 -0.164188 14.8249 0.0357553 0.412309 0.0305611 0.203993 59 0
56.3662 -5.91388 -0.161327 14.8558 0.0380506 0.38625 0.0286916 0.202242 60 0
57.5398 -6.10121 -0.158283 14.8898 0.0400193 0.425303 0.0246087 0.283312 61 0
58.7167 -6.2852 -0.155082 14.9238 0.041882 0.424087 0.0232833 0.209436 62 0
59.8969 -6.46566 -0.151731 14.9576 0.0436287 0.422621 0.0218348 0.215225 63 0
61.0804 -6.6424 -0.148241 14.9911 0.0452508 0.418842 0.0202753 0.206818 64 0
62.2672 -6.81524 -0.144621 15.0241 0.0467393 0.412846 0.0186069 0.208076 65 0
63.4572 -6.98401 -0.140882 15.0565 0.0480874 0.404835 0.0168506 0.206365 66 0
64.6504 -7.14855 -0.137035 15.0881 0.0492895 0.395489 0.0150265 0.2037 67 0
65.8468 -7.30872 -0.133091 15.119 0.050342 0.385737 0.0131568 0.206555 68 0
67.0463 -7.4644 -0.129064 15.1491 0.0512432 0.376594 0.0112642 0.201665 69 0
68.2487 -7.61545 -0.124965 15.1786 0.051996 0.368309 0.00941027 0.204442 70 0
69.4542 -7.76179 -0.120805 15.2075 0.0526068 0.360966 0.0076348 0.202064 71 0
70.6625 -7.90332 -0.116596 15.2359 0.0530782 0.355709 0.00589243 0.20121 72 0
71.8737 -8.03997 -0.11235 15.2641 0.0534138 0.35255 0.00419528 0.200505 73 0
73.0877 -8.17169 -0.108077 15.2898 0.0539526 0.321412 0.00673519 0.200839 74 0
74.3043 -8.29838 -0.103761 15.3162 0.0543143 0.328922 0.00452176 0.201986 75 0
75.5236 -8.41999 -0.0994157 15.3424 0.0544451 0.327992 0.0016341 0.208056 76 0
76.7454 -8.53649 -0.0950601 15.3692 0.054415 0.334823 -0.000376068 0.269371 77 0
77.9699 -8.64787 -0.0907069 15.3959 0.0542215 0.333798 -0.00241818 0.329768 78 0
79.197 -8.75412 -0.0863692 15.4232 0.0538595 0.341165 -0.00452502 0.405213 79 0
80.4267 -8.85525 -0.0820604 15.4516 0.0534909 0.354683 -0.004608 0.37328 80 0
81.6591 -8.9513 -0.0777812 15.4796 0.0528102 0.350893 -0.00850819 0.367457 81 0
82.8941 -9.04231 -0.0735563 15.5089 0.0518476 0.36577 -0.0120325 0.319285 82 0
84.1318 -9.12836 -0.0694085 15.5382 0.050814 0.366521 -0.0129208 0.304832 83 0
85.3722 -9.20952 -0.0653434 15.5683 0.0496377 0.376415 -0.0147036 0.265391 84 0
86.6153 -9.28591 -0.0613724 15.5983 0.0484322 0.375104 -0.0150685 0.260059 85 0
87.8611 -9.35762 -0.0574978 15.6272 0.047338 0.360775 -0.0136769 0.251762 86 0
89.1095 -9.42474 -0.0537108 15.6561 0.0461888 0.360918 -0.0143654 0.237246 87 0
90.3604 -9.48736 -0.0500157 15.6852 0.0449496 0.364268 -0.0154906 0.375498 88 0
91.6139 -9.54558 -0.0464197 15.7146 0.0436006 0.366735 -0.016862 0.2218 89 0
92.8699 -9.59954 -0.0429317 15.7443 0.0421513 0.371563 -0.0181157 0.237227 90 0
94.1285 -9.64935 -0.0395596 15.7738 0.0407013 0.36968 -0.0181251 0.183011 91 0
95.3895 -9.69516 -0.0363034 15.8028 0.0393205 0.362265 -0.01726 0.2036 92 0
96.6531 -9.73707 -0.0331578 15.8317 0.0379108 0.360715 -0.0176222 0.206986 93 0
97.919 -9.77522 -0.0301249 15.8605 0.0365891 0.360501 -0.0165205 0.200295 94 0
99.1874 -9.80972 -0.0271978 15.8894 0.0351567 0.361288 -0.0179057 0.178717 95 0
100.458 -9.84072 -0.0243853 15.9173 0.0336161 0.348902 -0.0192575 0.177679 96 0
101.731 -9.86834 -0.021696 15.9455 0.0320229 0.35187 -0.0199149 0.178166 97 0
103.007 -9.89275 -0.0191342 15.9736 0.030389 0.35193 -0.0204229 0.173012 98 0
104.284 -9.91409 -0.016703 16.0026 0.0287388 0.362217 -0.0206286 0.132592 99 0
105.564 -9.93253 -0.0144039 16.0303 0.0271849 0.346303 -0.0194228 0.083725 100 0
106.847 -9.94821 -0.0122291 16.0586 0.0257048 0.353599 -0.0185017 0.052933 101 0
108.131 -9.96128 -0.0101728 16.0862 0.0243144 0.344348 -0.0173804 0.052678 102 0
109.418 -9.97187 -0.00822762 16.1137 0.0229897 0.344229 -0.0165581 0.053193 103 0
110.707 -9.9801 -0.00638844 16.1411 0.0217527 0.343061 -0.0154628 0.053296 104 0
111.999 -9.98611 -0.00464822 16.168 0.0205633 0.335169 -0.0148669 0.054219 105 0
113.292 -9.98999 -0.00300316 16.1946 0.0193899 0.33319 -0.0146681 0.053771 106 0
114.588 -9.99187 -0.00145197 16.2213 0.018279 0.334096 -0.0138864 0.054555 107 0
115.885 -9.99186 1.03522e-05 16.2477 0.017205 0.329781 -0.0134252 0.054026 108 0
117.185 -9.99006 0.00138675 16.2739 0.0161776 0.32742 -0.0128416 0.05462 109 0
118.487 -9.98657 0.00268096 16.2999 0.0151941 0.324821 -0.0122948 0.052658 110 0
119.791 -9.98149 0.00389648 16.3258 0.0142529 0.323534 -0.0117649 0.053135 111 0
121.097 -9.97491 0.00503671 16.3515 0.0133518 0.321627 -0.011263 0.053463 112 0
122.405 -9.96692 0.00610486 16.3769 0.0124878 0.316954 -0.0108005 0.053745 113 0
123.715 -9.95761 0.00710388 16.4021 0.0116611 0.315905 -0.0103332 0.05402 114 0
125.027 -9.94707 0.00803677 16.4275 0.0108548 0.316525 -0.0100791 0.052459 115 0
126.342 -9.93537 0.00890516 16.4526 0.0100814 0.314379 -0.00966761 0.053867 116 0
127.658 -9.92258 0.00971167 16.4774 0.00934819 0.309873 -0.00916505 0.053745 117 0
128.976 -9.9088 0.0104595 16.5021 0.00864293 0.308347 -0.0088157 0.052998 118 0
130.296 -9.89408 0.011151 16.5266 0.00796332 0.306368 -0.00849511 0.054482 119 0
131.618 -9.87849 0.011788 16.5509 0.00730737 0.303984 -0.00819945 0.053881 120 0
132.942 -9.86211 0.0123726 16.575 0.00667341 0.301456 -0.00792444 0.055146 121 0
134.268 -9.84499 0.0129065 16.6218 -0.000576704 0.58496 -0.0906265 0.30032 122 0
135.597 -9.82789 0.0128603 16.6688 -0.0066824 0.58744 -0.0763212 0.304714 123 0
136.931 -9.81146 0.0123258 16.7209 -0.0117299 0.65124 -0.0630932 0.302781 124 0
138.268 -9.79623 0.0113874 16.7708 -0.0157682 0.623941 -0.0504793 0.246961 125 0
139.61 -9.78264 0.0101259 16.8219 -0.0188728 0.637937 -0.0388077 0.275446 126 0
140.956 -9.77105 0.00861609 16.8761 -0.0211364 0.677824 -0.0282948 0.292255 127 0
142.306 -9.7617 0.00692517 16.933 -0.0226216 0.711966 -0.0185644 0.301288 128 0
143.66 -9.75477 0.00511545 16.9876 -0.0233622 0.681543 -0.00925837 0.320272 129 0
145.019 -9.75035 0.00324647 17.0733 -0.0238495 1.0721 -0.00609048 0.319218 130 0
146.385 -9.74853 0.00133851 17.1294 -0.0232709 0.700164 0.00723172 0.32682 131 0
147.756 -9.74924 -0.000523161 17.1661 -0.0217865 0.459933 0.0185549 0.334055 132 0
149.129 -9.75236 -0.00226608 17.1946 -0.0198594 0.356007 0.0240892 0.326933 133 0
150.504 -9.75766 -0.00385484 17.2161 -0.0175492 0.26834 0.0288771 0.324548 134 0
151.882 -9.7649 -0.00525878 17.2496 -0.0153885 0.418878 0.0270089 0.386595 135 0
153.262 -9.77386 -0.00648986 17.2886 -0.0132454 0.488067 0.0267889 0.37796 136 0
154.645 -9.7843 -0.00754949 17.3417 -0.0111237 0.663304 0.0265209 0.382787 137 0
156.032 -9.79601 -0.00843939 17.4206 -0.00914179 0.985551 0.0247745 0.366611 138 0
157.426 -9.80879 -0.00917073 17.4894 -0.00703009 0.860858 0.0263962 0.320543 139 0
158.825 -9.8224 -0.00973314 17.5584 -0.00484953 0.861621 0.0272569 0.294813 140 0
160.229 -9.83662 -0.0101211 17.6291 -0.00266861 0.884461 0.0272616 0.282077 141 0
161.64 -9.8512 -0.0103346 17.699 -0.000526546 0.873971 0.0267758 0.271014 142 0
163.055 -9.86589 -0.0103767 17.7673 0.0015172 0.853968 0.0255468 0.264042 143 0
164.477 -9.88046 -0.0102553 17.8342 0.00341194 0.835943 0.0236842 0.255086 144 0
165.903 -9.89471 -0.00998238 17.8957 0.00511537 0.768352 0.0212929 0.25391 145 0
167.335 -9.90841 -0.00957315 17.9561 0.00656516 0.754833 0.0181224 0.245829 146 0
168.771 -9.92141 -0.00904794 18.0093 0.00771391 0.665593 0.0143594 0.237006 147 0
170.212 -9.93356 -0.00843083 18.05 0.00863961 0.507998 0.0115713 0.230357 148 0
171.656 -9.94473 -0.00773966 18.0845 0.00931243 0.431943 0.00841016 0.223795 149 0
173.103 -9.95485 -0.00699466 18.1529 0.0101991 0.855351 0.0110833 0.331346 150 0
174.555 -9.96382 -0.00617874 18.2087 0.0104748 0.697327 0.00344598 0.330649 151 0
176.012 -9.9716 -0.00534075 18.2353 0.0102555 0.331473 -0.00274109 0.317896 152 0
177.47 -9.9782 -0.00452032 18.2575 0.00971966 0.277925 -0.00669778 0.319744 153 0
178.931 -9.98366 -0.00374274 18.3043 0.00896933 0.584936 -0.00937914 0.3448 154 0
180.395 -9.9881 -0.0030252 18.3655 0.00804636 0.765181 -0.0115372 0.432858 155 0
181.865 -9.99159 -0.00238149 18.4482 0.00703222 1.03345 -0.0126767 0.489445 156 0
183.34 -9.99428 -0.00181891 18.5911 0.00596997 1.78609 -0.0132782 0.712938 157 0
184.828 -9.99627 -0.00134131 18.7975 0.00490875 2.58043 -0.0132652 0.912617 158 0
186.332 -9.9977 -0.000948613 18.9533 0.00387616 1.948 -0.0129074 0.757246 159 0
187.848 -9.99867 -0.00063852 19.116 0.00290427 2.03304 -0.0121487 0.76351 160 0
189.377 -9.99929 -0.000406178 19.2795 0.00210378 2.04353 -0.0100061 0.85767 161 0
190.919 -9.99966 -0.000237876 19.4357 0.00146548 1.95346 -0.0079787 0.740661 162 0
192.474 -9.99984 -0.000120637 19.5804 0.000964193 1.8084 -0.00626613 1.37666 163 0
194.041 -9.99991 -4.35015e-05 19.7216 0.000581234 1.76513 -0.00478699 0.931665 164 0
195.618 -9.99991 2.99723e-06 19.7897 0.000304987 0.851583 -0.00345309 0.661193 165 0
197.202 -9.99986 2.73962e-05 19.92 0.000105625 1.62864 -0.00249202 0.563869 166 0
198.795 -9.99981 3.58462e-05 20.0449 -2.78713e-05 1.56074 -0.00166871 0.482822 167 0
200.399 -9.99975 3.36165e-05 20.1701 -0.000109463 1.56538 -0.00101989 0.75255 168 0
202.012 -9.99971 2.48594e-05 20.2876 -0.000148561 1.46885 -0.000488726 0.688876 169 0
203.635 -9.99969 1.29746e-05 20.3977 -0.000154441 1.37534 -7.35023e-05 0.335264 170 0
205.267 -9.99969 6.19294e-07 20.5036 -0.000136677 1.3237 0.00022205 0.638392 171 0
206.908 -9.99971 -1.03149e-05 20.601 -0.000103486 1.21813 0.000414887 0.806171 172 0
208.556 -9.99974 -1.85938e-05 20.6913 -6.3587e-05 1.12822 0.000498739 0.711494 173 0
210.211 -9.99978 -2.36807e-05 20.791 -2.47757e-05 1.24638 0.000485141 0.627292 174 0
211.874 -9.99982 -2.56628e-05 20.8679 8.90495e-06 0.961113 0.000421008 1.03246 175 0
213.544 -9.99986 -2.49504e-05 20.9191 3.32028e-05 0.640488 0.000303723 0.493956 176 0
215.217 -9.9999 -2.22942e-05 20.9566 4.82027e-05 0.468278 0.000187499 0.571197 177 0
216.894 -9.99993 -1.84379e-05 20.9846 5.18642e-05 0.350571 4.57688e-05 0.471329 178 0
218.572 -9.99995 -1.42888e-05 21.0022 4.86861e-05 0.219798 -3.97268e-05 0.594797 179 0
220.253 -9.99997 -1.03939e-05 21.0186 4.16134e-05 0.205231 -8.84081e-05 0.356747 180 0
221.934 -9.99998 -7.06484e-06 21.032 3.15665e-05 0.167513 -0.000125586 0.358359 181 0
223.617 -9.99999 -4.53952e-06 21.041 2.22977e-05 0.1127 -0.000115861 0.418523 182 0
225.3 -10 -2.75571e-06 21.046 1.50623e-05 0.0626326 -9.04421e-05 0.609771 183 0
226.984 -10 -1.55073e-06 21.0466 9.54933e-06 0.00700951 -6.89119e-05 1.55842 184 0
228.667 -10 -7.8678e-07 21.0437 4.91895e-06 -0.0366688 -5.78797e-05 0.425563 185 0
230.351 -10 -3.93264e-07 21.0386 1.36558e-05 -0.0638008 0.000109211 0.618435 186 0
232.034 -10 6.99203e-07 21.0321 1.13916e-05 -0.0802994 -2.83026e-05 0.146067 187 0
233.717 -10 1.61053e-06 21.0251 1.05445e-05 -0.0881672 -1.05893e-05 0.659608 188 0
235.399 -9.99999 2.45409e-06 21.0179 9.88975e-06 -0.0897408 -8.18415e-06 0.629448 189 0
237.08 -9.99999 3.24527e-06 21.0108 9.25336e-06 -0.0891209 -7.95486e-06 0.647465 190 0
238.761 -9.99998 3.98554e-06 21.0037 8.635e-06 -0.088501 -7.72952e-06 0.524341 191 0
240.441 -9.99997 4.67634e-06 20.9967 8.03433e-06 -0.0878811 -7.50833e-06 0.520548 192 0
242.121 -9.99996 5.31909e-06 20.9897 7.45144e-06 -0.0872612 -7.28618e-06 0.480019 193 0
243.8 -9.99995 5.9152e-06 20.9828 6.88614e-06 -0.0866413 -7.06618e-06 0.41996 194 0
245.479 -9.99994 6.46609e-06 20.9759 6.33805e-06 -0.0860214 -6.85122e-06 0.358076 195 0
247.157 -9.99993 6.97314e-06 20.969 5.80715e-06 -0.0854254 -6.63615e-06 0.358415 196 0
248.834 -9.99992 7.43771e-06 20.9623 5.29323e-06 -0.0848532 -6.42401e-06 0.383577 197 0
250.511 -9.9999 7.86117e-06 20.9555 4.79603e-06 -0.0842571 -6.21499e-06 0.376941 198 0
252.188 -9.99989 8.24485e-06 20.9488 4.3155e-06 -0.0836372 -6.00669e-06 0.386081 199 0
253.864 -9.99988 8.59009e-06 20.9422 3.85133e-06 -0.083065 -5.80206e-06 0.393434 200 0
255.539 -9.99986 8.8982e-06 20.9356 3.40323e-06 -0.082469 -5.60128e-06 0.383501 201 0
257.214 -9.99985 9.17046e-06 20.929 2.97108e-06 -0.0818968 -5.40184e-06 0.394731 202 0
258.888 -9.99983 9.40814e-06 20.9225 2.55455e-06 -0.0813484 -5.20668e-06 0.344496 203 0
260.562 -9.99981 9.61251e-06 20.9161 2.15349e-06 -0.0807762 -5.01325e-06 0.328788 204 0
262.235 -9.9998 9.78479e-06 20.9096 1.76774e-06 -0.080204 -4.82183e-06 0.256877 205 0
263.908 -9.99978 9.92621e-06 20.9033 1.39713e-06 -0.0796318 -4.63264e-06 0.259323 206 0
265.58 -9.99976 1.0038e-05 20.8969 1.04125e-06 -0.0790596 -4.44852e-06 0.25771 207 0
267.252 -9.99975 1.01213e-05 20.8907 7.0011e-07 -0.0785351 -4.26426e-06 0.255951 208 0
268.923 -9.99973 1.01773e-05 20.8844 3.73273e-07 -0.0779867 -4.08546e-06 0.251863 209 0
270.594 -9.99971 1.02071e-05 20.8782 6.05134e-08 -0.0774384 -3.9095e-06 0.250378 210 0
272.264 -9.9997 1.0212e-05 20.8721 -2.3841e-07 -0.07689 -3.73654e-06 0.249481 211 0
273.934 -9.99968 1.01929e-05 20.866 -5.23747e-07 -0.0763416 -3.56671e-06 0.246862 212 0
275.603 -9.99966 1.0151e-05 20.8599 -7.95759e-07 -0.0758171 -3.40015e-06 0.243106 213 0
277.272 -9.99965 1.00874e-05 20.8539 -1.05451e-06 -0.0752687 -3.23434e-06 0.247288 214 0
278.94 -9.99963 1.0003e-05 20.8479 -1.30049e-06 -0.0747442 -3.07479e-06 0.327793 215 0
280.608 -9.99961 9.89896e-06 20.823 1.02595e-05 -0.311399 0.0001445 0.272913 216 0
282.274 -9.99959 1.07197e-05 20.8172 -1.55877e-05 -0.0722885 -0.00032309 0.191494 217 0
283.939 -9.99958 9.4727e-06 20.8115 -2.3988e-05 -0.0716925 -0.000105003 0.23775 218 0
285.604 -9.99957 7.55365e-06 20.8058 -3.35874e-05 -0.0712395 -0.000119993 0.236527 219 0
287.269 -9.99956 4.86666e-06 20.786 0.00206698 -0.246906 0.0262571 0.231698 220 0
288.932 -9.99928 0.000170225 20.766 0.00307431 -0.250769 0.0125915 0.203824 221 0
290.593 -9.99858 0.00041617 20.7538 0.0041135 -0.151873 0.01299 0.324927 222 0
292.253 -9.99735 0.00074525 20.7333 0.00395754 -0.256062 -0.00194956 0.280701 223 0
293.912 -9.99559 0.00106185 20.7281 0.00345087 -0.0647545 -0.00633332 0.219015 224 0
295.57 -9.99337 0.00133792 20.7232 0.00298114 -0.0623703 -0.00587162 0.225722 225 0
297.228 -9.99075 0.00157641 20.7181 0.00250381 -0.0630379 -0.00596668 0.22163 226 0
298.886 -9.98781 0.00177672 20.7129 0.00211633 -0.0648975 -0.00484352 0.218864 227 0
300.543 -9.98458 0.00194603 20.7078 0.00175846 -0.0635147 -0.00447341 0.21887 228 0
302.199 -9.98113 0.0020867 20.7027 0.00142848 -0.0638723 -0.00412475 0.218574 229 0
303.855 -9.97748 0.00220098 20.698 0.00108108 -0.059104 -0.00434241 0.221991 230 0
305.511 -9.97369 0.00228747 20.6932 0.000765713 -0.0595331 -0.00394212 0.222381 231 0
307.167 -9.96981 0.00234872 20.7031 4.14544e-05 0.123286 -0.00905323 0.417928 232 0
308.823 -9.96591 0.00235204 20.7181 -0.000603446 0.187397 -0.00806125 0.480025 233 0
310.48 -9.96209 0.00230376 20.7318 -0.00115733 0.171661 -0.0069235 0.490623 234 0
312.139 -9.95842 0.00221118 20.7481 -0.00163204 0.203609 -0.00593394 0.392543 235 0
313.799 -9.95497 0.00208062 20.7611 -0.00203863 0.162411 -0.00508235 0.307359 236 0
315.46 -9.95179 0.00191753 20.7807 -0.00237672 0.245237 -0.00422619 0.314618 237 0
317.122 -9.94891 0.00172739 20.7999 -0.00264336 0.239229 -0.00333298 0.256341 238 0
318.786 -9.94639 0.00151592 20.8206 -0.00284368 0.25866 -0.00250399 0.27834 239 0
320.452 -9.94425 0.00128842 20.8452 -0.00298464 0.308061 -0.00176201 0.336925 240 0
322.119 -9.9425 0.00104965 20.8696 -0.00307121 0.304413 -0.00108213 0.380983 241 0
323.789 -9.94115 0.000803955 20.8885 -0.00310407 0.236225 -0.000410725 0.453784 242 0
325.46 -9.94022 0.00055563 20.9175 -0.00307717 0.363541 0.000336263 0.500741 243 0
327.133 -9.93971 0.000309456 20.9413 -0.00300422 0.297618 0.000911843 0.459611 244 0
328.809 -9.93959 6.91182e-05 20.9624 -0.00289462 0.262713 0.00137005 0.570012 245 0
330.486 -9.93986 -0.000162451 20.976 -0.00274194 0.170636 0.00190845 0.549532 246 0
332.164 -9.9405 -0.000381807 20.9765 -0.0025752 0.00658035 0.00208433 0.525099 247 0
333.842 -9.94149 -0.000587822 20.9887 -0.00238056 0.151515 0.00243289 0.486027 248 0
335.521 -9.9428 -0.000778267 20.9974 -0.00216926 0.109482 0.00264133 0.573094 249 0
337.201 -9.9444 -0.000951808 20.989 -0.00183219 -0.105453 0.00421338 0.558625 250 0
338.88 -9.94624 -0.00109838 20.9899 -0.00161507 0.0109673 0.00271393 0.671498 251 0
340.559 -9.9483 -0.00122759 20.9844 -0.00139073 -0.0687838 0.00280423 0.58487 252 0
342.238 -9.95055 -0.00133885 20.962 -0.00116217 -0.279188 0.00285705 0.628191 253 0
343.915 -9.95295 -0.00143182 20.9666 -0.000942606 0.0570297 0.00274456 1.53373 254 0
345.592 -9.95548 -0.00150723 20.9619 -0.000660061 -0.0582695 0.00353181 1.21201 255 0
347.269 -9.95809 -0.00156003 20.9807 -0.000478444 0.234294 0.00227021 0.64231 256 0
348.948 -9.96078 -0.00159831 21.0018 -0.000298313 0.264716 0.00225165 0.633166 257 0
350.628 -9.9635 -0.00162217 21.0236 -0.00012016 0.272107 0.00222691 0.709534 258 0
352.31 -9.96625 -0.00163179 21.0447 5.45077e-05 0.263834 0.00218335 1.08947 259 0
353.993 -9.96899 -0.00162743 21.0609 0.000226558 0.201654 0.00215063 1.38135 260 0
355.678 -9.9717 -0.0016093 21.0823 0.000386777 0.268292 0.00200274 0.462936 261 0
357.365 -9.97436 -0.00157836 21.108 0.000527979 0.320625 0.00176503 0.475272 262 0
359.053 -9.97695 -0.00153612 21.1539 0.000657968 0.574017 0.00162486 0.413278 263 0
360.746 -9.97947 -0.00148348 21.2026 0.000783496 0.608826 0.0015691 0.588759 264 0
362.442 -9.98188 -0.0014208 21.2419 0.000906657 0.491476 0.00153951 0.568287 265 0
364.141 -9.98417 -0.00134827 21.2715 0.00102347 0.370431 0.00146015 0.449163 266 0
365.843 -9.98632 -0.00126639 21.2868 0.00113643 0.19114 0.00141203 0.614135 267 0
367.546 -9.98832 -0.00117548 21.3036 0.0012228 0.210094 0.00107958 0.623339 268 0
369.25 -9.99016 -0.00107766 21.2675 0.00131878 -0.451303 0.00119979 0.500989 269 0
370.951 -9.99181 -0.000972154 21.2085 0.00129077 -0.737762 -0.000350121 0.393072 270 0
372.648 -9.99329 -0.000868892 21.1734 0.00127554 -0.439024 -0.000190355 0.478036 271 0
374.342 -9.99459 -0.000766849 21.1349 0.00122639 -0.480604 -0.000614362 0.34629 272 0
376.033 -9.99572 -0.000668737 21.0761 0.0010331 -0.736022 -0.00241614 0.345887 273 0
377.719 -9.99671 -0.000586089 21.0241 0.000911085 -0.649071 -0.00152522 0.389564 274 0
379.401 -9.99757 -0.000513202 20.9669 0.000979545 -0.715256 0.000855745 0.337804 275 0
381.078 -9.9983 -0.000434838 20.9339 0.00110087 -0.413084 0.00151654 0.349959 276 0
382.753 -9.99888 -0.000346769 20.9159 0.00115587 -0.224781 0.000687524 0.36682 277 0
384.426 -9.9993 -0.000254299 20.8681 0.00134467 -0.597572 0.00236005 0.292214 278 0
386.096 -9.99955 -0.000146725 20.802 0.001915 -0.826573 0.00712901 0.272274 279 0
387.76 -9.99954 6.47422e-06 20.7424 0.00242129 -0.744319 0.00632868 0.169459 280 0
389.419 -9.99921 0.000200177 20.7188 0.00218941 -0.295448 -0.00289851 0.162701 281 0
391.077 -9.99858 0.00037533 20.7323 0.00185763 0.16942 -0.00414723 0.167413 282 0
392.735 -9.99772 0.000523941 20.7415 0.0016123 0.114536 -0.00306657 0.104613 283 0
394.395 -9.99663 0.000652925 20.7468 0.00142867 0.0661135 -0.00229545 0.10457 284 0
396.054 -9.99536 0.000767218 20.7241 0.00129517 -0.283837 -0.00166873 0.108191 285 0
397.712 -9.99392 0.000870832 20.7237 0.00117512 -0.00510216 -0.00150062 0.211792 286 0
399.37 -9.99232 0.000964842 20.6839 0.00123612 -0.496936 0.0007625 0.191169 287 0
401.025 -9.99056 0.00106373 20.6472 0.00122348 -0.459075 -0.000157989 0.149353 288 0
