-8.88 2 0 14.181 0.0107129 2.26264 0.133911 0.816233 1 5
-7.74552 2.00097 0.000857033 14.2175 -0.00171079 0.455582 -0.155296 0.372575 2 0
-6.60812 2.00179 0.00072017 14.2621 -0.0128022 0.557923 -0.138642 0.319453 3 0
-5.46716 2.00144 -0.000304005 14.3175 -0.0209629 0.692368 -0.102009 0.419472 4 0
-4.32176 1.99918 -0.00198104 14.3694 -0.0300271 0.649047 -0.113303 0.357026 5 0
-3.17222 1.99414 -0.0043832 14.4095 -0.0401945 0.501251 -0.127092 0.426194 6 0
-2.01949 1.98538 -0.00759876 14.4892 -0.0441046 0.996768 -0.048876 0.382325 7 5
-0.860423 1.97248 -0.0111271 14.5734 -0.0438139 1.05224 0.00363304 0.345305 8 5
0.305326 1.95542 -0.0146322 14.6041 -0.0531768 0.383568 -0.117037 0.378056 9 0
1.47345 1.93336 -0.0188864 14.6323 -0.0619323 0.351775 -0.109444 0.386903 10 0
2.64369 1.90545 -0.023841 14.6647 -0.0696658 0.406015 -0.0966684 0.37944 11 0
3.81637 1.87095 -0.0294142 14.7094 -0.0758616 0.558555 -0.0774472 0.371139 12 0
4.99238 1.8292 -0.0354832 14.7566 -0.0807256 0.589943 -0.0607996 0.432268 13 0
6.17187 1.7797 -0.0419412 14.8124 -0.0844263 0.697577 -0.046259 0.416391 14 0
7.35546 1.72202 -0.0486953 14.8715 -0.0873849 0.738442 -0.0369828 0.404414 15 0
8.54333 1.65581 -0.0556861 14.9863 -0.0901853 1.43497 -0.0350043 0.32779 16 1
9.73987 1.58044 -0.0629009 15.1046 -0.0919745 1.47854 -0.0223656 0.432956 17 1
10.9453 1.49562 -0.0702589 15.1572 -0.0925901 0.657284 -0.00769496 0.307844 18 0
12.1542 1.40153 -0.0776661 15.2082 -0.0925588 0.637424 0.000390876 0.355418 19 0
13.3664 1.29816 -0.0850708 15.336 -0.092073 1.59804 0.0060726 0.315494 20 1
14.5881 1.18491 -0.0924366 15.3868 -0.0909101 0.634694 0.0145365 0.288709 21 0
15.8129 1.06238 -0.0997095 15.5101 -0.0892711 1.54216 0.0204876 0.269527 22 1
17.0466 0.930047 -0.106851 15.6288 -0.0871099 1.48275 0.0270148 0.284409 23 1
18.2888 0.788045 -0.11382 15.6754 -0.0845748 0.583434 0.0316888 0.345797 24 0
19.5338 0.637192 -0.120586 15.7586 -0.0816014 1.03977 0.037167 0.282078 25 1
20.7843 0.477372 -0.127114 15.8009 -0.0784255 0.528193 0.0396999 0.252794 26 0
22.0371 0.30926 -0.133388 15.8381 -0.0749013 0.464737 0.044052 0.265735 27 0
23.2919 0.13323 -0.13938 15.8784 -0.0708257 0.504386 0.0509451 0.27073 28 0
24.5488 -0.0503728 -0.145046 15.919 -0.0662869 0.507844 0.0567354 0.272896 29 0
25.808 -0.241125 -0.150349 15.9526 -0.0615497 0.419474 0.0592139 0.312437 30 0
27.0688 -0.438491 -0.155273 15.9882 -0.056616 0.445426 0.0616714 0.294566 31 0
28.3316 -0.642018 -0.159802 16.0198 -0.0516603 0.394928 0.0619472 0.331478 32 0
29.596 -0.851176 -0.163935 16.0513 -0.0466695 0.393152 0.0623843 0.308347 33 0
30.8621 -1.06547 -0.167669 16.1578 -0.0411797 1.33178 0.0686232 0.267982 34 1
32.1359 -1.28539 -0.170963 16.2616 -0.0357956 1.29735 0.0673002 0.258721 35 1
33.4172 -1.51039 -0.173827 16.3901 -0.0302651 1.60582 0.0691313 0.261014 36 2
34.7081 -1.74029 -0.176248 16.4144 -0.0256617 0.304389 0.0575431 0.240259 37 0
36.0004 -1.97319 -0.178301 16.4388 -0.0210597 0.305009 0.0575253 0.275509 38 0
37.2943 -2.20861 -0.179986 16.5303 -0.0157791 1.14384 0.0660074 0.324256 39 1
38.595 -2.44699 -0.181248 16.6186 -0.0105874 1.10309 0.0648955 0.358039 40 1
39.9025 -2.68775 -0.182095 16.6332 -0.00620155 0.182724 0.0548235 0.397059 41 0
41.2111 -2.92937 -0.182591 16.6473 -0.00184519 0.176263 0.0544546 0.365768 42 0
42.5207 -3.17138 -0.182739 16.6612 0.00245428 0.173616 0.0537433 0.321891 43 0
43.8314 -3.41334 -0.182542 16.6745 0.00670175 0.166249 0.0530934 0.404471 44 0
45.1434 -3.65479 -0.182006 16.6867 0.0108742 0.152254 0.0521559 0.405283 45 0
46.4565 -3.89528 -0.181136 16.7716 0.0156247 1.06125 0.0593806 0.267652 46 1
47.7765 -4.13534 -0.179886 16.7826 0.0195452 0.138283 0.0490071 0.253373 47 0
49.0979 -4.37349 -0.178323 16.7935 0.0233461 0.136399 0.0475105 0.246474 48 0
50.4205 -4.60932 -0.176455 16.8045 0.0270027 0.1369 0.0457075 0.261146 49 0
51.7445 -4.84245 -0.174295 16.8134 0.0305832 0.111675 0.0447562 0.296594 50 0
53.0697 -5.07247 -0.171848 16.8249 0.033972 0.143361 0.0423599 0.291775 51 0
54.3965 -5.29903 -0.169131 16.8411 0.0371092 0.203037 0.0392156 0.268066 52 0
55.7252 -5.52187 -0.166162 16.9323 0.0405996 1.1399 0.0436297 0.270987 53 1
57.0619 -5.74158 -0.162914 17.0557 0.0441706 1.54173 0.0446381 0.280649 54 2
58.4091 -5.95812 -0.15938 17.0656 0.0467097 0.124216 0.0317378 0.243489 55 0
59.7578 -6.16976 -0.155643 17.1838 0.04978 1.47715 0.0383787 0.264196 56 2
61.1167 -6.37745 -0.151661 17.1873 0.0518441 0.0446796 0.0258021 0.22863 57 0
62.4768 -6.57954 -0.147513 17.1888 0.0536795 0.0186443 0.0229417 0.289922 58 0
63.8378 -6.77581 -0.143219 17.2624 0.0557376 0.919867 0.0257272 0.27349 59 1
65.2055 -6.96683 -0.13876 17.3328 0.0574949 0.879765 0.0219661 0.370944 60 1
66.5797 -7.1523 -0.13416 17.4003 0.0589567 0.843334 0.0182718 0.248599 61 1
67.9601 -7.33198 -0.129444 17.502 0.0603289 1.27122 0.017153 0.289726 62 2
69.3494 -7.50602 -0.124618 17.5639 0.0611982 0.773907 0.0108664 0.259987 63 1
70.7444 -7.67384 -0.119722 17.6608 0.0619758 1.21133 0.00971975 0.295039 64 2
72.148 -7.83563 -0.114764 17.7553 0.0624666 1.18072 0.00613481 0.280886 65 2
73.5599 -7.99123 -0.109766 17.8475 0.0626902 1.15247 0.00279495 0.311731 66 2
74.9798 -8.14052 -0.104751 17.9006 0.0625366 0.664449 -0.00191946 0.318315 67 1
76.4048 -8.28313 -0.0997483 17.9898 0.0623238 1.11475 -0.00266018 0.324772 68 2
77.8375 -8.4193 -0.0947623 17.9662 0.0614658 -0.294447 -0.0107252 0.281962 69 0
79.269 -8.54826 -0.0898451 18.0545 0.0608937 1.10397 -0.00715144 0.266376 70 2
80.7081 -8.67085 -0.0849736 18.1036 0.0599821 0.613117 -0.0113946 0.245784 71 1
82.1518 -8.78684 -0.080175 18.0779 0.058691 -0.321341 -0.0161393 0.269537 72 0
83.5939 -8.8959 -0.0754797 18.1637 0.0576686 1.07296 -0.012779 0.247251 73 2
85.0433 -8.99879 -0.0708663 18.2107 0.0563605 0.58732 -0.0163518 0.29186 74 1
86.497 -9.09539 -0.0663574 18.1823 0.0547162 -0.354886 -0.0205537 0.289062 75 0
87.9488 -9.18549 -0.0619801 18.2291 0.0532049 0.584173 -0.0188915 0.29977 76 1
89.4047 -9.26962 -0.0577237 18.312 0.0516961 1.03674 -0.0188595 0.288737 77 2
90.8675 -9.34809 -0.053588 18.358 0.0511803 0.57478 -0.0064475 0.265832 78 3
92.3344 -9.42075 -0.0494936 18.4379 0.049146 0.999069 -0.0254293 0.234235 79 2
93.8079 -9.48793 -0.0455619 18.4046 0.0468551 -0.415707 -0.0286356 0.285112 80 0
95.279 -9.54948 -0.0418135 18.4833 0.0447923 0.983691 -0.0257859 0.234144 81 2
96.7566 -9.60599 -0.0382301 18.5227 0.0426402 0.492072 -0.0269012 0.257707 82 1
98.2375 -9.65758 -0.0348189 18.5617 0.0426087 0.487471 -0.000393484 0.266708 83 3
99.7217 -9.70421 -0.0314102 18.599 0.0402442 0.466394 -0.0295558 0.15152 84 1
101.209 -9.74615 -0.0281907 18.6725 0.0379376 0.918794 -0.0288332 0.09232 85 2
102.702 -9.78372 -0.0251557 18.7436 0.0356936 0.889087 -0.0280491 0.099479 86 2
104.201 -9.81716 -0.0223002 18.8129 0.0335191 0.866008 -0.0271819 0.129309 87 2
105.706 -9.84669 -0.0196187 18.8801 0.0314456 0.839448 -0.0259188 0.091188 88 2
107.216 -9.87252 -0.017103 18.9079 0.0294667 0.347185 -0.0247359 0.094566 89 1
108.729 -9.89482 -0.0147457 18.9347 0.0276126 0.335526 -0.0231767 0.108514 90 1
110.243 -9.91381 -0.0125367 18.998 0.0258472 0.790715 -0.022067 0.125291 91 2
111.763 -9.92972 -0.0104689 19.0222 0.024127 0.302625 -0.0215025 0.091904 92 1
113.285 -9.94271 -0.00853874 19.0456 0.0224876 0.293326 -0.0204921 0.092553 93 1
114.809 -9.95298 -0.00673973 19.1057 0.0209303 0.750303 -0.019467 0.107357 94 2
116.337 -9.96073 -0.00506531 19.1266 0.0194389 0.26226 -0.018642 0.113287 95 1
117.867 -9.9661 -0.00351019 19.1842 0.0180316 0.719404 -0.0175918 0.074282 96 2
119.402 -9.96927 -0.00206766 19.24 0.016692 0.69778 -0.0167444 0.10112 97 2
120.941 -9.9704 -0.000732302 19.2942 0.0154172 0.676823 -0.0159351 0.093876 98 2
122.485 -9.96962 0.000501076 19.3638 0.010205 0.871086 -0.0651522 0.297152 99 2
124.034 -9.96758 0.00131748 19.3227 0.00587427 -0.514865 -0.0541347 0.262054 100 0
125.58 -9.96482 0.00178742 19.2834 0.00232493 -0.490808 -0.0443667 0.296831 101 0
127.122 -9.96178 0.00197342 19.3523 -0.000543746 0.861025 -0.0358585 0.308752 102 2
128.67 -9.95879 0.00192992 19.4188 -0.00276244 0.831556 -0.0277337 0.332089 103 2
130.224 -9.95613 0.00170892 19.4837 -0.00438901 0.810814 -0.0203321 0.366614 104 2
131.783 -9.95402 0.0013578 19.4449 -0.00548742 -0.484085 -0.0137301 0.287226 105 0
133.338 -9.95259 0.000918807 19.4794 -0.00711216 0.431299 -0.0203092 0.28667 106 3
134.897 -9.95204 0.000349834 19.4473 -0.00697643 -0.401163 0.00169659 0.539967 107 0
136.452 -9.95237 -0.00020828 19.4135 -0.00653951 -0.423336 0.00546151 0.300175 108 0
138.005 -9.9535 -0.000731441 19.456 -0.00688025 0.531602 -0.00425932 0.327909 109 3
139.562 -9.9555 -0.00128186 19.4974 -0.00561196 0.517797 0.0158536 0.472579 110 1
141.122 -9.9582 -0.00173082 19.5394 -0.00530906 0.523973 0.00378626 0.430379 111 3
142.685 -9.96157 -0.00215554 19.5814 -0.00450533 0.525093 0.0100466 0.350265 112 3
144.251 -9.96551 -0.00251597 19.6236 -0.00332223 0.52743 0.0147888 0.314132 113 3
145.821 -9.96988 -0.00278175 19.6644 -0.000943854 0.511217 0.0297297 0.366433 114 1
147.394 -9.97437 -0.00285726 19.7413 0.00092891 0.960779 0.0234095 0.304189 115 2
148.974 -9.97876 -0.00278294 19.7066 0.00227263 -0.434423 0.0167965 0.270911 116 0
150.55 -9.98287 -0.00260113 19.7801 0.00323462 0.919175 0.0120249 0.304077 117 2
152.133 -9.98657 -0.00234236 19.8481 0.00381546 0.849843 0.00726044 0.260425 118 2
153.72 -9.98981 -0.00203713 19.8727 0.00554277 0.308013 0.0215914 0.281846 119 3
155.31 -9.99234 -0.0015937 19.9272 0.00494148 0.68059 -0.00751606 0.243365 120 2
156.904 -9.99425 -0.00119839 19.9371 0.00444844 0.123549 -0.0061631 0.260306 121 1
158.499 -9.99559 -0.000842511 19.9419 0.00399242 0.0603199 -0.00570019 0.382636 122 1
160.095 -9.99643 -0.000523117 19.9429 0.00359412 0.0133991 -0.0049787 0.256176 123 1
161.69 -9.99681 -0.000235588 19.9414 0.00290585 -0.0187874 -0.00860344 0.370013 124 1
163.285 -9.99681 -3.11972e-06 19.9384 0.00228997 -0.03829 -0.00769845 0.416049 125 1
164.881 -9.99652 0.000180078 19.9716 0.00178232 0.415516 -0.00634568 0.440585 126 2
166.478 -9.99601 0.000322664 19.9666 0.00132957 -0.0625134 -0.00565939 0.441761 127 1
168.076 -9.99532 0.000429029 19.962 0.000911403 -0.0581503 -0.00522705 0.451693 128 1
169.673 -9.99452 0.000501941 19.9574 0.000545293 -0.0576496 -0.00457637 0.458414 129 1
171.269 -9.99365 0.000545565 19.9527 0.000234886 -0.0577688 -0.00388009 0.46619 130 1
172.865 -9.99275 0.000564355 19.9856 -2.22635e-05 0.411296 -0.00321436 0.425773 131 2
174.464 -9.99185 0.000562574 19.9801 -0.000234229 -0.0694513 -0.00264957 0.371758 132 1
176.063 -9.99098 0.000543836 20.0122 -0.000404851 0.401211 -0.00213278 0.382125 133 2
177.664 -9.99016 0.000511448 19.932 -0.000548527 -1.00279 -0.00179595 0.302157 134 0
179.258 -9.98942 0.000467566 19.9281 -0.000648505 -0.0481367 -0.00124973 0.346802 135 1
180.852 -9.98875 0.000415685 19.9244 -0.000718445 -0.0466347 -0.000874249 0.36938 136 1
182.446 -9.98818 0.00035821 19.8468 -0.000771037 -0.969529 -0.000657405 0.442028 137 0
184.034 -9.98771 0.000296527 19.8828 -0.000788787 0.450206 -0.000221877 0.436638 138 2
185.625 -9.98734 0.000233424 19.9178 -0.000786816 0.43714 2.46386e-05 0.455693 139 2
187.218 -9.98707 0.000170479 19.9146 -0.000763997 -0.0403404 0.000285238 0.282614 140 1
188.811 -9.98689 0.000109359 19.9487 -0.0007311 0.425982 0.000411217 0.286578 141 2
190.407 -9.98681 5.08708e-05 19.9818 -0.000689304 0.414443 0.000522449 0.370667 142 2
192.006 -9.98682 -4.27354e-06 19.9772 -0.000645383 -0.0582218 0.000549013 0.258055 143 1
193.604 -9.98691 -5.59042e-05 19.8983 -0.000597297 -0.985527 0.000601073 0.277916 144 0
195.196 -9.98707 -0.000103688 19.8961 -0.000539011 -0.0278234 0.000728575 0.331589 145 1
196.787 -9.98731 -0.000146809 19.8938 -0.000476743 -0.0291348 0.000778355 0.277663 146 1
198.379 -9.9876 -0.000184948 19.817 -0.000415975 -0.959516 0.000759593 0.275248 147 0
199.964 -9.98795 -0.000218226 19.7424 -0.000356333 -0.931978 0.000745534 0.251214 148 0
201.544 -9.98834 -0.000246733 19.67 -0.000298973 -0.905371 0.000716997 0.276024 149 0
203.117 -9.98876 -0.000270651 19.5997 -0.000244891 -0.87924 0.000676022 0.317261 150 0
204.685 -9.98922 -0.000290242 19.5314 -0.000194585 -0.853491 0.000628826 0.31611 151 0
206.248 -9.9897 -0.000305809 19.4651 -0.000148196 -0.828075 0.000579863 0.32851 152 0
207.805 -9.99019 -0.000317664 19.4009 -0.000105615 -0.803185 0.000532268 0.520309 153 0
209.357 -9.9907 -0.000326114 19.3386 -6.66939e-05 -0.779057 0.000486508 0.275393 154 0
210.904 -9.99121 -0.000331449 19.2781 -3.12797e-05 -0.755668 0.000442678 0.366279 155 0
212.446 -9.99172 -0.000333951 19.2195 7.74744e-07 -0.732923 0.00040068 0.304689 156 0
213.984 -9.99224 -0.000333889 19.1626 2.96151e-05 -0.710917 0.000360505 0.331814 157 0
215.517 -9.99275 -0.00033152 19.1818 5.69267e-05 0.240135 0.000341395 0.429576 158 1
217.052 -9.99325 -0.000326966 19.1261 7.9543e-05 -0.696778 0.000282704 0.446866 159 0
218.582 -9.99374 -0.000320603 19.072 9.93388e-05 -0.675845 0.000247447 0.626244 160 0
220.107 -9.99422 -0.000312656 19.0196 0.000116448 -0.655508 0.000213867 0.740337 161 0
221.629 -9.99468 -0.00030334 18.9687 0.000131025 -0.635815 0.000182206 0.673171 162 0
223.146 -9.99512 -0.000292858 18.9937 0.000144602 0.312996 0.000169714 0.569028 163 1
224.666 -9.99555 -0.00028129 18.9436 0.000154543 -0.626135 0.000124262 0.593993 164 0
226.181 -9.99596 -0.000268926 18.9694 0.000163755 0.32239 0.000115159 0.615961 165 1
227.699 -9.99635 -0.000255826 18.9201 0.000169675 -0.617003 7.39987e-05 0.614515 166 0
229.213 -9.99671 -0.000242252 18.8722 0.000173872 -0.598454 5.24573e-05 0.691259 167 0
230.722 -9.99706 -0.000228342 18.8258 0.000176478 -0.580502 3.25825e-05 0.691162 168 0
232.228 -9.99738 -0.000214224 18.7807 0.000177601 -0.563025 1.40299e-05 0.719834 169 0
233.731 -9.99768 -0.000200016 18.737 0.000177359 -0.546145 -3.02771e-06 0.718911 170 0
235.23 -9.99796 -0.000185827 18.6946 0.000175866 -0.529718 -1.86536e-05 0.757214 171 0
236.725 -9.99821 -0.000171758 18.6535 0.000173229 -0.513792 -3.29699e-05 0.753927 172 0
238.218 -9.99845 -0.000157899 18.6137 0.000169589 -0.498366 -4.54946e-05 0.735392 173 0
239.707 -9.99867 -0.000144332 18.575 0.000165009 -0.483394 -5.72481e-05 0.794907 174 0
241.193 -9.99886 -0.000131131 18.5375 0.000159513 -0.468826 -6.87091e-05 0.613026 175 0
242.676 -9.99904 -0.00011837 18.5011 0.000153397 -0.45476 -7.64414e-05 0.490838 176 0
244.156 -9.99919 -0.000106099 18.4658 0.00014676 -0.441098 -8.29696e-05 0.468541 177 0
245.633 -9.99933 -9.43579e-05 18.4316 0.000139638 -0.427842 -8.90188e-05 0.416502 178 0
247.108 -9.99946 -8.31869e-05 18.3984 0.000132135 -0.415015 -9.37858e-05 0.446875 179 0
248.58 -9.99956 -7.2616e-05 18.3662 0.000124248 -0.402522 -9.85867e-05 0.474377 180 0
250.049 -9.99965 -6.26762e-05 18.335 0.000116554 -0.390434 -9.61848e-05 0.516076 181 0
251.516 -9.99973 -5.33519e-05 18.3047 0.00010917 -0.378704 -9.23017e-05 0.584101 182 0
252.98 -9.9998 -4.46183e-05 18.2753 0.000102088 -0.367308 -8.85228e-05 0.526316 183 0
254.442 -9.99985 -3.64513e-05 18.2468 9.52996e-05 -0.356293 -8.48505e-05 0.46672 184 0
255.902 -9.99989 -2.88273e-05 18.2191 8.8797e-05 -0.345564 -8.12826e-05 0.503012 185 0
257.359 -9.99992 -2.17236e-05 18.1923 8.25717e-05 -0.335169 -7.78167e-05 0.533168 186 0
258.815 -9.99995 -1.51178e-05 18.1663 7.66157e-05 -0.325108 -7.44503e-05 0.441649 187 0
260.268 -9.99996 -8.98857e-06 18.1411 7.09212e-05 -0.315332 -7.11809e-05 0.460151 188 0
261.719 -9.99996 -3.31488e-06 18.1166 6.54804e-05 -0.305867 -6.80097e-05 0.577092 189 0
263.169 -9.99996 1.92356e-06 18.0929 6.02857e-05 -0.296688 -6.49339e-05 0.63053 190 0
264.616 -9.99995 6.74641e-06 18.0699 5.53297e-05 -0.287747 -6.19504e-05 0.420367 191 0
266.062 -9.99994 1.11728e-05 18.0475 5.06049e-05 -0.279117 -5.90599e-05 0.331903 192 0
267.505 -9.99991 1.52212e-05 18.0259 4.61041e-05 -0.270748 -5.62594e-05 0.322936 193 0
268.947 -9.99989 1.89095e-05 18.0049 4.18202e-05 -0.262618 -5.35493e-05 0.267705 194 0
270.388 -9.99986 2.22551e-05 17.9845 3.77464e-05 -0.254703 -5.09217e-05 0.348503 195 0
271.827 -9.99982 2.52748e-05 17.9647 3.38759e-05 -0.247049 -4.83815e-05 0.295147 196 0
273.264 -9.99978 2.79849e-05 17.9456 3.02016e-05 -0.239635 -4.5929e-05 0.340195 197 0
274.699 -9.99973 3.0401e-05 17.927 2.67175e-05 -0.232434 -4.35515e-05 0.475062 198 0
276.134 -9.99969 3.25384e-05 17.9089 2.34169e-05 -0.225449 -4.12579e-05 0.695436 199 0
277.566 -9.99964 3.44118e-05 17.8914 2.02933e-05 -0.218678 -3.90439e-05 0.479337 200 0
278.998 -9.99959 3.60353e-05 17.8621 1.4929e-05 -0.366783 -6.70549e-05 0.542778 201 0
280.427 -9.99953 3.72296e-05 17.8327 9.90645e-06 -0.366998 -6.27813e-05 0.673357 202 0
281.853 -9.99948 3.80221e-05 17.8069 5.21971e-06 -0.322628 -5.85843e-05 0.586284 203 0
283.278 -9.99942 3.84397e-05 17.7925 3.3072e-06 -0.18034 -2.39063e-05 0.420039 204 0
284.701 -9.99937 3.87042e-05 17.7785 1.51595e-06 -0.174952 -2.23906e-05 0.255039 205 0
286.123 -9.99931 3.88255e-05 17.7649 -1.58663e-07 -0.169683 -2.09327e-05 0.275577 206 0
287.545 -9.99926 3.88128e-05 17.7397 -4.47753e-06 -0.314784 -5.39858e-05 0.333815 207 0
288.964 -9.9992 3.84546e-05 17.7166 -8.446e-06 -0.289392 -4.9606e-05 0.478907 208 0
290.381 -9.99915 3.77789e-05 17.7707 0.00513536 0.676823 0.0642976 0.508943 209 5
291.803 -9.99851 0.000448608 17.8133 0.00434999 0.531888 -0.00981719 0.434332 210 1
293.228 -9.99738 0.000796607 17.7749 0.00369169 -0.480151 -0.00822876 0.300131 211 0
294.65 -9.99583 0.00109194 17.7365 0.00303957 -0.480104 -0.00815145 0.351929 212 0
296.069 -9.99393 0.00133511 17.7096 0.00238577 -0.336051 -0.00817248 0.367114 213 0
297.486 -9.99177 0.00152597 17.6849 0.00177197 -0.307798 -0.00767252 0.753763 214 0
298.9 -9.98941 0.00166773 17.6583 0.00121396 -0.332832 -0.00697509 0.442907 215 0
300.313 -9.98692 0.00176484 17.6349 0.000707826 -0.292683 -0.00632671 0.411733 216 0
301.724 -9.98435 0.00182147 17.5913 0.000251852 -0.545692 -0.00569967 0.273335 217 0
303.131 -9.98176 0.00184162 17.4624 -8.01287e-05 -1.61018 -0.00414976 0.289023 218 0
304.528 -9.97919 0.00183521 17.3183 -0.000214067 -1.8023 -0.00167423 0.304702 219 0
305.914 -9.97667 0.00181808 17.3226 0.0087019 0.053978 0.11145 0.277438 220 5
307.299 -9.97319 0.00251423 17.3237 0.0171703 0.014019 0.105855 0.308212 221 5
308.685 -9.9678 0.00388786 17.2621 0.0139016 -0.770164 -0.0408581 0.303784 222 0
310.066 -9.9609 0.00499998 17.2511 0.0106236 -0.137496 -0.0409753 0.283721 223 0
311.446 -9.95282 0.00584987 17.3327 0.00727639 1.01974 -0.04184 0.34282 224 2
312.833 -9.9439 0.00643198 17.4374 0.00421524 1.30916 -0.0382645 0.306118 225 2
314.228 -9.93446 0.0067692 17.5047 0.00166182 0.841308 -0.0319177 0.272364 226 1
315.628 -9.9248 0.00690215 17.6136 -0.000704344 1.36127 -0.0295771 0.287071 227 2
317.037 -9.91515 0.0068458 17.6728 -0.00260524 0.739765 -0.0237612 0.260022 228 1
318.451 -9.90576 0.00663738 17.7372 -0.0041883 0.805712 -0.0197883 0.338711 229 1
319.87 -9.89682 0.00630232 17.8386 -0.00558029 1.26762 -0.0173999 0.343253 230 2
321.297 -9.88846 0.00585589 17.9323 -0.00671602 1.17078 -0.0141966 0.320792 231 2
322.732 -9.88083 0.00531861 17.9172 -0.0073852 -0.189257 -0.00836474 0.318369 232 0
324.165 -9.87406 0.0047278 17.9016 -0.00790057 -0.194955 -0.00644212 0.341624 233 0
325.597 -9.86819 0.00409575 17.9645 -0.00840059 0.786376 -0.00625019 0.375578 234 1
327.034 -9.86327 0.0034237 18.0263 -0.00873553 0.772357 -0.00418676 0.437304 235 1
328.476 -9.85934 0.00272486 18.0836 -0.00891081 0.716352 -0.00219102 0.488878 236 1
329.923 -9.85643 0.002012 18.1435 -0.00894284 0.749564 -0.000400434 0.444771 237 1
331.374 -9.85455 0.00129657 18.2175 -0.00880331 0.924158 0.00174412 0.410857 238 3
332.832 -9.85369 0.000592305 18.2771 -0.00859882 0.7447 0.00255613 0.388711 239 1
334.294 -9.85383 -9.56008e-05 18.3508 -0.00844697 0.921679 0.0018982 0.449223 240 3
335.762 -9.85496 -0.000771358 18.4088 -0.00799716 0.725436 0.00562252 0.38003 241 1
337.235 -9.85704 -0.00141113 18.4836 -0.00747772 0.934839 0.00649302 0.372533 242 3
338.713 -9.86001 -0.00200935 18.5431 -0.00686528 0.743032 0.00765548 0.430666 243 1
340.197 -9.8638 -0.00255857 18.5978 -0.00613746 0.684237 0.0090978 0.436976 244 1
341.685 -9.86834 -0.00304957 18.5995 -0.00539301 0.0211239 0.00930565 0.425842 245 0
343.173 -9.87352 -0.00348101 18.6814 -0.00535945 1.02391 0.000419514 0.440846 246 4
344.667 -9.87936 -0.00390976 18.6566 -0.00435433 -0.310397 0.012564 0.435316 247 0
346.16 -9.88572 -0.00425811 18.7306 -0.00438911 0.924969 -0.000434736 0.408477 248 4
347.658 -9.89263 -0.00460924 18.7109 -0.00314292 -0.245929 0.0155774 0.514776 249 0
349.155 -9.8999 -0.00486067 18.7821 -0.0028777 0.889969 0.00331516 0.577214 250 4
350.658 -9.90755 -0.00509089 18.8416 -0.00168356 0.743485 0.0149268 0.729114 251 3
352.165 -9.91543 -0.00522557 18.7998 -0.000361305 -0.522089 0.0165282 0.883256 252 1
353.669 -9.92333 -0.00525448 18.8713 -9.23882e-05 0.893426 0.00336146 0.66511 253 4
355.178 -9.93127 -0.00526187 18.8366 0.00126038 -0.433517 0.0169096 0.623434 254 1
356.685 -9.93905 -0.00516104 18.829 0.00237125 -0.0942469 0.0138859 0.774443 255 0
358.192 -9.94654 -0.00497134 18.8235 0.00324583 -0.069356 0.0109322 0.554437 256 0
359.698 -9.95364 -0.00471167 18.82 0.0039062 -0.0439167 0.00825456 0.484036 257 0
361.203 -9.96026 -0.00439918 18.8895 0.00384693 0.86894 -0.000740818 0.396042 258 3
362.714 -9.96644 -0.00409142 18.953 0.00450295 0.79422 0.00820017 0.523511 259 1
364.23 -9.9721 -0.00373119 18.9493 0.00487958 -0.0473499 0.00470788 0.469518 260 0
365.746 -9.97716 -0.00334082 19.0457 0.00503298 1.20602 0.00191748 0.527375 261 2
367.27 -9.98164 -0.00293818 19.1484 0.00498411 1.28317 -0.00061082 0.396594 262 2
368.802 -9.98553 -0.00253945 19.257 0.00482562 1.35705 -0.00198111 0.338766 263 2
370.342 -9.98885 -0.0021534 19.3272 0.00457401 0.87862 -0.00314513 0.271251 264 1
371.889 -9.99161 -0.00178748 19.3917 0.00422089 0.805688 -0.00441395 0.350596 265 1
373.44 -9.99386 -0.00144981 19.3788 0.00377049 -0.160694 -0.0056301 0.320826 266 0
374.99 -9.99564 -0.00114817 19.4315 0.00329497 0.658369 -0.00594396 0.301232 267 1
376.545 -9.99701 -0.000884574 19.4094 0.00281319 -0.276947 -0.00602222 0.346837 268 0
378.098 -9.99804 -0.000659519 19.3854 0.00231862 -0.299501 -0.00618216 0.43041 269 0
379.648 -9.99877 -0.00047403 19.3575 0.00185834 -0.348663 -0.00575349 0.290777 270 0
381.197 -9.99928 -0.000325362 19.3963 0.00381259 0.485492 0.0244282 0.2893 271 3
382.749 -9.99931 -2.03548e-05 19.3577 0.00326327 -0.482512 -0.00686649 0.282613 272 0
384.297 -9.99894 0.000240707 19.3154 0.00283005 -0.529027 -0.00541525 0.307989 273 0
385.843 -9.99822 0.000467112 19.2699 0.00248239 -0.568485 -0.00434582 0.206908 274 0
387.384 -9.99719 0.000665703 19.222 0.0021964 -0.599813 -0.00357485 0.321429 275 0
388.922 -9.9959 0.000841415 19.1722 0.0019544 -0.622273 -0.00302508 0.339224 276 0
390.456 -9.99436 0.000997767 19.1213 0.00174339 -0.63529 -0.00263752 0.399553 277 0
391.985 -9.99263 0.00113724 19.0702 0.00155428 -0.63982 -0.00236397 0.340772 278 0
393.511 -9.9907 0.00126158 19.0192 0.00138089 -0.637341 -0.00216736 0.38102 279 0
395.033 -9.98861 0.00137205 18.9689 0.00121925 -0.628853 -0.00202041 0.348878 280 0
396.55 -9.98638 0.00146959 18.9196 0.00106708 -0.615358 -0.00190224 0.301335 281 0
398.064 -9.98403 0.00155496 18.8718 0.000923276 -0.598335 -0.00179749 0.187795 282 0
399.573 -9.98157 0.00162882 18.9009 0.00670958 0.364113 0.0723288 0.315865 283 5
401.085 -9.9783 0.00216559 18.8536 0.00609851 -0.591636 -0.00763838 0.283554 284 0
