1.120000000000000107e+00
1.000000000000000000e+01
0.000000000000000000e+00
1.400000000000000000e+01
0.000000000000000000e+00
1.012877211641338704e-02
-1.402116992962254838e-01
8.289573192596435547e-01
1.000000000000000000e+00
2.200000000000000000e+01
2.240064373177843127e+00
9.998994904504076686e+00
-8.973548754958430868e-04
1.400081030176931307e+01
-1.121693594369803891e-02
3.297778211188706621e-02
-6.409427517422718878e-01
7.851097583770751953e-01
2.000000000000000000e+00
2.300000000000000000e+01
3.360320778298838906e+00
9.992388963416763303e+00
-5.896743362142226226e-03
1.400344852433826404e+01
-6.249235608307979195e-02
4.590570454761078167e-02
-6.003506460370930942e-01
7.978286743164062500e-01
3.000000000000000000e+00
2.400000000000000000e+01
4.480768754038436441e+00
9.975874184084510432e+00
-1.473837598342600530e-02
1.400712098070207290e+01
-1.105204077660472406e-01
7.135593949689766902e-02
-4.228319340871495302e-01
8.622763156890869141e-01
4.000000000000000000e+00
2.600000000000000000e+01
5.601407840180338660e+00
9.946410129558996616e+00
-2.628613298286754107e-02
1.401282945586182471e+01
-1.443469624930192041e-01
1.065210724706888712e-01
-2.722941743660018399e-01
7.921624183654785156e-01
5.000000000000000000e+00
2.300000000000000000e+01
6.722237577613841886e+00
9.902028355753479616e+00
-3.957657269825148871e-02
1.402135114165947982e+01
-1.661304964422993524e-01
1.462983061209399693e-01
-1.461628632140457573e-01
8.132767677307128906e-01
6.000000000000000000e+00
2.400000000000000000e+01
7.843257508331178407e+00
9.841656467507471362e+00
-5.380245473820532975e-02
1.403305500614915502e+01
-1.778235254994230130e-01
1.852143916263537804e-01
-4.214832638474441673e-02
9.414308071136474609e-01
7.000000000000000000e+00
2.400000000000000000e+01
