1.12 10 0 14.0413 -0.00381171 0.515878 -0.0476464 3.6064 1 4
2.2433 9.99966 -0.000304937 14.0747 -0.00808689 0.417995 -0.0534398 1.07509 2 4
3.36928 9.99859 -0.000951888 14.1011 -0.011868 0.330067 -0.0472638 0.862995 3 4
4.49736 9.99644 -0.00190133 14.1273 -0.015461 0.327349 -0.0449126 0.823916 4 4
5.62754 9.99289 -0.00313821 14.1579 -0.0184805 0.382638 -0.0377441 1.05185 5 4
6.76016 9.98767 -0.00461665 14.1828 -0.0215253 0.310898 -0.0380591 0.916248 6 4
7.89476 9.98047 -0.00633867 14.2052 -0.0244441 0.279605 -0.0364849 0.758965 7 4
9.03114 9.97105 -0.0082942 14.2455 -0.0269202 0.50422 -0.0309524 0.646609 8 3
10.1707 9.95914 -0.0104478 14.2939 -0.028627 0.605702 -0.0213339 0.834759 9 3
11.3141 9.94458 -0.012738 14.33 -0.0307085 0.450349 -0.0260191 0.767237 10 3
12.4604 9.92716 -0.0151947 14.3589 -0.0326093 0.362015 -0.0237596 0.668008 11 3
13.6089 9.90671 -0.0178034 14.3524 -0.0346947 -0.0813484 -0.0260675 0.647332 12 5
14.7569 9.88308 -0.020579 14.3693 -0.0359866 0.211084 -0.0161492 0.713322 13 3
15.9061 9.85612 -0.0234579 14.3661 -0.0389172 -0.0407815 -0.0366327 0.634658 14 6
17.055 9.82558 -0.0265713 14.365 -0.0415914 -0.013423 -0.0334274 0.69375 15 6
18.2037 9.79123 -0.0298986 14.364 -0.0437766 -0.0122309 -0.0273155 0.632752 16 6
19.3522 9.75285 -0.0334007 14.3598 -0.0458384 -0.052619 -0.0257723 0.69646 17 6
20.5002 9.71028 -0.0370678 14.3582 -0.0476484 -0.0201821 -0.0226247 0.756454 18 6
21.6478 9.66334 -0.0408797 14.3509 -0.0495514 -0.0915527 -0.0237878 0.745248 19 6
22.7948 9.61187 -0.0448438 14.3476 -0.0506695 -0.0407696 -0.0139758 0.670246 20 6
23.9412 9.55577 -0.0488973 14.3992 -0.0515947 0.645649 -0.0115654 0.721595 21 1
25.0915 9.49472 -0.0530249 14.4469 -0.0498982 0.595617 0.021207 0.924351 22 2
26.2454 9.42885 -0.0570168 14.4829 -0.0530754 0.45023 -0.0397156 0.878964 23 7
27.4019 9.35792 -0.0612628 14.5209 -0.0522911 0.474572 0.00980333 0.655825 24 1
28.561 9.28194 -0.0654461 14.5484 -0.0517565 0.344658 0.00668336 0.800571 25 1
29.7221 9.20102 -0.0695866 14.576 -0.0520927 0.344682 -0.00420338 0.702097 26 0
30.885 9.11509 -0.073754 14.5986 -0.0527557 0.282645 -0.00828728 0.89134 27 0
32.0493 9.02412 -0.0779745 14.6183 -0.0534439 0.245678 -0.0086016 0.745823 28 0
33.2149 8.92804 -0.08225 14.6359 -0.0539832 0.219715 -0.00674138 1.01854 29 0
34.3813 8.82681 -0.0865686 14.6525 -0.0543531 0.208247 -0.00462402 0.785146 30 0
35.5487 8.72038 -0.0909169 14.6675 -0.0545699 0.186956 -0.00271001 0.922016 31 0
36.7168 8.60875 -0.0952825 14.6817 -0.0546161 0.177646 -0.000578025 0.806994 32 0
37.8855 8.49189 -0.0996518 14.6946 -0.0545381 0.160837 0.000974722 1.01791 33 0
39.0547 8.36984 -0.104015 14.7064 -0.0543053 0.147891 0.00291043 0.824239 34 0
40.2243 8.2426 -0.108359 14.7167 -0.0539413 0.128937 0.00455049 0.730603 35 0
41.3942 8.11023 -0.112675 14.7269 -0.0533767 0.127852 0.00705682 0.720791 36 0
42.5643 7.97276 -0.116945 14.7368 -0.0526572 0.12275 0.00899397 0.808423 37 0
43.7346 7.83027 -0.121157 14.7461 -0.0517932 0.117064 0.0108007 0.624962 38 0
44.905 7.68284 -0.125301 14.7552 -0.0509678 0.113106 0.0103166 0.638731 39 0
46.0756 7.53055 -0.129378 14.7628 -0.0487211 0.0956535 0.0280847 0.656117 40 8
47.2461 7.37361 -0.133276 14.781 -0.0476593 0.226951 0.0132717 0.612248 41 0
48.4175 7.21202 -0.137089 14.7887 -0.0466265 0.0966072 0.01291 0.592575 42 0
49.5889 7.04596 -0.140819 14.7976 -0.0437336 0.111544 0.0361609 0.619796 43 9
50.7604 6.87571 -0.144317 14.8052 -0.0426022 0.0946045 0.014143 0.642413 44 0
51.9319 6.70138 -0.147726 14.814 -0.0413308 0.10978 0.0158926 0.738706 45 0
53.1035 6.52307 -0.151032 14.8244 -0.0397529 0.130606 0.0197235 0.699158 46 0
54.2754 6.3409 -0.154212 14.8328 -0.0382198 0.105178 0.0191638 0.673106 47 0
55.4474 6.15505 -0.15727 14.8422 -0.0365372 0.116956 0.021033 0.645866 48 0
56.6196 5.96566 -0.160193 14.8533 -0.0347295 0.139058 0.0225953 0.686026 49 0
57.7921 5.77286 -0.162971 14.8672 -0.0328815 0.173032 0.0231 0.628164 50 0
58.9652 5.5768 -0.165602 14.8792 -0.0309537 0.150645 0.0240987 0.608362 51 0
60.1388 5.37767 -0.168078 14.8907 -0.0290549 0.143659 0.023734 0.646255 52 0
61.3128 5.17565 -0.170402 14.9046 -0.0270511 0.173664 0.0250477 0.657656 53 0
62.4874 4.97091 -0.172566 14.9148 -0.0252447 0.127149 0.0225808 0.777414 54 0
63.6625 4.76365 -0.174586 14.9244 -0.0235042 0.120401 0.0217552 0.672531 55 0
64.8379 4.55405 -0.176466 14.9357 -0.0219363 0.140619 0.0195988 0.670195 56 1
66.0138 4.34223 -0.178221 14.942 -0.0203789 0.0787139 0.0194685 0.693797 57 0
67.1899 4.1284 -0.179852 14.9483 -0.0188592 0.0793457 0.0189957 0.701499 58 0
68.3661 3.91271 -0.18136 14.953 -0.0174361 0.0585914 0.0177887 0.726029 59 0
69.5425 3.6953 -0.182755 14.9567 -0.0160345 0.0464201 0.0175203 0.783019 60 0
70.7188 3.47633 -0.184038 14.9602 -0.0146474 0.0439644 0.0173387 0.83689 61 0
71.8951 3.25594 -0.18521 14.9468 -0.0139357 -0.167859 0.00889574 1.00267 62 0
73.0702 3.03443 -0.186325 14.9317 -0.0129544 -0.188887 0.0122668 0.943022 63 0
74.2438 2.81193 -0.187361 14.9132 -0.011905 -0.231051 0.0131176 0.946677 64 0
75.4158 2.58858 -0.188313 14.8955 -0.0107227 -0.221038 0.0147787 0.923312 65 0
76.5862 2.3645 -0.189171 14.8794 -0.00947513 -0.201988 0.0155941 0.830566 66 0
77.7551 2.13978 -0.189929 14.8649 -0.00817257 -0.180244 0.016282 0.938369 67 0
78.9228 1.91451 -0.190583 14.8525 -0.00687274 -0.155616 0.0162479 0.867733 68 0
80.0893 1.68878 -0.191133 14.8431 -0.00556955 -0.11704 0.0162899 0.928214 69 0
81.2551 1.46268 -0.191578 14.8372 -0.00422268 -0.0746608 0.0168359 0.842391 70 0
82.4202 1.23628 -0.191916 14.8338 -0.0028515 -0.0417113 0.0171398 0.89033 71 0
83.5851 1.00966 -0.192144 14.829 -0.00243962 -0.0599027 0.00514843 0.796939 72 3
84.7495 0.782887 -0.192339 14.8485 -0.00202812 0.243866 0.0051438 0.892044 73 4
85.9155 0.555627 -0.192502 14.8551 -0.00156443 0.0823021 0.00579616 0.988818 74 4
87.0819 0.328121 -0.192627 14.8485 -0.00105128 -0.0827074 0.00641433 0.993335 75 4
88.2478 0.100617 -0.192711 14.834 -0.000536562 -0.181603 0.00643398 1.12808 76 4
89.4125 -0.126713 -0.192754 14.8827 -0.000209827 0.608814 0.00408419 1.0586 77 6
90.5811 -0.35481 -0.192771 14.8973 0.000838261 0.18307 0.0131011 1.01896 78 5
91.7508 -0.583053 -0.192704 14.8611 0.00232674 -0.452864 0.018606 1.06601 79 4
92.9178 -0.810523 -0.192518 14.8547 0.003618 -0.0798225 0.0161408 1.07931 80 1
94.0842 -1.03756 -0.192228 14.8748 0.00538576 0.25059 0.0220969 1.05486 81 6
95.2524 -1.2644 -0.191797 14.8919 0.00700713 0.214422 0.0202671 1.07786 82 6
96.422 -1.49084 -0.191237 14.8638 0.0083726 -0.351369 0.0170685 0.967994 83 0
97.5896 -1.71608 -0.190567 14.8373 0.00971124 -0.331807 0.0167329 0.964221 84 0
98.7553 -1.94 -0.18979 14.8099 0.0110666 -0.34194 0.0169415 1.01647 85 0
99.919 -2.16249 -0.188905 14.7866 0.0124223 -0.291014 0.016947 0.924379 86 0
101.081 -2.38347 -0.187911 14.7637 0.013822 -0.28584 0.0174957 0.886942 87 0
102.242 -2.60282 -0.186805 14.7456 0.0152466 -0.226569 0.0178083 0.95595 88 0
103.401 -2.82049 -0.185585 14.7242 0.0166478 -0.267768 0.0175143 0.914475 89 0
104.559 -3.0363 -0.184254 14.7025 0.0180463 -0.271511 0.017482 0.946529 90 0
105.716 -3.25013 -0.18281 14.6811 0.019432 -0.267088 0.0173212 0.982066 91 0
106.871 -3.46185 -0.181255 14.6621 0.0208731 -0.237894 0.0180131 1.00863 92 0
108.025 -3.67136 -0.179585 14.6403 0.0223615 -0.272 0.0186047 0.896255 93 0
109.178 -3.87851 -0.177796 14.6269 0.0241288 -0.167465 0.0220922 1.07677 94 1
110.33 -4.08324 -0.175866 14.632 0.0283654 0.062871 0.0529567 1.07196 95 7
111.483 -4.28543 -0.173597 14.6187 0.0328093 -0.165522 0.0555495 0.977384 96 7
112.635 -4.48441 -0.170972 14.6305 0.0337431 0.146711 0.0116724 0.941532 97 2
113.789 -4.68043 -0.168273 14.6282 0.0343467 -0.027597 0.00754478 0.970738 98 2
114.943 -4.87325 -0.165525 14.6199 0.0348071 -0.104177 0.00575469 1.02954 99 2
116.098 -5.06275 -0.16274 14.6301 0.0351716 0.127196 0.00455626 1.00069 100 2
117.253 -5.24914 -0.159927 14.6063 0.0357544 -0.296724 0.00728522 1.05785 101 2
118.407 -5.43192 -0.157066 14.6042 0.0411523 -0.0263691 0.0674744 0.920498 102 8
119.562 -5.61087 -0.153774 14.5829 0.046319 -0.266182 0.0645833 0.919104 103 8
120.715 -5.78529 -0.150069 14.5519 0.045373 -0.388575 -0.0118257 1.08704 104 2
121.867 -5.95516 -0.146439 14.5277 0.049915 -0.302434 0.0567757 0.810193 105 5
123.017 -6.12015 -0.142446 14.5036 0.0556589 -0.300431 0.0717983 0.990449 106 4
124.167 -6.27975 -0.137993 14.471 0.0614342 -0.408363 0.0721913 1.11839 107 4
125.314 -6.43336 -0.133078 14.4586 0.0570987 -0.154626 -0.0541937 0.836326 108 2
126.461 -6.5816 -0.12851 14.4361 0.0608918 -0.280678 0.0474139 0.940325 109 6
127.607 -6.72402 -0.123639 14.3941 0.0667609 -0.524986 0.0733645 0.845392 110 4
128.751 -6.85993 -0.118298 14.4021 0.0691168 0.0999331 0.029448 0.878493 111 5
129.896 -6.98958 -0.112769 14.4001 0.0726323 -0.0254035 0.043944 0.780371 112 9
131.041 -7.11257 -0.106958 14.4138 0.0744301 0.170851 0.0224719 0.678408 113 5
132.188 -7.22884 -0.101004 14.4414 0.076547 0.345504 0.0264616 0.757196 114 9
133.338 -7.33829 -0.09488 14.4268 0.0793536 -0.182235 0.0350825 0.658689 115 9
134.488 -7.44033 -0.0885317 14.4163 0.0824124 -0.131273 0.0382349 0.642895 116 9
135.637 -7.53473 -0.0819387 14.4114 0.085038 -0.0615239 0.0328206 0.689284 117 9
136.787 -7.62127 -0.0751357 14.435 0.0861237 0.294733 0.0135706 0.560146 118 8
137.939 -7.70002 -0.0682458 14.4654 0.0867874 0.38023 0.00829613 0.560881 119 8
139.094 -7.77092 -0.0613028 14.5252 0.0870783 0.747824 0.00363672 0.581415 120 10
140.255 -7.83402 -0.0543365 14.5666 0.0878571 0.516844 0.00973484 0.522252 121 10
141.419 -7.88913 -0.0473079 14.5804 0.0894559 0.172293 0.0199853 0.553903 122 10
142.584 -7.93595 -0.0401515 14.5907 0.0910615 0.129271 0.0200694 0.578365 123 10
143.751 -7.97431 -0.0328665 14.5957 0.0925613 0.06212 0.0187472 0.622555 124 10
144.918 -8.00404 -0.0254616 14.5794 0.093516 -0.203776 0.0119346 0.624522 125 7
146.084 -8.02501 -0.0179804 14.5949 0.0940742 0.193918 0.00697663 0.664426 126 10
147.252 -8.03722 -0.0104544 14.5683 0.0964644 -0.332797 0.0298783 0.558518 127 3
148.417 -8.04041 -0.00273728 14.5473 0.0973224 -0.261688 0.0107246 0.564819 128 4
149.581 -8.03453 0.00504851 14.5329 0.0971963 -0.18028 -0.00157552 0.601472 129 5
150.743 -8.01962 0.0128242 14.5165 0.0968959 -0.204372 -0.00375612 0.708183 130 5
151.905 -7.99573 0.0205759 14.501 0.0964808 -0.193977 -0.00518803 0.74008 131 5
153.064 -7.96291 0.0282944 14.4794 0.0983146 -0.270426 0.0229226 0.645798 132 2
154.222 -7.92103 0.0361595 14.4788 0.0975595 -0.00690222 -0.00943895 0.626145 133 8
155.379 -7.87012 0.0439643 14.4875 0.0965924 0.10767 -0.0120893 0.504394 134 9
156.536 -7.81024 0.0516917 14.4625 0.0969086 -0.31141 0.00395291 0.384974 135 2
157.691 -7.7415 0.0594444 14.4658 0.0959095 0.0406146 -0.012489 0.414424 136 10
158.846 -7.66389 0.0671171 14.4686 0.0947087 0.0351787 -0.0150102 0.370596 137 10
160 -7.57751 0.0746938 14.4556 0.0929896 -0.162256 -0.0214878 0.372311 138 7
161.153 -7.48264 0.082133 14.4475 0.0913511 -0.101125 -0.0204819 0.400601 139 9
162.304 -7.3794 0.0894411 14.4497 0.0896809 0.0267267 -0.0208769 0.378233 140 10
163.455 -7.26789 0.0966155 14.4505 0.0878839 0.0103712 -0.0224633 0.486738 141 10
164.604 -7.14828 0.103646 14.4197 0.0858475 -0.385141 -0.025454 0.667125 142 3
165.751 -7.02105 0.110514 14.3904 0.0835719 -0.365949 -0.0284457 0.813502 143 8
166.894 -6.88644 0.1172 14.3675 0.0809748 -0.286961 -0.0324638 0.663923 144 3
168.035 -6.74465 0.123678 14.3494 0.078288 -0.225961 -0.033585 0.761512 145 10
169.173 -6.5959 0.129941 14.3248 0.0752475 -0.307858 -0.0380056 0.695829 146 9
170.309 -6.44057 0.135961 14.3005 0.0717933 -0.303268 -0.0431778 0.725 147 8
171.441 -6.279 0.141704 14.2851 0.0682134 -0.192523 -0.0447484 0.721251 148 9
172.572 -6.11143 0.147161 14.2686 0.0642888 -0.205624 -0.0490576 0.571672 149 8
173.7 -5.93825 0.152304 14.2611 0.0602891 -0.0947475 -0.0499971 0.552889 150 9
174.827 -5.75972 0.157127 14.2577 0.0561193 -0.0425339 -0.0521222 0.473316 151 9
175.952 -5.57618 0.161617 14.2534 0.0515783 -0.0528455 -0.0567622 0.523296 152 8
177.077 -5.38805 0.165743 14.2547 0.0469178 0.0157833 -0.058256 0.405334 153 8
178.201 -5.19568 0.169497 14.2613 0.0421339 0.082171 -0.0597997 0.356578 154 8
179.325 -4.99944 0.172867 14.2622 0.0367709 0.0116706 -0.0670369 0.400185 155 6
180.448 -4.79988 0.175809 14.2757 0.0319683 0.168729 -0.0600328 0.434379 156 8
181.572 -4.59725 0.178366 14.2899 0.0260505 0.177836 -0.0739717 0.3915 157 3
182.697 -4.39208 0.180451 14.3183 0.0216746 0.355196 -0.0546999 0.364629 158 9
183.824 -4.18454 0.182184 14.3362 0.0157244 0.223219 -0.0743775 0.353229 159 3
184.951 -3.97533 0.183442 14.3602 0.0108991 0.300074 -0.0603155 0.37862 160 7
186.081 -3.76479 0.184314 14.3838 0.00582772 0.294817 -0.0633923 0.339269 161 6
187.212 -3.55337 0.184781 14.4093 0.000952532 0.318646 -0.0609399 0.359293 162 6
188.345 -3.34149 0.184857 14.4523 -0.00241989 0.53823 -0.0421553 0.360399 163 9
189.481 -3.12919 0.184663 14.4953 -0.00562328 0.536788 -0.0400423 0.396321 164 9
190.621 -2.91678 0.184213 14.5281 -0.00971908 0.410545 -0.0511975 0.378615 165 7
191.764 -2.70478 0.183436 14.5604 -0.0135605 0.403833 -0.0480173 0.344604 166 7
192.91 -2.49354 0.182351 14.6042 -0.0161129 0.546658 -0.0319053 0.343706 167 9
194.059 -2.28316 0.181062 14.6421 -0.0189911 0.473928 -0.0359779 0.336289 168 8
195.211 -2.07397 0.179543 14.6825 -0.0210322 0.50472 -0.0255133 0.358026 169 9
196.367 -1.86616 0.17786 14.7205 -0.0228695 0.474954 -0.022966 0.392525 170 9
197.527 -1.65993 0.176031 14.756 -0.0245048 0.444293 -0.0204421 0.336834 171 9
198.689 -1.45548 0.17407 14.7891 -0.0259425 0.413322 -0.0179712 0.370061 172 9
199.855 -1.25299 0.171995 14.8166 -0.0278855 0.343847 -0.0242865 0.350533 173 8
201.023 -1.05273 0.169764 14.8348 -0.0335444 0.227523 -0.0707371 0.368994 174 1
202.194 -0.855361 0.16708 14.8577 -0.0346556 0.286579 -0.0138899 0.329056 175 8
203.366 -0.66094 0.164308 14.8808 -0.0348414 0.288522 -0.00232244 0.351366 176 9
204.541 -0.469491 0.161521 14.8996 -0.0356543 0.234687 -0.010161 0.323515 177 8
205.718 -0.281156 0.158668 14.9183 -0.035549 0.234175 0.00131661 0.373357 178 9
206.897 -0.0959374 0.155824 14.9349 -0.0353492 0.207913 0.00249664 0.424092 179 9
208.078 0.0861495 0.152996 14.9406 -0.0413268 0.070715 -0.0747193 0.550876 180 0
209.26 0.264399 0.14969 14.9547 -0.0396618 0.177085 0.0208125 0.562279 181 10
210.444 0.439063 0.146517 14.9533 -0.0386219 -0.0176311 0.0129988 0.591893 182 9
211.628 0.610053 0.143428 14.9519 -0.0376413 -0.0178695 0.0122575 0.762369 183 9
212.812 0.77746 0.140416 14.9236 -0.0343618 -0.353646 0.0409934 0.802568 184 10
213.994 0.941301 0.137667 14.941 -0.0292746 0.217843 0.0635894 0.810774 185 9
215.179 1.10256 0.135325 14.8912 -0.0305002 -0.622845 -0.0153195 0.805937 186 6
216.36 1.2604 0.132885 14.8564 -0.0312495 -0.434732 -0.00936654 0.900492 187 6
217.538 1.41493 0.130385 14.8279 -0.0316774 -0.35702 -0.00534777 0.80403 188 6
218.715 1.56617 0.127851 14.8068 -0.0298675 -0.264061 0.0226237 0.930009 189 10
219.89 1.7144 0.125462 14.7914 -0.0282902 -0.192034 0.0197156 0.775683 190 10
221.064 1.85981 0.123199 14.7689 -0.0265633 -0.280535 0.0215868 0.907807 191 10
222.237 2.00251 0.121073 14.7416 -0.0246733 -0.342155 0.023625 0.966225 192 10
223.408 2.14264 0.1191 14.7398 -0.0256469 -0.0225782 -0.0121708 0.814587 193 4
224.579 2.28035 0.117048 14.7553 -0.0215681 0.194526 0.0509856 0.936709 194 9
225.752 2.41617 0.115322 14.8022 -0.0232886 0.586271 -0.0215071 0.733395 195 2
226.928 2.55024 0.113459 14.7974 -0.0252338 -0.0603437 -0.0243138 0.730558 196 4
228.105 2.68189 0.111441 14.8026 -0.0271339 0.0644684 -0.0237513 0.756234 197 4
229.282 2.81103 0.10927 14.8063 -0.029206 0.0463963 -0.0259022 0.733493 198 4
230.46 2.93745 0.106933 14.8227 -0.0312115 0.205851 -0.0250683 0.679597 199 3
231.639 3.06107 0.104437 14.8243 -0.0332656 0.0196576 -0.0256768 0.776441 200 4
232.819 3.18156 0.101775 14.8242 -0.0352225 -0.000846386 -0.0244602 0.754092 201 4
233.999 3.29873 0.0989575 14.8239 -0.0369455 -0.00458956 -0.0215383 0.806823 202 4
235.179 3.4124 0.0960018 14.8394 -0.0382259 0.19449 -0.0160054 0.786816 203 3
236.361 3.52258 0.0929437 14.8303 -0.0392745 -0.114274 -0.0131069 0.781155 204 4
237.543 3.62898 0.0898018 14.8588 -0.0402612 0.356662 -0.0123343 0.739571 205 2
238.727 3.73177 0.0865809 14.8918 -0.0408075 0.412655 -0.00682799 0.716788 206 2
239.915 3.83092 0.0833163 14.9242 -0.0413122 0.404978 -0.00630906 0.930509 207 2
241.105 3.92634 0.0800113 14.8813 -0.0358058 -0.536716 0.0688306 0.746019 208 10
242.292 4.0181 0.0771468 14.9063 -0.0361216 0.312757 -0.00394848 0.904611 209 3
243.481 4.10657 0.0742571 14.9649 -0.0374651 0.732172 -0.0167933 0.756361 210 0
244.675 4.19181 0.0712599 14.9158 -0.0318806 -0.614071 0.0698065 0.851676 211 10
245.865 4.27373 0.0687094 14.9433 -0.0337342 0.343645 -0.0231697 0.830303 212 2
247.058 4.35259 0.0660107 14.8925 -0.0281734 -0.634742 0.0695092 0.859112 213 10
248.247 4.4285 0.0637568 14.8985 -0.0299867 0.0746012 -0.0226656 0.970535 214 3
249.437 4.50158 0.0613579 14.8477 -0.0245156 -0.634146 0.068389 0.835007 215 10
250.623 4.57209 0.0593967 14.8436 -0.0276074 -0.0517726 -0.0386478 0.86126 216 3
251.808 4.63996 0.0571881 14.8534 -0.0204509 0.122392 0.0894564 0.816489 217 9
252.995 4.70594 0.055552 14.8646 -0.0246064 0.140679 -0.0519444 0.864238 218 3
254.182 4.76963 0.0535835 14.8742 -0.0285417 0.119448 -0.0491911 0.849006 219 4
255.37 4.83065 0.0513001 14.8921 -0.0324889 0.224054 -0.0493396 0.837872 220 4
256.56 4.88865 0.048701 14.8978 -0.0369313 0.0717402 -0.0555305 1.05 221 4
257.751 4.94315 0.0457465 14.8838 -0.0278487 -0.175917 0.113533 0.849176 222 9
258.941 4.99495 0.0435186 14.881 -0.031479 -0.0346661 -0.0453781 0.973576 223 2
260.13 5.04375 0.0410003 14.8889 -0.0346497 0.0987649 -0.0396346 0.960683 224 3
261.32 5.08927 0.0382283 14.86 -0.0250771 -0.361609 0.119658 0.840925 225 9
262.508 5.13232 0.0362222 14.8309 -0.0163565 -0.36329 0.109008 0.884984 226 9
263.694 5.17374 0.0349136 14.8475 -0.0217595 0.207138 -0.067538 1.05046 227 0
264.881 5.21313 0.0331729 14.8346 -0.0275416 -0.160897 -0.0722761 0.910291 228 1
266.067 5.24988 0.0309696 14.8627 -0.0330115 0.350904 -0.068373 0.966384 229 4
267.256 5.28356 0.0283286 14.8674 -0.0392673 0.0596285 -0.0781974 0.801327 230 4
268.445 5.31351 0.0251873 14.8858 -0.0428001 0.229251 -0.044161 0.914195 231 3
269.635 5.33943 0.0217632 14.889 -0.0467213 0.0395775 -0.0490147 0.975758 232 0
270.826 5.3609 0.0180255 14.8964 -0.0501862 0.0928044 -0.0433114 0.860994 233 3
272.018 5.37759 0.0140106 14.8892 -0.053845 -0.0895977 -0.0457345 0.900256 234 3
273.209 5.38915 0.00970305 14.8751 -0.0569347 -0.176919 -0.0386219 0.854482 235 1
274.399 5.39528 0.00514827 14.8838 -0.0595273 0.109231 -0.0324066 1.01521 236 3
275.59 5.39574 0.000386091 14.8791 -0.0632489 -0.0583649 -0.0465211 0.706376 237 4
276.78 5.39017 -0.00467382 14.8653 -0.0669707 -0.172555 -0.0465217 0.596957 238 4
277.969 5.37824 -0.0100315 14.8797 -0.0686303 0.179303 -0.0207459 0.632165 239 0
279.16 5.35977 -0.0155219 14.8702 -0.0712136 -0.118089 -0.0322903 0.728213 240 4
280.349 5.33453 -0.021219 14.875 -0.0725828 0.0593781 -0.0171149 0.64921 241 0
281.538 5.30237 -0.0270256 14.8659 -0.074218 -0.11301 -0.0204401 0.619172 242 0
282.727 5.26318 -0.032963 14.8697 -0.074946 0.0467658 -0.00910098 0.748191 243 0
283.916 5.21684 -0.0389587 14.8754 -0.0753289 0.0716805 -0.00478523 0.772177 244 0
285.105 5.16333 -0.044985 14.885 -0.0752599 0.120199 0.000862218 0.895351 245 0
286.294 5.10262 -0.0510058 14.8938 -0.0749281 0.110149 0.00414727 0.721431 246 0
287.483 5.03474 -0.0570001 14.9035 -0.0743049 0.120378 0.00778986 0.935963 247 0
288.673 4.95974 -0.0629445 14.9024 -0.0738639 -0.0129938 0.00551213 0.908815 248 0
289.863 4.87772 -0.0688536 14.916 -0.0728938 0.169849 0.0121266 0.845389 249 0
291.053 4.78868 -0.0746851 14.9228 -0.071883 0.0846624 0.012635 0.797922 250 0
292.243 4.69276 -0.0804357 14.9199 -0.0706183 -0.0364304 0.0158094 0.974751 251 1
293.432 4.59013 -0.0860852 14.9249 -0.0691968 0.0624061 0.0177684 0.930636 252 0
294.621 4.48089 -0.0916209 14.9293 -0.0675459 0.0553608 0.0206364 0.828526 253 0
295.809 4.36519 -0.0970246 14.9207 -0.066301 -0.107574 0.0155615 0.772739 254 0
296.997 4.24326 -0.102329 14.9227 -0.0645138 0.024879 0.0223399 0.894947 255 0
298.184 4.11519 -0.10749 14.924 -0.0626806 0.0168324 0.0229143 0.822826 256 0
299.37 3.98115 -0.112504 14.9233 -0.0608212 -0.00934601 0.0232427 0.941101 257 0
300.556 3.84135 -0.11737 14.9219 -0.0589187 -0.0170946 0.0237818 0.86293 258 0
301.741 3.69597 -0.122083 14.9179 -0.056989 -0.0501752 0.0241212 0.69446 259 0
302.925 3.54523 -0.126643 14.9068 -0.0554249 -0.138414 0.0195513 0.747067 260 0
304.107 3.38937 -0.131077 14.898 -0.0538877 -0.110161 0.0192144 0.560019 261 0
305.288 3.2285 -0.135388 14.8874 -0.0523824 -0.132835 0.0188163 0.66506 262 0
306.467 3.0628 -0.139578 14.8791 -0.0508207 -0.103092 0.0195214 0.70153 263 0
307.645 2.89241 -0.143644 14.8687 -0.0492664 -0.130391 0.0194293 0.61134 264 0
308.822 2.71749 -0.147585 14.8593 -0.0475848 -0.117564 0.0210194 0.574285 265 0
309.997 2.53821 -0.151392 14.8477 -0.0455714 -0.144672 0.0251677 0.674268 266 1
311.171 2.35479 -0.155038 14.8371 -0.0437605 -0.132632 0.0226357 0.701039 267 0
312.343 2.1674 -0.158538 14.828 -0.0418269 -0.113344 0.0241707 0.749142 268 0
313.513 1.9762 -0.161885 14.8203 -0.0397703 -0.0973105 0.025707 0.657041 269 0
314.683 1.78138 -0.165066 14.8107 -0.0373113 -0.11946 0.0307383 0.630222 270 1
315.851 1.5832 -0.168051 14.8053 -0.0350674 -0.0675917 0.0280483 0.657982 271 0
317.018 1.38182 -0.170857 14.8011 -0.0327315 -0.0522733 0.0291986 0.777666 272 0
318.185 1.17744 -0.173475 14.7943 -0.0302586 -0.0854969 0.0309115 0.725302 273 0
319.35 0.97033 -0.175896 14.7911 -0.0276701 -0.039947 0.0323565 0.913493 274 0
320.514 0.760688 -0.178109 14.789 -0.0249946 -0.0263929 0.0334435 0.653504 275 0
321.678 0.548748 -0.180109 14.7946 -0.0223984 0.0706315 0.0324519 0.705519 276 2
322.842 0.334642 -0.181901 14.7923 -0.0196932 -0.0293851 0.0338158 0.771282 277 0
324.006 0.118735 -0.183476 14.7914 -0.0169489 -0.0111461 0.0343034 0.687775 278 0
325.169 -0.0987351 -0.184832 14.7901 -0.0142055 -0.0160694 0.0342923 0.90337 279 0
326.332 -0.317508 -0.185969 14.7907 -0.0114996 0.00792742 0.0338237 0.805561 280 0
327.495 -0.537361 -0.186889 14.7905 -0.00877426 -0.00320673 0.034067 0.915309 281 0
328.657 -0.758025 -0.187591 14.79 -0.00608857 -0.00566244 0.0335712 0.703981 282 0
329.819 -0.979249 -0.188078 14.7937 -0.00327768 0.0459194 0.0351361 0.795322 283 2
330.982 -1.20083 -0.18834 14.7935 -0.00065598 -0.00195503 0.0327713 0.763573 284 0
332.144 -1.42248 -0.188392 14.7933 0.00189743 -0.00276566 0.0319176 0.870713 285 0
333.307 -1.64394 -0.18824 14.7973 0.00464078 0.0494361 0.0342919 0.854633 286 2
334.47 -1.86503 -0.187869 14.7972 0.00706798 -0.000655651 0.0303399 0.851485 287 0
335.633 -2.08546 -0.187304 14.7973 0.00943635 0.00133514 0.0296046 0.936144 288 0
336.796 -2.30502 -0.186549 14.7977 0.011738 0.00531673 0.0287709 0.88147 289 0
337.96 -2.52348 -0.18561 14.8015 0.0142827 0.0472546 0.0318083 0.713361 290 2
339.124 -2.74068 -0.184467 14.8023 0.0164063 0.00920296 0.0265458 0.970731 291 0
340.288 -2.95636 -0.183155 14.81 0.0189361 0.096488 0.0316216 0.732682 292 3
341.453 -3.17038 -0.18164 14.8118 0.0208878 0.0233054 0.0243961 0.758668 293 1
342.619 -3.38249 -0.179969 14.8145 0.0231185 0.0326633 0.0278847 0.659137 294 2
343.786 -3.59247 -0.178119 14.817 0.02524 0.0313878 0.0265183 0.644532 295 2
344.953 -3.80014 -0.1761 14.8171 0.0268049 0.00165701 0.0195611 0.575808 296 0
346.12 -4.0053 -0.173956 14.8216 0.0291153 0.0561714 0.0288797 0.588515 297 3
347.289 -4.2078 -0.171627 14.8258 0.0313086 0.0523925 0.027417 0.61725 298 3
348.458 -4.40744 -0.169122 14.8297 0.0333837 0.0489354 0.0259387 0.581984 299 3
349.628 -4.604 -0.166451 14.8369 0.0356156 0.0905633 0.027898 0.609227 300 4
350.799 -4.79732 -0.163602 14.8404 0.0374276 0.0429869 0.0226506 0.621358 301 3
351.971 -4.98718 -0.160608 14.8518 0.0396887 0.143003 0.0282635 0.570469 302 5
353.144 -5.17346 -0.157433 14.8517 0.0400483 -0.000977516 0.00449503 0.604224 303 0
354.318 -5.35598 -0.154229 14.854 0.0415381 0.0277758 0.0186226 0.561491 304 3
355.493 -5.53463 -0.150906 14.855 0.0418714 0.0126839 0.00416576 0.616663 305 1
356.668 -5.70935 -0.147556 14.8557 0.0421502 0.00884533 0.00348473 0.676328 306 1
357.845 -5.88011 -0.144184 14.8592 0.0433319 0.0432968 0.0147718 0.470261 307 3
359.022 -6.04683 -0.140717 14.8676 0.044652 0.105703 0.0165014 0.495941 308 4
360.2 -6.20945 -0.137145 14.8671 0.0444047 -0.00654459 -0.00309143 0.601588 309 0
361.379 -6.36786 -0.133593 14.8665 0.0441412 -0.00796318 -0.00329404 0.600077 310 0
362.558 -6.52211 -0.130062 14.871 0.0448771 0.057292 0.00919877 0.598854 311 3
363.738 -6.67217 -0.126471 14.8729 0.0450997 0.0232458 0.00278326 0.599047 312 2
364.919 -6.81799 -0.122863 14.8722 0.0445897 -0.00870228 -0.00637509 0.662376 313 0
366.1 -6.95959 -0.119296 14.8729 0.0442313 0.00884533 -0.00448083 0.61399 314 1
367.282 -7.09702 -0.115758 14.8781 0.0446558 0.065136 0.00530672 0.63457 315 3
368.465 -7.23027 -0.112185 14.8795 0.0446524 0.0174761 -4.27011e-05 0.606962 316 2
369.648 -7.3593 -0.108613 14.8807 0.0445995 0.0148177 -0.000661472 0.508423 317 2
370.832 -7.48412 -0.105045 14.8858 0.0449147 0.0636935 0.00394024 0.66117 318 3
372.017 -7.60473 -0.101452 14.8877 0.0452346 0.0241995 0.00399929 0.63702 319 3
373.202 -7.72107 -0.0978332 14.8877 0.0444615 -0.000596046 -0.0096635 0.787536 320 1
374.388 -7.83318 -0.0942763 14.8876 0.0436874 -0.00104904 -0.00967723 0.680353 321 1
375.574 -7.94116 -0.0907813 14.8872 0.0424812 -0.00464916 -0.0150776 0.686691 322 0
376.76 -8.04509 -0.0873828 14.888 0.0423728 0.00919104 -0.00135466 0.626947 323 2
377.947 -8.14502 -0.083993 14.8886 0.0427002 0.00804663 0.00409228 0.729381 324 3
379.134 -8.24089 -0.0805769 14.8897 0.0429391 0.0132203 0.00298708 0.812276 325 3
380.322 -8.33268 -0.0771418 14.8895 0.0413366 -0.00203848 -0.0200313 0.737411 326 0
381.51 -8.42055 -0.0738349 14.8907 0.0416947 0.0155687 0.0044758 0.699909 327 4
382.698 -8.50447 -0.0704993 14.8906 0.0407047 -0.00241995 -0.0123754 0.637789 328 1
383.887 -8.58451 -0.0672429 14.8947 0.0410234 0.051558 0.00398429 0.671171 329 4
385.076 -8.66067 -0.0639611 14.8947 0.0406761 2.38419e-05 -0.00434071 0.640449 330 2
386.265 -8.73296 -0.060707 14.8947 0.0402975 -7.15256e-05 -0.00473349 0.584378 331 2
387.455 -8.80142 -0.0574832 14.8947 0.0398893 -0.000190735 -0.00510183 0.575012 332 2
388.645 -8.86608 -0.054292 14.8946 0.0394535 -0.000298023 -0.00544731 0.618469 333 2
389.835 -8.92699 -0.0511358 14.8946 0.0389918 -0.000369549 -0.00577173 0.641303 334 2
391.025 -8.98418 -0.0480164 14.8946 0.0385056 -0.00038147 -0.00607739 0.647741 335 2
392.215 -9.03771 -0.044936 14.8949 0.0385529 0.00445843 0.000591064 0.587331 336 3
393.406 -9.08756 -0.0418517 14.8944 0.0364259 -0.00604391 -0.0265875 0.627123 337 0
394.597 -9.13395 -0.0389377 14.8945 0.0365213 0.00013113 0.00119205 0.590433 338 3
395.787 -9.17685 -0.036016 14.8983 0.036743 0.0481248 0.00277152 0.608285 339 4
396.979 -9.21627 -0.0330765 14.8978 0.0353462 -0.00634193 -0.01746 0.600072 340 1
398.17 -9.25232 -0.0302488 14.8973 0.0339948 -0.00668764 -0.0168916 0.684023 341 1
399.361 -9.28512 -0.0275292 14.8967 0.032687 -0.00699759 -0.0163482 0.663782 342 1
400.553 -9.31481 -0.0249143 14.8961 0.032225 -0.00721216 -0.00577481 0.708123 343 2
401.744 -9.34142 -0.0223363 14.8956 0.0317379 -0.00699759 -0.00608852 0.602031 344 2
402.935 -9.36501 -0.0197972 14.895 0.0312265 -0.00678301 -0.00639258 0.652451 345 2
404.127 -9.38563 -0.0172991 14.8945 0.0306915 -0.00669956 -0.00668783 0.549703 346 2
405.318 -9.40331 -0.0148438 14.894 0.0301336 -0.00674725 -0.00697393 0.568882 347 2
406.51 -9.41813 -0.0124331 14.8932 0.0287476 -0.0087738 -0.0173248 0.829937 348 1
407.701 -9.4302 -0.0101333 14.8925 0.0274051 -0.00925064 -0.0167817 0.665724 349 1
408.892 -9.43966 -0.0079409 14.8919 0.02691 -0.00760555 -0.00618782 0.718706 350 2
410.084 -9.44656 -0.0057881 14.8913 0.0263898 -0.00798702 -0.00650329 0.633348 351 2
411.275 -9.45094 -0.00367692 14.8907 0.0266505 -0.00674725 0.00325856 0.6002 352 3
412.466 -9.45278 -0.00154488 14.8902 0.0268239 -0.00674725 0.00216756 0.543099 353 3
413.658 -9.45206 0.000601027 14.8894 0.0261093 -0.00933409 -0.00893222 0.42988 354 2
414.849 -9.44886 0.00268977 14.8887 0.0253807 -0.00972748 -0.00910701 0.390618 355 2
416.04 -9.44323 0.00472023 14.8879 0.0246396 -0.0100613 -0.00926461 0.360667 356 2
417.231 -9.43527 0.00669139 14.8873 0.0246923 -0.00700951 0.00065947 0.372832 357 3
418.422 -9.42494 0.00866678 14.8864 0.0238657 -0.0105262 -0.0103323 0.35373 358 2
419.613 -9.41235 0.010576 14.8856 0.0230341 -0.0104904 -0.0103949 0.330577 359 2
420.803 -9.39756 0.0124188 14.8848 0.0221992 -0.0103116 -0.0104371 0.355734 360 2
421.994 -9.38066 0.0141947 14.884 0.0213625 -0.010097 -0.010459 0.348359 361 2
423.185 -9.36172 0.0159037 14.8835 0.0213307 -0.00549555 -0.000396883 0.380845 362 3
424.375 -9.34075 0.0176102 14.8827 0.0204305 -0.00993013 -0.0112531 0.366359 363 2
425.565 -9.31784 0.0192446 14.8815 0.0195375 -0.0159144 -0.0111623 0.336798 364 2
426.756 -9.29307 0.0208076 14.8779 0.018664 -0.0444889 -0.0109185 0.345579 365 2
427.946 -9.26653 0.0223007 14.8772 0.0185929 -0.00933409 -0.000888668 0.413644 366 3
429.135 -9.23822 0.0237881 14.8786 0.018628 0.0184894 0.000438862 0.551957 367 4
430.325 -9.20814 0.0252784 14.8771 0.0183131 -0.0187993 -0.00393619 0.570302 368 3
431.515 -9.17631 0.0267434 14.879 0.0181639 0.0236988 -0.00186451 0.66517 369 4
432.705 -9.14275 0.0281965 14.8764 0.0177086 -0.0323296 -0.00569166 0.563987 370 3
433.895 -9.10752 0.0296132 14.874 0.0172107 -0.0301123 -0.00622424 0.748902 371 3
435.084 -9.07065 0.0309901 14.8773 0.0168278 0.0408888 -0.00478651 0.73879 372 4
436.273 -9.03217 0.0323363 14.8743 0.0162666 -0.0375032 -0.00701493 0.661337 373 3
437.463 -8.99215 0.0336376 14.8772 0.0157785 0.0358462 -0.0061013 0.531668 374 4
438.652 -8.95062 0.0348999 14.8738 0.0151865 -0.0422001 -0.00739993 0.609253 375 3
439.841 -8.90765 0.0361148 14.8707 0.0146109 -0.0383019 -0.00719409 0.696759 376 3
441.03 -8.86331 0.0372837 14.8679 0.0140225 -0.0356913 -0.00735498 0.574088 377 3
442.219 -8.81764 0.0384055 14.8653 0.0134255 -0.0319719 -0.00746294 0.703292 378 3
443.407 -8.7707 0.0394795 14.8687 0.0128369 0.0425935 -0.00735701 0.642904 379 4
444.596 -8.72253 0.0405065 14.8725 0.0122245 0.0471711 -0.00765523 0.717516 380 4
445.784 -8.67319 0.0414845 14.8763 0.0115964 0.0468612 -0.00785197 0.492752 381 4
446.973 -8.62273 0.0424122 14.8796 0.0109784 0.0412464 -0.00772394 0.532073 382 4
448.163 -8.57121 0.0432904 14.8757 0.0105026 -0.0482917 -0.00594774 0.494701 383 3
449.351 -8.51871 0.0441307 14.8724 0.0100983 -0.0406504 -0.00505396 0.454367 384 3
450.54 -8.46526 0.0449385 14.8694 0.00965369 -0.0375271 -0.0055578 0.542036 385 3
451.728 -8.41091 0.0457108 14.8714 0.00917276 0.0239134 -0.00601165 0.525503 386 4
452.917 -8.35567 0.0464446 14.8675 0.0086094 -0.048399 -0.00704192 0.536475 387 3
454.105 -8.29963 0.0471334 14.8618 0.0081245 -0.0707626 -0.0060613 0.535548 388 4
455.292 -8.24284 0.0477833 14.8574 0.00745542 -0.0548601 -0.00836352 0.575808 389 3
456.48 -8.18536 0.0483798 14.852 0.00682721 -0.0678539 -0.00785259 0.673819 390 3
457.666 -8.12725 0.048926 14.8467 0.00617291 -0.0665903 -0.00817878 0.660997 391 3
458.853 -8.06858 0.0494198 14.8408 0.00551443 -0.0728607 -0.00823101 0.659703 392 3
460.039 -8.0094 0.0498609 14.8355 0.00482491 -0.0662923 -0.00861897 0.661887 393 3
461.224 -7.94979 0.0502469 14.8295 0.00413419 -0.0751853 -0.00863399 0.636869 394 3
462.409 -7.88982 0.0505777 14.8251 0.00340435 -0.0550985 -0.00912296 0.651404 395 3
463.593 -7.82953 0.05085 14.8209 0.00271079 -0.0523806 -0.00866952 0.690134 396 3
464.777 -7.76901 0.0510669 14.8168 0.00203735 -0.0520349 -0.00841809 0.747562 397 3
465.961 -7.70831 0.0512299 14.8083 0.00121418 -0.105822 -0.0102896 0.822311 398 4
467.144 -7.64753 0.051327 14.806 0.000438661 -0.0281692 -0.00969395 0.620534 399 3
468.327 -7.58672 0.0513621 14.8032 -0.00021424 -0.0360847 -0.00816126 0.61082 400 3
469.51 -7.52594 0.051345 14.8003 -0.000895778 -0.0356197 -0.00851922 0.600073 401 3
470.692 -7.46526 0.0512733 14.7808 -0.00172686 -0.244188 -0.0103885 0.642072 402 2
471.873 -7.40482 0.0511351 14.7787 -0.00228224 -0.0263453 -0.00694227 0.709779 403 3
473.054 -7.34461 0.0509526 14.7767 -0.00284135 -0.0245452 -0.00698885 0.663635 404 3
474.235 -7.28467 0.0507253 14.7749 -0.00340165 -0.0228405 -0.00700369 0.711814 405 3
475.415 -7.22506 0.0504531 14.7732 -0.00396075 -0.0212789 -0.00698876 0.645178 406 3
476.595 -7.16583 0.0501363 14.7761 -0.00482003 0.0364065 -0.0107411 0.668073 407 4
477.776 -7.10705 0.0497507 14.7795 -0.00564553 0.0421405 -0.0103188 0.697852 408 4
478.957 -7.04878 0.049299 14.758 -0.00620077 -0.268543 -0.0069404 0.692298 409 2
480.136 -6.99118 0.048803 14.7569 -0.00663059 -0.0140309 -0.00537282 0.778567 410 3
481.315 -6.93422 0.0482725 14.7338 -0.00709297 -0.287819 -0.00577974 0.641067 411 2
482.493 -6.87801 0.0477051 14.733 -0.00749308 -0.0105262 -0.00500139 0.700353 412 3
483.67 -6.82251 0.0471056 14.7316 -0.00787194 -0.0171185 -0.0047357 0.688444 413 3
484.847 -6.76776 0.0464759 14.7305 -0.0082404 -0.0145435 -0.00460574 0.707322 414 3
486.025 -6.71378 0.0458166 14.7288 -0.00858368 -0.0209808 -0.00429106 0.711131 415 3
487.202 -6.66062 0.04513 14.7266 -0.00890003 -0.0276804 -0.0039543 0.872215 416 3
488.379 -6.60831 0.0444179 14.7245 -0.00920645 -0.0259638 -0.00383026 0.845763 417 3
489.555 -6.55687 0.0436814 14.722 -0.00947945 -0.0306368 -0.00341255 0.791236 418 3
490.732 -6.50634 0.0429231 14.7192 -0.00972541 -0.0355721 -0.00307442 0.806531 419 3
491.909 -6.45672 0.042145 14.7165 -0.00989904 -0.0329256 -0.00217039 0.815268 420 3
493.085 -6.40805 0.0413531 14.7241 -0.0103381 0.0940323 -0.00548834 0.737168 421 4
494.262 -6.36033 0.0405261 14.7211 -0.0104471 -0.0369072 -0.00136225 0.797665 422 3
495.439 -6.3136 0.0396903 14.718 -0.0105173 -0.0392556 -0.000877585 0.71866 423 3
496.615 -6.26787 0.0388489 14.7231 -0.010809 0.0644565 -0.00364629 0.763225 424 4
497.792 -6.22314 0.0379842 14.7281 -0.0110456 0.0618696 -0.00295758 0.981805 425 4
498.97 -6.17943 0.0371006 14.7328 -0.0112277 0.0588775 -0.00227676 0.882692 426 4
500.147 -6.13677 0.0362023 14.7366 -0.0113518 0.0478148 -0.00155098 0.795877 427 4
501.326 -6.09517 0.0352942 14.7401 -0.0114429 0.0432253 -0.00113859 0.872154 428 4
502.504 -6.05464 0.0343788 14.7537 -0.0123336 0.170493 -0.0111338 0.821998 429 6
503.684 -6.01524 0.0333921 14.7527 -0.0122472 -0.0121117 0.00108063 0.88311 430 4
504.863 -5.97699 0.0324123 14.7472 -0.0121215 -0.069654 0.00157023 1.00514 431 4
506.043 -5.9399 0.0314426 14.7546 -0.0121675 0.0931382 -0.000574242 0.868806 432 5
507.222 -5.90394 0.0304692 14.7417 -0.0119091 -0.161767 0.00323028 0.932658 433 4
508.401 -5.86914 0.0295164 14.726 -0.011604 -0.195479 0.00381283 0.80435 434 4
509.579 -5.83546 0.0285881 14.7127 -0.0113112 -0.166237 0.00366091 0.833743 435 4
510.755 -5.80288 0.0276832 14.6979 -0.0110165 -0.185883 0.00368366 0.85071 436 4
511.931 -5.77137 0.0268019 14.7229 -0.0116923 0.313342 -0.00844728 0.908195 437 6
513.108 -5.74091 0.0258665 14.7075 -0.0112969 -0.192869 0.00494127 1.03067 438 4
514.284 -5.71154 0.0249628 14.6922 -0.0108228 -0.191462 0.00592708 0.887783 439 4
515.46 -5.68322 0.024097 14.6765 -0.0103493 -0.196743 0.00591797 0.839957 440 4
516.633 -5.6559 0.023269 14.6608 -0.00990807 -0.195515 0.005516 0.921158 441 4
517.806 -5.62954 0.0224764 14.6439 -0.00937797 -0.21193 0.00662619 0.862065 442 4
518.977 -5.60409 0.0217261 14.6264 -0.00888069 -0.217831 0.006216 0.907895 443 4
520.147 -5.5795 0.0210157 14.6073 -0.00836134 -0.239837 0.00649194 1.05981 444 4
521.315 -5.55573 0.0203468 14.5873 -0.00778885 -0.249636 0.00715602 0.795171 445 4
522.482 -5.53271 0.0197237 14.6075 -0.00451985 0.252962 0.0408626 0.807655 446 0
523.65 -5.51009 0.0193621 14.5853 -0.00422761 -0.277424 0.00365299 0.969252 447 4
524.817 -5.48789 0.0190239 14.6071 -0.000769398 0.272548 0.0432276 0.993201 448 0
525.985 -5.46573 0.0189623 14.5817 -0.000809561 -0.318432 -0.000502037 0.961769 449 4
527.152 -5.44369 0.0188975 14.5901 0.00200997 0.105333 0.0352442 1.02948 450 0
528.319 -5.42145 0.0190583 14.6034 0.00500112 0.166082 0.0373893 0.810175 451 0
529.487 -5.39872 0.0194584 14.5723 0.00440062 -0.388455 -0.00750622 0.988481 452 4
530.652 -5.37562 0.0198105 14.5795 0.00693641 0.0907421 0.0316974 1.04198 453 0
531.818 -5.35187 0.0203654 14.5464 0.00620866 -0.414872 -0.00909688 0.974266 454 4
532.982 -5.32759 0.0208621 14.513 0.00562375 -0.417566 -0.00731142 0.960852 455 4
534.143 -5.30285 0.021312 14.4812 0.00508915 -0.397158 -0.00668243 0.910773 456 4
535.301 -5.27769 0.0217191 14.5141 0.00353947 0.411725 -0.0193711 1.07048 457 5
536.462 -5.25215 0.0220023 14.5711 0.00354596 0.711918 8.11619e-05 0.895266 458 1
537.627 -5.22617 0.022286 14.537 0.00323452 -0.425875 -0.00389299 0.917294 459 4
538.79 -5.19995 0.0225447 14.5037 0.0031095 -0.416386 -0.00156272 0.805687 460 4
539.95 -5.17351 0.0227935 14.4729 0.00312267 -0.384831 0.000164524 0.866662 461 4
541.107 -5.14683 0.0230433 14.4587 0.00445913 -0.177121 0.0167059 0.79944 462 0
542.264 -5.11977 0.0234 14.4324 0.00432208 -0.328732 -0.00171324 0.902503 463 4
543.418 -5.09235 0.0237458 14.4106 0.00438379 -0.273037 0.00077149 0.886114 464 4
544.57 -5.06458 0.0240965 14.3951 0.00440802 -0.193214 0.00030279 0.9318 465 4
545.722 -5.03642 0.0244491 14.3843 0.00458675 -0.135934 0.00223419 0.793808 466 4
546.872 -5.00787 0.0248161 14.4085 0.00261351 0.303078 -0.0246656 0.885366 467 5
548.024 -4.97903 0.0250251 14.4039 0.00307619 -0.0581145 0.00578351 0.820896 468 4
549.176 -4.94991 0.0252712 14.4642 0.00187767 0.75444 -0.0149815 0.785911 469 6
550.333 -4.9205 0.0254215 14.4685 0.00263947 0.0538945 0.00952254 0.78561 470 4
551.49 -4.89083 0.0256326 14.4748 0.00189465 0.0783682 -0.00931023 0.711109 471 0
552.648 -4.86098 0.0257842 14.556 -0.00262254 1.01506 -0.0564649 0.970523 472 1
553.812 -4.8312 0.0255744 14.5394 -0.00467937 -0.207996 -0.0257103 0.683639 473 0
554.975 -4.80189 0.0252 14.5374 -0.003029 -0.0242591 0.0206296 0.789535 474 4
556.137 -4.77287 0.0249577 14.5292 -0.00511274 -0.102949 -0.0260467 0.676687 475 0
557.299 -4.74434 0.0245487 14.5442 -0.00666164 0.187898 -0.0193613 0.71228 476 0
558.463 -4.7164 0.0240158 14.5493 -0.00835677 0.0631332 -0.0211892 0.709011 477 0
559.626 -4.68922 0.0233472 14.564 -0.00990088 0.183582 -0.0193013 0.729592 478 0
560.791 -4.66295 0.0225552 14.5636 -0.00954114 -0.00457764 0.00449668 0.67509 479 5
561.956 -4.63756 0.0217919 14.5773 -0.00819712 0.171769 0.0168003 0.672133 480 5
563.122 -4.61291 0.0211361 14.5932 -0.00614304 0.198174 0.0256761 0.648234 481 5
564.289 -4.58881 0.0206446 14.6212 -0.00464627 0.350773 0.0187095 0.664572 482 5
565.458 -4.5651 0.0202729 14.6499 -0.00304339 0.358391 0.020036 0.597888 483 5
566.63 -4.54163 0.0200295 14.6764 -0.00109806 0.331306 0.0243167 0.812012 484 5
567.804 -4.51822 0.0199416 14.7019 0.000744614 0.317955 0.0230334 0.612601 485 5
568.98 -4.49469 0.0200012 14.7317 0.0023621 0.373554 0.0202186 0.620112 486 5
570.158 -4.4709 0.0201902 14.7592 0.00423517 0.343406 0.0234133 0.64504 487 5
571.339 -4.44666 0.020529 14.7847 0.00586391 0.318992 0.0203593 0.672874 488 5
572.521 -4.42183 0.0209981 14.8149 0.00743721 0.377321 0.0196663 0.650568 489 5
573.706 -4.39624 0.0215931 14.8476 0.0089124 0.408077 0.0184398 0.708779 490 5
574.894 -4.36974 0.0223061 14.9093 0.0106505 0.772047 0.0217258 0.737235 491 3
576.086 -4.34213 0.0231581 14.9377 0.0121138 0.354195 0.0182915 0.779211 492 5
577.281 -4.3133 0.0241272 14.9649 0.0133473 0.339937 0.0154193 0.75626 493 5
578.478 -4.28314 0.025195 14.9954 0.0145223 0.381255 0.0146875 1.01443 494 5
579.677 -4.25152 0.0263568 15.0261 0.0155246 0.384557 0.0125281 1.07336 495 5
580.878 -4.21835 0.0275987 15.0772 0.0170635 0.638735 0.0192364 0.837571 496 3
582.084 -4.18342 0.0289638 15.1173 0.0162395 0.501418 -0.0102992 0.672917 497 6
583.293 -4.14682 0.030263 15.1514 0.0160123 0.42634 -0.00284065 0.59829 498 6
584.504 -4.1086 0.031544 15.1922 0.0159493 0.510001 -0.000787107 0.576432 499 6
585.719 -4.06871 0.0328199 15.2304 0.0162264 0.477541 0.00346329 0.443462 500 6
586.937 -4.02715 0.034118 15.2644 0.0160085 0.424516 -0.00272377 0.353796 501 8
588.157 -3.98393 0.0353987 15.3 0.0169047 0.445247 0.0112028 0.349345 502 6
589.38 -3.93896 0.0367511 15.3175 0.0190316 0.218749 0.0265857 0.556849 503 2
590.605 -3.89207 0.0382736 15.3545 0.0197512 0.462365 0.00899478 0.598361 504 6
591.832 -3.84313 0.0398537 15.3756 0.0206931 0.262976 0.0117746 0.670785 505 6
593.061 -3.79209 0.0415091 15.3889 0.0218975 0.166988 0.0150548 0.750065 506 2
594.291 -3.73884 0.0432609 15.421 0.022512 0.401533 0.00768108 0.712991 507 7
595.524 -3.68327 0.0450619 15.4433 0.0232679 0.277901 0.00944936 0.628066 508 7
596.758 -3.62532 0.0469233 15.4311 0.0228913 -0.152624 -0.00470753 0.648822 509 6
597.991 -3.56516 0.0487546 15.4209 0.023283 -0.127244 0.00489557 0.785792 510 2
599.223 -3.50274 0.0506173 15.3973 0.0232669 -0.29515 -0.000201259 0.668235 511 6
600.453 -3.43813 0.0524786 15.3795 0.0230819 -0.221646 -0.00231205 0.764563 512 6
601.682 -3.37132 0.0543252 15.38 0.0226732 0.00574589 -0.00510872 0.882775 513 2
602.91 -3.30228 0.0561391 15.3722 0.0221129 -0.0971079 -0.00700397 0.659577 514 6
604.138 -3.23111 0.0579081 15.3769 0.0210907 0.0589371 -0.0127774 0.789938 515 2
605.366 -3.15784 0.0595953 15.3809 0.0198078 0.0490189 -0.016037 0.633361 516 2
606.594 -3.08261 0.06118 15.3873 0.0183105 0.0803232 -0.0187159 0.647131 517 2
607.823 -3.00554 0.0626448 15.3792 0.0172302 -0.10128 -0.0135033 0.620611 518 3
609.05 -2.92683 0.0640232 15.3751 0.0158773 -0.0507355 -0.0169114 0.62185 519 3
610.278 -2.84657 0.0652934 15.3755 0.0143358 0.00442266 -0.0192693 0.804147 520 3
611.505 -2.76491 0.0664403 15.3817 0.0106678 0.0783086 -0.045849 0.599266 521 0
612.733 -2.68216 0.0672937 15.3649 0.0106737 -0.210667 7.26781e-05 0.814263 522 4
613.959 -2.59846 0.0681476 15.3494 0.00887915 -0.193548 -0.0224313 0.828623 523 6
615.184 -2.51397 0.0688579 15.3195 0.00720922 -0.374043 -0.0208742 0.944049 524 6
616.407 -2.42895 0.0694347 15.2703 0.00585146 -0.614703 -0.0169721 0.94519 525 6
617.625 -2.34362 0.0699028 15.2762 0.00310539 0.0732183 -0.0343258 0.903954 526 7
618.844 -2.25796 0.0701512 15.2725 0.000452387 -0.0452161 -0.0331626 0.868496 527 7
620.063 -2.17227 0.0701874 15.2163 0.000246319 -0.702941 -0.00257584 0.889801 528 6
621.278 -2.08688 0.0702071 15.218 -0.010845 0.0209212 -0.138642 0.918373 529 1
622.492 -2.00253 0.0693395 15.1673 -0.016011 -0.633287 -0.0645748 0.942934 530 0
623.703 -1.92001 0.0680586 15.1315 -0.013981 -0.447989 0.0253754 0.985699 531 6
624.91 -1.83904 0.0669401 15.1009 -0.012373 -0.382805 0.0200999 1.04605 532 6
626.116 -1.75943 0.0659503 15.0762 -0.0110647 -0.307953 0.0163542 0.859579 533 6
627.319 -1.68101 0.0650651 15.0516 -0.0100176 -0.307322 0.013088 0.950663 534 6
628.521 -1.60368 0.0642637 15.0344 -0.0091906 -0.215125 0.0103377 0.830638 535 6
629.721 -1.52732 0.0635285 15.087 -0.0125196 0.657022 -0.0416128 0.88016 536 9
630.926 -1.4519 0.0625269 15.1007 -0.0144834 0.17134 -0.0245476 0.81503 537 8
632.132 -1.37781 0.0613682 15.084 -0.0131791 -0.208879 0.0163048 0.823405 538 6
633.336 -1.30508 0.0603139 15.0974 -0.0155791 0.167727 -0.0300003 0.901892 539 8
634.542 -1.23378 0.0590676 15.0846 -0.0169852 -0.159717 -0.0175766 0.946557 540 7
635.747 -1.16417 0.0577088 15.0728 -0.0180517 -0.147676 -0.0133316 0.777115 541 7
636.951 -1.09636 0.0562646 15.0588 -0.0188674 -0.175619 -0.0101963 0.772992 542 7
638.154 -1.03043 0.0547552 15.0418 -0.0191331 -0.212049 -0.00332086 0.806801 543 7
639.355 -0.966416 0.0532246 15.0246 -0.0189985 -0.214469 0.00168283 0.87534 544 7
640.556 -0.904296 0.0517047 15.0048 -0.0184701 -0.247824 0.00660522 0.814286 545 7
641.755 -0.84403 0.0502271 14.9866 -0.0176606 -0.228119 0.0101178 0.913269 546 7
642.952 -0.785528 0.0488142 14.9564 -0.0166494 -0.376606 0.0126404 0.846635 547 7
644.147 -0.728736 0.0474823 14.9288 -0.0150457 -0.345469 0.0200466 1.00252 548 7
645.34 -0.673485 0.0462786 14.9069 -0.0131676 -0.273538 0.0234757 0.771081 549 7
646.531 -0.61957 0.0452252 14.8876 -0.0111758 -0.241101 0.0248979 0.948054 550 7
647.721 -0.566789 0.0443312 14.8912 -0.00848961 0.0451446 0.0335773 0.750554 551 5
648.911 -0.514803 0.043652 14.8843 -0.00671304 -0.086689 0.0222071 0.889979 552 7
650.101 -0.46348 0.0431149 14.8787 -0.00321511 -0.0696063 0.0437242 0.782821 553 5
651.29 -0.412482 0.0428577 14.8846 -0.00230059 0.07267 0.0114315 1.00812 554 7
652.48 -0.361683 0.0426737 14.8932 0.00162066 0.108337 0.0490156 0.691929 555 3
653.67 -0.3107 0.0428033 14.8786 0.00352643 -0.182855 0.0238221 0.8417 556 4
654.86 -0.259432 0.0430854 14.8737 0.00600332 -0.0617504 0.0309612 0.710676 557 4
656.048 -0.20761 0.0435657 14.8647 0.00887504 -0.111389 0.0358965 0.482959 558 4
657.236 -0.154975 0.0442757 14.8513 0.0100426 -0.168395 0.0145946 0.418714 559 3
658.423 -0.101435 0.0450791 14.8455 0.0117356 -0.0719786 0.0211628 0.348132 560 3
659.61 -0.0468013 0.046018 14.8469 0.0131498 0.017488 0.0176769 0.392278 561 1
660.796 0.00908548 0.04707 14.8446 0.0138375 -0.0284195 0.00859641 0.337253 562 2
661.982 0.0662769 0.048177 14.8477 0.0150426 0.03829 0.0150639 0.328733 563 2
663.169 0.124908 0.0493804 14.8228 0.0151393 -0.311077 0.00120823 0.328724 564 4
664.353 0.184875 0.0505915 14.8315 0.015425 0.108624 0.00357118 0.351264 565 1
665.538 0.246339 0.0518255 14.8215 0.0132378 -0.125277 -0.0273397 0.350114 566 5
666.722 0.309016 0.0528845 14.8235 0.0110543 0.0258088 -0.027293 0.366358 567 5
667.906 0.372749 0.0537689 14.8197 0.0103939 -0.0483155 -0.00825549 0.324641 568 4
669.09 0.43745 0.0546004 14.8152 0.00789326 -0.0558734 -0.0312582 0.341367 569 5
670.273 0.502878 0.0552319 14.8163 0.00621951 0.0133276 -0.0209219 0.358171 570 4
671.457 0.5689 0.0557294 14.8159 0.00412212 -0.00419617 -0.0262174 0.359452 571 4
672.64 0.635311 0.0560592 14.8149 0.0016735 -0.0123858 -0.0306078 0.341715 572 4
673.824 0.701876 0.0561931 14.8228 9.6382e-05 0.0983834 -0.0197139 0.360715 573 3
675.008 0.768485 0.0562008 14.8325 -0.00198644 0.120831 -0.0260353 0.336833 574 3
676.192 0.83495 0.0560419 14.8455 -0.00446162 0.163019 -0.0309397 0.372798 575 3
677.378 0.901049 0.0556849 14.8738 -0.00711751 0.35286 -0.0331986 0.338675 576 3
678.566 0.966598 0.0551155 14.8874 -0.0101436 0.17066 -0.0378258 0.652992 577 4
679.755 1.03124 0.054304 14.9142 -0.011982 0.334501 -0.0229801 0.600527 578 0
680.947 1.09486 0.0533455 14.9429 -0.014803 0.359476 -0.0352623 0.602643 579 4
682.141 1.15719 0.0521613 14.9771 -0.0171927 0.427401 -0.0298713 0.622792 580 4
683.337 1.21801 0.0507858 14.9855 -0.0193188 0.104749 -0.0265762 0.712162 581 3
684.535 1.27702 0.0492403 15.0017 -0.0211972 0.20262 -0.0234807 0.610343 582 2
685.733 1.33406 0.0475446 15.0497 -0.0233682 0.599277 -0.027137 0.503086 583 2
686.936 1.38903 0.0456751 15.1102 -0.0256142 0.757098 -0.0280749 0.396542 584 2
688.144 1.44175 0.043626 15.1801 -0.0278448 0.873518 -0.027883 0.353231 585 2
689.357 1.49201 0.0413984 15.2599 -0.0301593 0.997567 -0.0289312 0.37223 586 1
690.577 1.53959 0.0389856 15.345 -0.0327376 1.06421 -0.0322288 0.361715 587 0
691.804 1.58422 0.0363666 15.4311 -0.0352477 1.07605 -0.0313768 0.333161 588 0
693.038 1.62563 0.0335468 15.5175 -0.0376415 1.07979 -0.0299219 0.324577 589 0
694.278 1.66353 0.0305355 15.6037 -0.0399163 1.07775 -0.0284352 0.359553 590 0
695.526 1.69766 0.0273422 15.6885 -0.0420762 1.05991 -0.0269992 0.357887 591 0
696.781 1.72775 0.0239761 15.7714 -0.0440895 1.03546 -0.0251662 0.321587 592 0
698.042 1.75355 0.0204489 15.8513 -0.0459445 0.999045 -0.0231866 0.356564 593 0
699.31 1.77481 0.0167734 15.9282 -0.045627 0.961995 0.00396804 0.367454 594 3
700.584 1.79154 0.0131232 16.0003 -0.0452462 0.90028 0.00475999 0.347259 595 3
701.864 1.8037 0.00950351 16.0661 -0.0462824 0.823331 -0.0129519 0.365805 596 1
703.15 1.81116 0.00580092 16.1252 -0.0456107 0.738311 0.00839587 0.344624 597 3
704.44 1.81393 0.00215206 16.1765 -0.0448673 0.641561 0.00929208 0.346751 598 3
705.734 1.81207 -0.00143733 16.2194 -0.044846 0.53544 0.000266265 0.353833 599 2
707.031 1.80555 -0.00502501 16.2534 -0.0446885 0.425529 0.00196872 0.375713 600 2
708.332 1.79437 -0.00860009 16.2786 -0.0452056 0.314689 -0.00646319 0.345621 601 1
709.634 1.77846 -0.0122165 16.2949 -0.0455278 0.204229 -0.00402802 0.323709 602 1
710.937 1.75779 -0.0158588 16.3027 -0.0456635 0.0972748 -0.00169589 0.582956 603 1
712.241 1.73234 -0.0195119 16.3013 -0.0463948 -0.0170469 -0.00914112 0.356137 604 0
713.545 1.70206 -0.0232234 16.2928 -0.0468964 -0.106835 -0.00626994 0.334871 605 0
714.848 1.6669 -0.0269751 16.2602 -0.0414845 -0.40679 0.0676485 0.515275 606 7
716.148 1.6275 -0.0302939 16.2264 -0.036319 -0.423527 0.0645694 0.559659 607 7
717.445 1.58441 -0.0331994 16.1935 -0.033053 -0.41132 0.0408241 0.636563 608 5
718.74 1.53799 -0.0358437 16.1435 -0.0315882 -0.624394 0.0183101 0.59365 609 2
720.031 1.48845 -0.0383707 16.0904 -0.0300533 -0.663447 0.0191862 0.589424 610 3
721.317 1.43597 -0.040775 16.0434 -0.0235106 -0.587893 0.0817849 0.701382 611 9
722.599 1.38124 -0.0426558 15.9745 -0.0179106 -0.861752 0.0699998 0.866627 612 8
723.876 1.32492 -0.0440887 15.9314 -0.0121452 -0.538087 0.0720665 1.01452 613 9
725.149 1.26751 -0.0450603 15.8895 -0.00675392 -0.523829 0.0673916 0.952665 614 9
726.419 1.20956 -0.0456006 15.8487 -0.00171725 -0.510621 0.0629584 0.929307 615 9
727.685 1.15159 -0.045738 15.8088 0.00298386 -0.498438 0.0587638 0.735672 616 9
728.949 1.09407 -0.0454993 15.7698 0.00736817 -0.487113 0.0548039 0.804904 617 9
730.209 1.03743 -0.0449098 15.7317 0.0114541 -0.476742 0.0510746 0.810251 618 9
731.466 0.98208 -0.0439935 15.6943 0.0152597 -0.467038 0.0475692 0.667633 619 9
732.721 0.928394 -0.0427727 15.6556 0.0193313 -0.483251 0.0508949 0.780571 620 10
733.972 0.876774 -0.0412262 15.623 0.0230133 -0.408649 0.0460255 0.927376 621 10
735.221 0.827562 -0.0393852 15.5794 0.0257501 -0.543809 0.0342095 0.816716 622 9
736.467 0.781053 -0.0373252 15.5459 0.028239 -0.419283 0.0311118 0.733368 623 9
737.71 0.737451 -0.035066 15.5174 0.0304706 -0.356221 0.0278951 0.827154 624 9
738.95 0.696953 -0.0326284 15.49 0.0324582 -0.342155 0.0248454 0.826753 625 9
740.189 0.659744 -0.0300317 15.4626 0.0342467 -0.342882 0.0223562 0.979988 626 9
741.425 0.625987 -0.027292 15.4364 0.0358153 -0.327384 0.019607 0.969846 627 9
742.66 0.595825 -0.0244268 15.4115 0.0371803 -0.311422 0.017062 0.934551 628 9
743.893 0.569378 -0.0214523 15.3944 0.0388791 -0.213349 0.0212352 1.03391 629 10
745.124 0.54679 -0.018342 15.3706 0.0398625 -0.297356 0.0122925 0.889222 630 9
746.354 0.528158 -0.015153 15.348 0.0406708 -0.282896 0.0101037 1.1155 631 9
747.581 0.513548 -0.0118994 15.3257 0.0413641 -0.279164 0.00866605 0.993695 632 9
748.807 0.503016 -0.00859023 15.3034 0.041944 -0.278282 0.00724937 0.944599 633 9
750.032 0.496607 -0.00523471 15.2903 0.0427858 -0.164294 0.0105224 1.13108 634 10
751.255 0.494391 -0.00181185 15.2696 0.0430994 -0.257945 0.00391998 1.01109 635 9
752.476 0.49639 0.0016361 15.2493 0.0433294 -0.254226 0.00287448 1.12894 636 9
753.696 0.502614 0.00510245 15.2292 0.0434826 -0.251722 0.00191526 1.09962 637 9
754.915 0.513069 0.00858106 15.2093 0.0435654 -0.248075 0.00103549 1.05787 638 9
756.131 0.52775 0.0120663 15.1988 0.0437876 -0.131774 0.00277734 1.09041 639 10
757.347 0.54668 0.0155693 15.1886 0.0438921 -0.12691 0.00130646 1.03517 640 10
758.562 0.569863 0.0190807 15.1787 0.0438848 -0.123596 -9.1549e-05 1.05616 641 10
759.776 0.597294 0.0225915 15.1691 0.0437743 -0.120449 -0.00138176 1.01309 642 10
760.989 0.628955 0.0260934 15.1597 0.0435685 -0.117469 -0.0025718 0.965967 643 10
762.201 0.664823 0.0295789 15.1507 0.0432809 -0.112414 -0.00359518 1.06802 644 10
763.413 0.704863 0.0330414 15.1419 0.0429122 -0.110149 -0.00460842 0.956338 645 10
764.623 0.749037 0.0364743 15.1324 0.0425129 -0.118244 -0.00499208 1.00646 646 10
765.833 0.797297 0.0398754 15.1234 0.0420413 -0.113344 -0.00589401 0.93276 647 10
767.042 0.849594 0.0432387 15.1077 0.0415934 -0.195968 -0.00559967 0.942256 648 9
768.249 0.905854 0.0465661 15.099 0.0409904 -0.108194 -0.00753673 0.994773 649 10
769.455 0.966038 0.0498454 15.0907 0.0403312 -0.103772 -0.00824039 0.880827 650 10
770.661 1.03008 0.0530719 15.0831 0.0396277 -0.0949025 -0.00879434 0.903407 651 10
771.866 1.09791 0.0562421 15.0756 0.0388818 -0.0946999 -0.00932342 0.956644 652 10
773.069 1.16945 0.0593526 15.0682 0.0380928 -0.092411 -0.0098628 0.930831 653 10
774.273 1.24462 0.0624 15.061 0.0372629 -0.0898123 -0.0103726 0.776336 654 10
775.475 1.32334 0.0653811 15.054 0.0363953 -0.0872254 -0.010845 1.02605 655 10
776.676 1.40552 0.0682927 15.0472 0.0354927 -0.0844836 -0.011283 0.814923 656 10
777.877 1.49108 0.0711321 15.0407 0.0345575 -0.0817776 -0.0116901 0.824662 657 10
779.077 1.57991 0.0738967 15.0344 0.033592 -0.0790596 -0.0120687 0.94592 658 10
780.276 1.67194 0.0765841 15.0264 0.0328751 -0.0998735 -0.008961 0.716643 659 9
781.475 1.76706 0.0792141 15.0169 0.0323103 -0.118184 -0.00706087 0.849024 660 9
782.672 1.86522 0.0817989 15.0108 0.0316653 -0.0761032 -0.00806241 1.01664 661 10
783.869 1.96637 0.0843321 15.0027 0.0310804 -0.101829 -0.00731072 0.990353 662 9
785.064 2.07044 0.0868186 14.9969 0.0304525 -0.0727534 -0.00784928 1.02581 663 10
786.259 2.17738 0.0892548 14.9844 0.0298685 -0.155437 -0.0072991 1.05643 664 10
787.453 2.28709 0.0916442 14.9627 0.0291843 -0.271714 -0.00855308 0.961045 665 10
788.645 2.39942 0.093979 14.9399 0.0290779 -0.285399 -0.00132981 1.02185 666 6
789.834 2.51434 0.0963052 14.9108 0.0283158 -0.363493 -0.00952675 1.13594 667 10
791.021 2.63173 0.0985705 14.9128 0.0276927 0.0252485 -0.00778884 1.08689 668 5
792.208 2.75177 0.100786 14.9599 0.0273598 0.588846 -0.00416045 0.900848 669 3
793.399 2.87479 0.102975 14.9202 0.0263215 -0.49715 -0.0129791 0.73784 670 10
794.586 2.99999 0.10508 14.936 0.0249955 0.197589 -0.0165743 0.79173 671 4
795.774 3.12769 0.10708 14.8995 0.023811 -0.45625 -0.0148071 0.794563 672 10
796.959 3.25734 0.108985 14.9351 0.0217985 0.445855 -0.0251555 1.02233 673 3
798.146 3.38937 0.110729 14.9005 0.0205694 -0.432622 -0.0153646 0.97838 674 10
799.331 3.52304 0.112374 14.9444 0.0182248 0.54822 -0.0293067 0.934325 675 2
800.519 3.65884 0.113832 14.9104 0.0170393 -0.4246 -0.0148187 0.957888 676 10
801.704 3.79594 0.115195 14.9329 0.0135564 0.281668 -0.043537 0.735405 677 2
802.89 3.93454 0.11628 14.9612 0.00950232 0.353479 -0.0506757 0.733749 678 1
804.079 4.07431 0.11704 14.9296 0.00863493 -0.395465 -0.0108424 0.864304 679 10
805.265 4.2146 0.117731 14.8993 0.00763607 -0.378227 -0.0124857 0.803701 680 10
806.449 4.35533 0.118342 14.8702 0.00653739 -0.364208 -0.0137336 0.880502 681 10
807.63 4.4964 0.118865 14.8418 0.00538008 -0.354552 -0.0144664 0.758763 682 10
808.809 4.63771 0.119295 14.8187 0.00414344 -0.289249 -0.0154579 0.838403 683 10
809.986 4.77919 0.119627 14.7938 0.00282413 -0.311267 -0.0164915 0.853091 684 10
811.161 4.92069 0.119853 14.7705 0.001465 -0.291431 -0.0169891 0.834622 685 10
812.334 5.06211 0.11997 14.7484 7.6925e-05 -0.276339 -0.0173509 0.766583 686 10
813.505 5.20333 0.119976 14.7278 -0.00135104 -0.256968 -0.0178496 0.780402 687 10
814.675 5.34422 0.119868 14.7097 -0.00280229 -0.226212 -0.0181406 0.729174 688 10
815.843 5.48468 0.119644 14.6867 -0.0042173 -0.287282 -0.0176877 0.848715 689 10
817.01 5.62453 0.119306 14.6676 -0.00566663 -0.239038 -0.0181167 0.872458 690 10
818.175 5.76366 0.118853 14.6521 -0.00714679 -0.193691 -0.0185019 0.780579 691 10
819.339 5.90198 0.118281 14.634 -0.0085985 -0.225794 -0.0181464 0.777828 692 10
820.502 6.03934 0.117593 14.6197 -0.0100617 -0.17947 -0.0182896 0.794888 693 10
821.663 6.17562 0.116788 14.6015 -0.0114547 -0.227129 -0.0174129 0.946804 694 10
822.824 6.31067 0.115872 14.59 -0.0129008 -0.143659 -0.0180765 0.948026 695 10
823.983 6.44442 0.11484 14.5809 -0.0143311 -0.113881 -0.0178784 0.906612 696 10
825.142 6.57675 0.113694 14.5905 -0.0159732 0.119638 -0.020526 0.894504 697 9
826.302 6.70769 0.112416 14.6013 -0.0175035 0.135672 -0.0191292 0.918514 698 9
827.463 6.8371 0.111015 14.6128 -0.0189404 0.142705 -0.017961 0.8866 699 9
828.625 6.96486 0.1095 14.6223 -0.0203686 0.119352 -0.0178524 0.925624 700 9
829.788 7.0908 0.107871 14.6133 -0.021481 -0.112259 -0.0139059 1.3261 701 10
830.95 7.21466 0.106152 14.6053 -0.0225641 -0.0999689 -0.0135381 0.968839 702 10
832.112 7.33636 0.104347 14.601 -0.0236294 -0.0535727 -0.0133167 0.983636 703 10
833.274 7.45583 0.102457 14.5983 -0.0246612 -0.0339508 -0.0128974 1.04158 704 10
834.436 7.57299 0.100484 14.5972 -0.0256559 -0.0136733 -0.0124335 1.06262 705 10
835.598 7.68775 0.0984314 14.5975 -0.0266083 0.00332594 -0.0119053 1.18523 706 10
836.761 7.80003 0.0963027 14.6011 -0.0275248 0.0451803 -0.0114561 1.02383 707 10
837.924 7.90979 0.0941007 14.6038 -0.0283797 0.033927 -0.0106861 1.09966 708 10
839.087 8.01693 0.0918303 14.6181 -0.0292374 0.178456 -0.0107218 1.14473 709 9
840.252 8.12144 0.0894913 14.6135 -0.0299287 -0.0570059 -0.00864044 1.15071 710 10
841.417 8.22314 0.0870971 14.6435 -0.0305686 0.375128 -0.0079996 1.20631 711 8
842.584 8.32219 0.0846516 14.6488 -0.0312722 0.0658989 -0.00879501 1.25722 712 10
843.752 8.41835 0.0821498 14.6532 -0.0318858 0.0543237 -0.0076693 1.24791 713 10
844.92 8.51156 0.0795989 14.6703 -0.0325808 0.214767 -0.00868822 1.21635 714 9
846.091 8.60183 0.0769925 14.6779 -0.0330644 0.0939965 -0.00604498 1.1869 715 10
847.262 8.68905 0.0743473 14.6986 -0.0336773 0.258768 -0.00766115 1.27258 716 9
848.434 8.77324 0.0716531 14.7045 -0.0339443 0.074327 -0.00333698 1.41583 717 10
849.608 8.85427 0.0689376 14.717 -0.0341132 0.156653 -0.0021114 1.25023 718 10
850.783 8.93216 0.0662085 14.7301 -0.034152 0.162923 -0.000484986 1.09893 719 10
851.959 9.00691 0.0634763 14.7459 -0.0341009 0.197697 0.000638748 1.159 720 10
853.136 9.07853 0.0607483 14.779 -0.0335544 0.413907 0.00683162 1.06076 721 8
854.317 9.14714 0.0580639 14.8031 -0.0333278 0.301063 0.00283201 1.17766 722 9
855.499 9.21272 0.0553977 14.8341 -0.0326501 0.387537 0.00847089 1.13256 723 8
856.684 9.27533 0.0527857 14.8571 -0.0323875 0.286925 0.00328263 1.18006 724 9
857.871 9.33496 0.0501947 14.8876 -0.0316669 0.381446 0.00900794 1.10749 725 8
859.061 9.39171 0.0476613 14.9116 -0.0313815 0.30055 0.00356724 1.11044 726 9
860.253 9.44555 0.0451508 14.9649 -0.0292467 0.665712 0.0266855 1.1199 727 5
861.449 9.49679 0.0428111 14.9844 -0.0293824 0.244641 -0.0016964 1.11683 728 9
862.646 9.54528 0.0404605 15.0057 -0.0293969 0.265193 -0.00018084 1.00264 729 9
863.846 9.59101 0.0381087 15.0267 -0.0296433 0.263333 -0.00307991 1.00397 730 10
865.047 9.63396 0.0357373 15.0395 -0.029609 0.160098 0.000428408 1.06398 731 10
866.25 9.6741 0.0333686 15.0507 -0.0292735 0.139391 0.00419326 1.08475 732 9
867.453 9.71146 0.0310267 15.1056 -0.0272093 0.687063 0.0258022 1.2234 733 5
868.661 9.74632 0.0288499 15.1321 -0.0269989 0.330544 0.00263003 1.34147 734 8
869.871 9.77862 0.02669 15.1723 -0.0256338 0.502324 0.0170648 1.25337 735 5
871.085 9.80853 0.0246393 15.185 -0.0260786 0.159299 -0.00556032 1.11868 736 9
872.299 9.83592 0.022553 15.2119 -0.0260661 0.335777 0.000156485 1.20144 737 9
873.516 9.86083 0.0204677 15.2548 -0.0248678 0.53699 0.0149779 1.07723 738 6
874.736 9.88338 0.0184783 15.2951 -0.0239105 0.503588 0.0119669 1.26491 739 6
875.96 9.90365 0.0165655 15.3329 -0.0241839 0.472641 -0.00341805 1.11285 740 10
877.186 9.92159 0.0146308 15.3725 -0.0237853 0.494409 0.00498313 0.964197 741 10
878.416 9.93724 0.0127279 15.413 -0.0227831 0.506616 0.0125276 1.17142 742 10
879.649 9.95069 0.0109053 15.4634 -0.0205533 0.630093 0.0278714 1.19967 743 6
880.886 9.96215 0.00926103 15.4941 -0.0196023 0.382984 0.0118878 1.06575 744 10
882.125 9.97168 0.00769284 15.5317 -0.0181572 0.470304 0.0180644 1.16488 745 6
883.368 9.97944 0.00624027 15.57 -0.0171347 0.478828 0.0127814 1.00947 746 6
884.613 9.9855 0.0048695 15.6032 -0.0165752 0.415206 0.0069937 0.972209 747 6
885.862 9.98992 0.00354348 15.6321 -0.0164149 0.361574 0.00200353 0.755785 748 6
887.112 9.99271 0.00223029 15.6793 -0.0208461 0.589311 -0.0553908 0.605883 749 1
888.367 9.99342 0.000562602 15.7008 -0.0205528 0.268853 0.00366701 0.71613 750 6
889.623 9.99206 -0.00108162 15.734 -0.0261488 0.415576 -0.0699497 0.693523 751 0
890.881 9.98807 -0.00317352 15.733 -0.0252872 -0.0126958 0.0107695 0.805334 752 8
892.14 9.98153 -0.0051965 15.7485 -0.0247012 0.193512 0.00732504 0.616659 753 7
893.4 9.97249 -0.00717259 15.7391 -0.0239521 -0.117362 0.00936356 0.663228 754 8
894.659 9.96105 -0.00908876 15.7233 -0.023294 -0.197518 0.0082257 0.658148 755 8
895.917 9.94727 -0.0109523 15.7217 -0.0231344 -0.0197291 0.0019961 0.647934 756 7
897.174 9.93117 -0.012803 15.7132 -0.0232547 -0.107324 -0.00150411 0.745808 757 7
898.431 9.91273 -0.0146634 15.6979 -0.0236201 -0.190365 -0.00456744 0.693978 758 7
899.687 9.89195 -0.016553 15.6751 -0.0242056 -0.285876 -0.00731922 0.686159 759 7
900.941 9.86876 -0.0184895 15.6419 -0.0241931 -0.413835 0.000157044 0.82637 760 6
902.192 9.84321 -0.0204249 15.6061 -0.0241006 -0.448608 0.00115568 0.643021 761 6
903.44 9.8153 -0.022353 15.5683 -0.0301328 -0.471771 -0.0754031 0.793428 762 0
904.685 9.78446 -0.0247636 15.5396 -0.0353861 -0.35888 -0.0656657 0.82692 763 0
905.928 9.75016 -0.0275945 15.5156 -0.0400249 -0.300407 -0.0579848 0.668283 764 0
907.168 9.71194 -0.0307965 15.491 -0.0441694 -0.307238 -0.0518061 0.892592 765 0
908.407 9.66941 -0.03433 15.4708 -0.047775 -0.252235 -0.0450701 0.761515 766 0
909.644 9.6222 -0.038152 15.453 -0.0508931 -0.222921 -0.0389761 0.792374 767 0
910.879 9.57001 -0.0422235 15.4372 -0.0535648 -0.197506 -0.0333962 0.819784 768 0
912.112 9.5126 -0.0465086 15.423 -0.0558227 -0.177133 -0.0282241 0.978433 769 0
913.345 9.44973 -0.0509745 15.4096 -0.0577253 -0.167179 -0.0237827 0.873802 770 0
914.576 9.38123 -0.0555925 15.397 -0.0592933 -0.157571 -0.0195998 0.962308 771 0
915.805 9.30696 -0.0603359 15.3851 -0.0605463 -0.149226 -0.0156631 0.781818 772 0
917.033 9.22679 -0.0651796 15.3575 -0.0612023 -0.344443 -0.0081995 1.01016 773 1
918.259 9.14077 -0.0700758 15.3473 -0.0619056 -0.127697 -0.00879145 0.827884 774 0
919.483 9.04874 -0.0750283 15.3344 -0.0624112 -0.161922 -0.00631982 0.844645 775 0
920.706 8.95068 -0.0800212 15.3248 -0.0626318 -0.119638 -0.00275737 0.707988 776 0
921.928 8.84655 -0.0850317 15.315 -0.0626544 -0.121844 -0.000283308 0.705942 777 0
923.148 8.73638 -0.0900441 15.3063 -0.0624621 -0.10922 0.00240463 0.702912 778 0
924.367 8.62018 -0.095041 15.2971 -0.0620957 -0.115025 0.00457964 0.677419 779 0
925.584 8.49799 -0.100009 15.2876 -0.0615763 -0.118315 0.00649225 0.715308 780 0
926.801 8.36989 -0.104935 15.2781 -0.0609157 -0.119197 0.00825771 0.815117 781 0
928.016 8.23595 -0.109808 15.2681 -0.0601319 -0.125027 0.00979728 0.678539 782 0
929.229 8.09625 -0.114619 15.259 -0.059183 -0.113201 0.0118619 0.817368 783 0
930.441 7.9509 -0.119353 15.2498 -0.058132 -0.115359 0.0131372 0.72464 784 0
931.652 7.80001 -0.124004 15.2403 -0.0569887 -0.118542 0.0142915 0.716264 785 0
932.861 7.64369 -0.128563 15.2307 -0.0557652 -0.120294 0.0152934 0.685839 786 0
934.069 7.48208 -0.133024 15.2208 -0.0544693 -0.123322 0.0161986 0.738222 787 0
935.275 7.31533 -0.137382 15.2109 -0.0531125 -0.124097 0.0169605 0.864133 788 0
936.479 7.14355 -0.141631 15.2007 -0.0516991 -0.128186 0.0176674 0.740201 789 0
937.683 6.96692 -0.145767 15.1903 -0.0502368 -0.129926 0.0182783 0.789376 790 0
938.884 6.78558 -0.149786 15.1809 -0.0486678 -0.116754 0.0196125 0.731955 791 0
940.084 6.59967 -0.153679 15.1704 -0.0471425 -0.132024 0.0190668 0.813627 792 0
941.283 6.40938 -0.15745 15.1597 -0.0455851 -0.133502 0.0194676 0.699804 793 0
942.48 6.21484 -0.161097 15.1489 -0.0439994 -0.135052 0.0198213 0.739944 794 0
943.676 6.01624 -0.164617 15.1398 -0.0422277 -0.113094 0.0221454 0.681252 795 0
944.87 5.81373 -0.167995 15.1279 -0.0406278 -0.148678 0.0199995 0.701264 796 0
946.062 5.60749 -0.171246 15.1186 -0.0389137 -0.116694 0.0214257 0.597338 797 0
947.253 5.39767 -0.174359 15.1093 -0.0371881 -0.116456 0.0215704 0.700651 798 0
948.443 5.18444 -0.177334 15.1 -0.035453 -0.115967 0.0216885 0.679476 799 0
949.632 4.96797 -0.18017 15.0916 -0.0337256 -0.104666 0.0215927 0.855483 800 0
950.819 4.74842 -0.182868 15.0793 -0.0320847 -0.153899 0.0205111 0.656425 801 0
952.005 4.526 -0.185435 15.0708 -0.0303415 -0.106299 0.0217901 0.954686 802 0
953.189 4.30083 -0.187862 15.0625 -0.0285952 -0.104463 0.0218282 0.961078 803 0
954.372 4.07308 -0.19015 15.0543 -0.0268469 -0.102401 0.0218546 0.867923 804 0
955.554 3.84291 -0.192297 15.0462 -0.0250973 -0.100327 0.0218699 0.999634 805 0
956.735 3.6105 -0.194305 15.0396 -0.023163 -0.0836849 0.024179 0.682127 806 0
957.916 3.376 -0.196158 15.0319 -0.0214254 -0.0956893 0.0217196 0.678662 807 0
959.095 3.13959 -0.197872 15.0244 -0.0196822 -0.0942707 0.0217894 0.695744 808 0
960.273 2.90146 -0.199447 15.0169 -0.0179389 -0.0928521 0.0217915 0.764406 809 0
961.45 2.66174 -0.200882 15.0096 -0.0162008 -0.0921249 0.021726 0.601564 810 0
962.626 2.42063 -0.202178 15.0014 -0.0144772 -0.101411 0.0215459 0.6664 811 0
963.802 2.17828 -0.203336 14.9956 -0.012834 -0.0735641 0.0205396 0.711329 812 1
964.976 1.93482 -0.204363 14.99 -0.0109998 -0.0700712 0.022927 0.636825 813 0
966.15 1.69042 -0.205243 14.9844 -0.00916605 -0.0697494 0.0229224 0.871402 814 0
967.324 1.44524 -0.205976 14.9788 -0.0073336 -0.0696182 0.0229055 0.976933 815 0
968.497 1.19948 -0.206563 14.9739 -0.00566097 -0.060904 0.0209079 0.741395 816 1
969.669 0.953256 -0.207016 14.9696 -0.00397523 -0.0543475 0.0210718 0.672913 817 1
970.841 0.706735 -0.207334 14.9638 -0.00211302 -0.0722051 0.0232776 0.84047 818 0
972.012 0.460111 -0.207503 14.9571 -0.000393569 -0.0834703 0.0214931 0.741976 819 0
973.183 0.21356 -0.207534 14.9488 0.00118314 -0.104582 0.0197089 0.728507 820 0
974.353 -0.0327418 -0.20744 14.9425 0.00257961 -0.0788689 0.0174558 0.784613 821 1
975.523 -0.278698 -0.207233 14.9354 0.00392639 -0.0883102 0.0168348 0.87055 822 1
976.693 -0.524172 -0.206919 14.9265 0.00543492 -0.111616 0.0188567 0.729017 823 0
977.861 -0.76899 -0.206484 14.9265 0.00683963 0.000810623 0.0175588 0.64058 824 3
979.03 -1.01317 -0.205937 14.9191 0.00832062 -0.0930905 0.0185124 0.628264 825 2
980.199 -1.25645 -0.205272 14.911 0.00964129 -0.100648 0.0165084 0.645903 826 1
981.367 -1.4987 -0.2045 14.9051 0.0112815 -0.0743151 0.0205021 0.645934 827 2
982.534 -1.73979 -0.203598 14.8984 0.012665 -0.0833869 0.0172948 0.664424 828 1
983.702 -1.9796 -0.202585 14.8941 0.0146279 -0.0536561 0.0245355 0.635726 829 3
984.869 -2.21797 -0.201414 14.889 0.0166688 -0.064075 0.0255113 0.606043 830 3
986.037 -2.45471 -0.200081 14.878 0.018229 -0.137436 0.0195031 0.842708 831 0
987.204 -2.68956 -0.198622 14.8748 0.0206676 -0.0398159 0.030482 0.688136 832 4
988.371 -2.92244 -0.196969 14.87 0.0228321 -0.0601769 0.0270564 0.729833 833 3
989.538 -3.15311 -0.195143 14.8644 0.0245517 -0.0705719 0.0214943 0.634963 834 2
990.705 -3.3814 -0.193178 14.8553 0.026027 -0.11276 0.0184421 0.665037 835 0
991.871 -3.60713 -0.191096 14.8509 0.0277647 -0.0557899 0.0217214 0.718991 836 2
993.038 -3.83019 -0.188875 14.8466 0.0300521 -0.0539303 0.0285922 0.773874 837 3
994.206 -4.05039 -0.186471 14.8394 0.0314344 -0.088799 0.0172784 0.745857 838 0
995.373 -4.26754 -0.183956 14.833 0.0328203 -0.0812054 0.0173236 0.838722 839 0
996.54 -4.48154 -0.181331 14.8304 0.0345048 -0.0316143 0.0210561 0.806397 840 2
997.707 -4.69228 -0.17857 14.8293 0.0354645 -0.0144958 0.0119969 0.839149 841 1
998.875 -4.89968 -0.175733 14.82 0.0368163 -0.115585 0.0168971 0.81042 842 0
1000.04 -5.10352 -0.172788 14.814 0.0381499 -0.0746131 0.01667 0.92177 843 0
