1.12 10 0 14.0219 -0.0048986 0.274169 -0.0612325 2.00023 1 2
2.24175 9.99956 -0.000391888 14.0552 -0.00877528 0.415432 -0.0484585 0.610479 2 2
3.36617 9.99833 -0.00109391 14.0889 -0.0122011 0.421488 -0.0428223 0.678542 3 2
4.49328 9.996 -0.00207 14.1137 -0.0159578 0.310552 -0.0469594 0.673743 4 2
5.62237 9.99222 -0.00334662 14.1448 -0.0189112 0.388467 -0.036917 0.688873 5 2
6.75394 9.98672 -0.00485952 14.1751 -0.0217808 0.378656 -0.0358705 0.571659 6 2
7.88792 9.97923 -0.00660198 14.2022 -0.0244179 0.338268 -0.0329634 0.585212 7 2
9.02405 9.96951 -0.00855541 14.2227 -0.0272259 0.257123 -0.0351 0.59577 8 2
10.1618 9.9573 -0.0107335 14.2463 -0.0295901 0.294912 -0.0295522 0.490437 9 2
11.3014 9.94237 -0.0131007 14.2662 -0.0318539 0.249052 -0.0282973 0.473687 10 2
12.4426 9.92451 -0.015649 14.2649 -0.0349512 -0.0172853 -0.0387171 0.607484 11 3
13.5836 9.90346 -0.0184451 14.3149 -0.0373407 0.625992 -0.0298685 0.478641 12 1
14.7285 9.87892 -0.0214324 14.3206 -0.0402958 0.070715 -0.0369383 0.448205 13 3
15.8738 9.85068 -0.024656 14.3209 -0.0425109 0.00326633 -0.027689 0.478848 14 3
17.019 9.81854 -0.0280569 14.327 -0.0446807 0.0766397 -0.0271225 0.508643 15 3
18.1646 9.78229 -0.0316313 14.3305 -0.0465505 0.0432134 -0.023373 0.542086 16 3
19.3103 9.74176 -0.0353554 14.338 -0.0480129 0.0939608 -0.0182793 0.540007 17 3
20.4565 9.69681 -0.0391964 14.3405 -0.0494314 0.0320077 -0.0177315 0.579314 18 3
21.6027 9.64733 -0.0431509 14.3448 -0.0504294 0.0530839 -0.0124746 0.652382 19 3
22.749 9.5932 -0.0471853 14.3471 -0.0512345 0.0296116 -0.0100646 0.55507 20 3
23.8952 9.53436 -0.051284 14.348 -0.0518274 0.0104427 -0.00741133 0.512956 21 3
25.0413 9.47077 -0.0554302 14.3481 -0.0523618 0.00165701 -0.00667884 0.497603 22 3
26.1871 9.40237 -0.0596192 14.3643 -0.0513159 0.202024 0.0130737 0.616782 23 1
27.3339 9.3292 -0.0637244 14.367 -0.0509265 0.0337243 0.00486644 0.655388 24 1
28.4806 9.25133 -0.0677986 14.4117 -0.0504089 0.559104 0.0064699 0.645635 25 0
29.6306 9.16858 -0.0718313 14.4471 -0.0505473 0.442362 -0.00172993 0.535162 26 0
30.783 9.08097 -0.0758751 14.4766 -0.0509856 0.369191 -0.00547869 0.613774 27 0
31.9375 8.98848 -0.0799539 14.5015 -0.0516608 0.311148 -0.00843946 0.695794 28 0
33.0935 8.89104 -0.0840868 14.5238 -0.0522138 0.278866 -0.00691218 0.644057 29 0
34.2509 8.78862 -0.0882639 14.5455 -0.0525935 0.27144 -0.00474607 0.588911 30 0
35.4096 8.68117 -0.0924714 14.5647 -0.0528351 0.239992 -0.00302047 0.570894 31 0
36.5693 8.56867 -0.0966982 14.5828 -0.0529283 0.225687 -0.00116494 0.577731 32 0
37.73 8.45112 -0.100932 14.5991 -0.0528833 0.204349 0.000562891 0.569934 33 0
38.8915 8.32853 -0.105163 14.6146 -0.0526873 0.193405 0.00244942 0.58315 34 0
40.0536 8.2009 -0.109378 14.6288 -0.0523571 0.176692 0.00412795 0.570016 35 0
41.2164 8.06828 -0.113567 14.6415 -0.0518996 0.158763 0.00571781 0.565464 36 0
42.3796 7.93071 -0.117719 14.6537 -0.0512809 0.152588 0.00773431 0.583285 37 0
43.5432 7.78825 -0.121821 14.6651 -0.0504969 0.142419 0.0098004 0.462665 38 0
44.7071 7.64098 -0.125861 14.6766 -0.0495674 0.144196 0.0116177 0.395352 39 0
45.8714 7.48898 -0.129826 14.6876 -0.048515 0.138247 0.0131555 0.443338 40 0
47.0359 7.33234 -0.133707 14.6985 -0.0475581 0.135088 0.011961 0.449063 41 0
48.2007 7.17115 -0.137512 14.7044 -0.0446845 0.0746131 0.0359207 0.513578 42 4
49.3653 7.00573 -0.141087 14.7146 -0.043564 0.127447 0.0140058 0.45153 43 0
50.5302 6.83614 -0.144572 14.7247 -0.0423375 0.125897 0.015331 0.412591 44 0
51.6953 6.66248 -0.147959 14.7348 -0.0410382 0.126851 0.016242 0.555826 45 0
52.8607 6.48488 -0.151242 14.7529 -0.0369625 0.225401 0.050946 0.43564 46 5
54.0269 6.30361 -0.154199 14.7627 -0.0358346 0.12238 0.0140987 0.466754 47 0
55.1934 6.11887 -0.157066 14.7714 -0.0346117 0.109458 0.0152856 0.528671 48 0
56.36 5.9308 -0.159835 14.7795 -0.0333441 0.10097 0.0158456 0.459987 49 0
57.5268 5.73951 -0.162502 14.7907 -0.0322258 0.139868 0.0139785 0.445191 50 0
58.694 5.54506 -0.16508 14.7932 -0.0260645 0.03196 0.0770165 0.493688 51 5
59.8609 5.34815 -0.167165 14.8008 -0.0251253 0.0949383 0.0117402 0.48537 52 0
61.0281 5.14879 -0.169175 14.8076 -0.0241426 0.083971 0.0122829 0.45873 53 0
62.1954 4.94708 -0.171107 14.8141 -0.0231237 0.0822306 0.0127367 0.491159 54 0
63.3629 4.74312 -0.172957 14.82 -0.0220671 0.0736237 0.0132077 0.443982 55 0
64.5304 4.53702 -0.174722 14.8261 -0.020929 0.0761747 0.014226 0.548242 56 0
65.6981 4.32889 -0.176396 14.8313 -0.019816 0.0644088 0.013913 0.552478 57 0
66.8659 4.11882 -0.177982 14.8362 -0.0186758 0.0618815 0.0142518 0.581235 58 0
68.0337 3.90695 -0.179476 14.8408 -0.0175117 0.0573158 0.0145519 0.492885 59 0
69.2016 3.69337 -0.180877 14.8458 -0.0163386 0.0624895 0.0146639 0.498745 60 0
70.3696 3.47819 -0.182184 14.8504 -0.015145 0.0570536 0.0149195 0.556509 61 0
71.5377 3.26153 -0.183395 14.8546 -0.0139361 0.0523806 0.0151111 0.632434 62 0
72.7059 3.0435 -0.18451 14.8594 -0.0126544 0.0603676 0.0160218 0.538731 63 0
73.8742 2.82423 -0.185523 14.8446 -0.0120955 -0.184655 0.00698594 0.600545 64 0
75.0412 2.60404 -0.18649 14.8286 -0.0113485 -0.200737 0.00933688 0.678391 65 0
76.2067 2.38303 -0.187398 14.8036 -0.0105617 -0.312078 0.00983493 0.723728 66 0
77.3701 2.16141 -0.188243 14.7859 -0.00945804 -0.221157 0.0137964 0.67203 67 0
78.5319 1.93918 -0.189 14.7704 -0.00819934 -0.193214 0.0157337 0.567187 68 0
79.6924 1.71641 -0.189656 14.7559 -0.00689637 -0.18239 0.0162871 0.623965 69 0
80.8515 1.49323 -0.190207 14.7451 -0.0054951 -0.134134 0.0175159 0.610736 70 0
82.0098 1.2697 -0.190647 14.792 -0.00594343 0.585842 -0.00560412 0.673407 71 2
83.1716 1.04491 -0.191123 14.7517 -0.00453711 -0.503016 0.017579 0.670834 72 0
84.3302 0.820308 -0.191485 14.7239 -0.00323419 -0.3479 0.0162864 0.598118 73 0
85.4865 0.595831 -0.191744 14.7049 -0.0020874 -0.237954 0.0143349 0.740889 74 0
86.6413 0.371452 -0.191911 14.6863 -0.000917203 -0.232649 0.0146275 0.638658 75 0
87.7946 0.147272 -0.191985 14.6668 0.00024649 -0.243378 0.0145462 0.727063 76 0
88.9464 -0.0765881 -0.191965 14.6484 0.00138935 -0.230038 0.0142858 0.647249 77 0
90.0968 -0.300039 -0.191854 14.6287 0.00253406 -0.245571 0.0143088 0.619535 78 0
91.2456 -0.522958 -0.191651 14.6105 0.00364892 -0.227487 0.0139358 0.675453 79 0
92.3931 -0.745264 -0.191359 14.5944 0.0048064 -0.20237 0.0144685 0.711735 80 0
93.5395 -0.966884 -0.190975 14.5769 0.00596697 -0.218189 0.0145071 0.619355 81 0
94.6845 -1.18769 -0.190497 14.559 0.00714547 -0.224316 0.0147312 0.682538 82 0
95.8283 -1.40757 -0.189926 14.5423 0.00834961 -0.208771 0.0150518 0.605546 83 0
96.9709 -1.62644 -0.189258 14.5265 0.00952794 -0.196779 0.0147291 0.55635 84 0
98.1124 -1.8442 -0.188495 14.5124 0.0107334 -0.176299 0.0150677 0.678457 85 0
99.2531 -2.06077 -0.187637 14.4991 0.0119581 -0.165868 0.0153097 0.637399 86 0
100.393 -2.27605 -0.18668 14.4875 0.0131968 -0.14559 0.0154837 0.711729 87 0
101.532 -2.48995 -0.185624 14.4755 0.0144482 -0.149786 0.0156416 0.620084 88 0
102.67 -2.70237 -0.184468 14.4649 0.0157138 -0.132406 0.0158206 0.620692 89 0
103.808 -2.91319 -0.183211 14.4521 0.0169619 -0.160611 0.0156015 0.559195 90 0
104.945 -3.12229 -0.181854 14.44 0.0182419 -0.150859 0.0159994 0.615448 91 0
106.082 -3.32955 -0.180395 14.4298 0.0195214 -0.128019 0.0159935 0.599958 92 0
107.218 -3.5349 -0.178833 14.4149 0.0207728 -0.186038 0.0156432 0.667108 93 0
108.353 -3.73814 -0.177172 14.4063 0.0220546 -0.106657 0.0160221 0.536877 94 0
109.488 -3.93927 -0.175407 14.3977 0.0233264 -0.107634 0.0158979 0.497836 95 0
110.622 -4.13815 -0.173541 14.3884 0.0245972 -0.117111 0.0158845 0.507748 96 0
111.756 -4.33468 -0.171573 14.3731 0.0258601 -0.190198 0.0157871 0.549948 97 0
112.89 -4.52865 -0.169504 14.367 0.0271528 -0.0768185 0.0161589 0.678622 98 0
114.023 -4.72008 -0.167332 14.3579 0.0284375 -0.113928 0.016058 0.600169 99 0
115.156 -4.90881 -0.165057 14.3185 0.0294958 -0.492859 0.0132289 0.793004 100 0
116.286 -5.09435 -0.162698 14.3846 0.0316823 0.827146 0.027331 0.562117 101 1
117.422 -5.27788 -0.160163 14.4408 0.0337334 0.702214 0.0256391 0.583347 102 1
118.563 -5.45904 -0.157464 14.4705 0.0354692 0.370502 0.0216968 0.669052 103 1
119.707 -5.63733 -0.154627 14.5061 0.0373122 0.445414 0.0230381 0.730214 104 1
120.854 -5.81263 -0.151642 14.5235 0.0390229 0.218105 0.0213833 0.514218 105 1
122.003 -5.98456 -0.14852 14.5315 0.0405143 0.100005 0.018643 0.595068 106 1
123.154 -6.15286 -0.145279 14.5254 0.0417609 -0.077188 0.0155825 0.596978 107 1
124.304 -6.31724 -0.141938 14.5274 0.0428581 0.0257254 0.0137148 0.56148 108 1
125.455 -6.4777 -0.138509 14.5053 0.0435926 -0.276423 0.00918135 0.553968 109 1
126.605 -6.63391 -0.135022 14.4777 0.0486968 -0.345075 0.063803 0.571706 110 3
127.753 -6.78535 -0.131126 14.4494 0.0482824 -0.35373 -0.00518085 0.565266 111 1
128.9 -6.93206 -0.127264 14.4174 0.047659 -0.400579 -0.007792 0.554448 112 1
130.044 -7.07409 -0.123451 14.4007 0.0522771 -0.208247 0.0577264 0.660666 113 3
131.188 -7.21116 -0.119269 14.4282 0.057538 0.344086 0.0657613 0.52667 114 5
132.335 -7.34323 -0.114666 14.4209 0.061282 -0.091207 0.0467995 0.428504 115 3
133.482 -7.46961 -0.109763 14.4617 0.0650625 0.509894 0.0472562 0.468404 116 5
134.632 -7.59035 -0.104558 14.4274 0.0703291 -0.428438 0.0658327 0.471014 117 2
135.781 -7.70435 -0.0989317 14.4468 0.0730323 0.241554 0.0337896 0.392222 118 4
136.932 -7.81178 -0.0930892 14.4437 0.0774715 -0.0382543 0.0554906 0.485869 119 5
138.083 -7.91206 -0.0868914 14.457 0.080937 0.165892 0.0433188 0.460031 120 5
139.236 -8.00497 -0.0804165 14.4207 0.0850686 -0.453758 0.0516444 0.435931 121 2
140.386 -8.08981 -0.073611 14.4278 0.0878173 0.0885725 0.0343593 0.491766 122 5
141.538 -8.16661 -0.0665856 14.4003 0.0907214 -0.343478 0.036301 0.389357 123 4
142.688 -8.23492 -0.0593279 14.411 0.0920626 0.134075 0.0167646 0.380182 124 4
143.839 -8.2948 -0.0519629 14.354 0.0957801 -0.712943 0.0464688 0.371196 125 2
144.986 -8.34565 -0.0443005 14.2913 0.0996319 -0.782979 0.0481476 0.354889 126 2
146.129 -8.38718 -0.0363299 14.289 0.0998509 -0.0286222 0.00273716 0.452024 127 3
147.272 -8.41957 -0.0283419 14.2797 0.100238 -0.116849 0.00484325 0.412954 128 3
148.414 -8.44279 -0.0203228 14.2706 0.100497 -0.113535 0.00323802 0.443082 129 3
149.555 -8.45681 -0.012283 14.2524 0.100796 -0.227797 0.00373358 0.552543 130 3
150.695 -8.46162 -0.00421933 14.2212 0.101411 -0.389731 0.00768751 0.504333 131 3
151.833 -8.45719 0.00389356 14.2334 0.100894 0.152898 -0.00646384 0.301235 132 4
152.972 -8.44357 0.0119651 14.2021 0.10108 -0.391316 0.00232104 0.305651 133 3
154.108 -8.42079 0.0200514 14.2057 0.10064 0.0446081 -0.00549154 0.411621 134 4
155.244 -8.38885 0.0281027 14.2078 0.100529 0.0264049 -0.00139112 0.375204 135 5
156.38 -8.34778 0.036145 14.1709 0.102084 -0.461519 0.0194389 0.407112 136 1
157.512 -8.29756 0.0443117 14.1452 0.102016 -0.320673 -0.000846572 0.466765 137 4
158.642 -8.23821 0.052473 14.1448 0.101274 -0.00574589 -0.00928454 0.39 138 5
159.772 -8.1697 0.0605749 14.1452 0.100417 0.00479221 -0.010702 0.269387 139 5
160.901 -8.09213 0.0686083 14.1628 0.101415 0.22105 0.0124671 0.468008 140 1
162.03 -8.00528 0.0767215 14.1455 0.0997235 -0.216866 -0.021142 0.533764 141 4
163.158 -7.90955 0.0846994 14.1277 0.0980254 -0.222075 -0.0212255 0.471827 142 4
164.283 -7.80511 0.0925414 14.1273 0.0961635 -0.00481606 -0.0232745 0.464897 143 5
165.408 -7.69201 0.100234 14.089 0.0934176 -0.479126 -0.034324 0.49047 144 3
166.528 -7.57085 0.107708 14.0786 0.0913122 -0.129688 -0.0263171 0.493351 145 5
167.647 -7.44159 0.115013 14.0551 0.0885687 -0.294554 -0.0342931 0.524057 146 4
168.763 -7.30465 0.122098 14.0336 0.0856051 -0.268173 -0.0370461 0.533763 147 4
169.877 -7.16028 0.128947 14.0144 0.0823549 -0.239825 -0.0406274 0.518251 148 4
170.988 -7.00879 0.135535 14.0004 0.0788336 -0.175536 -0.0440159 0.498966 149 4
172.096 -6.85045 0.141842 13.998 0.0750572 -0.0302792 -0.0472055 0.540545 150 5
173.204 -6.68549 0.147846 13.9897 0.0708742 -0.103998 -0.0522871 0.613206 151 4
174.31 -6.51436 0.153516 13.9726 0.0661627 -0.212824 -0.058894 0.530712 152 3
175.414 -6.33758 0.158809 13.9673 0.0616477 -0.0663638 -0.0564375 0.584241 153 4
176.516 -6.15544 0.163741 13.9864 0.0568742 0.238144 -0.0596687 0.493344 154 5
177.619 -5.96802 0.168291 13.9769 0.0517358 -0.118363 -0.0642293 0.677576 155 3
178.721 -5.77617 0.17243 13.9724 0.0464755 -0.0568032 -0.0657544 0.422987 156 3
179.821 -5.58029 0.176148 13.9855 0.0415197 0.163853 -0.0619475 0.389994 157 4
180.922 -5.38057 0.17947 14.0046 0.0365138 0.239754 -0.0625734 0.372324 158 4
182.024 -5.17736 0.182391 14.0128 0.0310129 0.10184 -0.0687619 0.320293 159 3
183.126 -4.97129 0.184872 14.0401 0.0260527 0.34132 -0.0620016 0.265411 160 4
184.23 -4.76252 0.186956 14.0828 0.0206699 0.533652 -0.0672854 0.304835 161 1
185.336 -4.55129 0.18861 14.1047 0.015144 0.273943 -0.0690744 0.293103 162 3
186.444 -4.33838 0.189821 14.1292 0.00979157 0.306654 -0.0669048 0.273503 163 3
187.554 -4.12424 0.190604 14.1563 0.00460308 0.337648 -0.0648561 0.225075 164 3
188.666 -3.90927 0.190973 14.2018 0.000277347 0.568819 -0.0540717 0.205029 165 4
189.782 -3.69359 0.190995 14.249 -0.00377397 0.591064 -0.0506415 0.225259 166 4
190.901 -3.47753 0.190693 14.2971 -0.00765918 0.601316 -0.0485651 0.239366 167 4
192.024 -3.26143 0.19008 14.3453 -0.0113344 0.601459 -0.0459406 0.233773 168 4
193.151 -3.04562 0.189173 14.3988 -0.0149145 0.668883 -0.0447515 0.183729 169 4
194.283 -2.83036 0.18798 14.4501 -0.0182486 0.642061 -0.0416758 0.211507 170 4
195.419 -2.61599 0.18652 14.5006 -0.0213081 0.630939 -0.0382435 0.196825 171 4
196.559 -2.40281 0.184816 14.5366 -0.0265628 0.450194 -0.0656837 0.200988 172 1
197.703 -2.19154 0.182691 14.5696 -0.0314738 0.412345 -0.0613877 0.188109 173 1
198.849 -1.98267 0.180173 14.6132 -0.0332563 0.544381 -0.0222816 0.19206 174 4
200 -1.77623 0.177512 14.6543 -0.0348209 0.514591 -0.0195576 0.186987 175 4
201.154 -1.57243 0.174727 14.7003 -0.0348288 0.574732 -9.80683e-05 0.189206 176 5
202.313 -1.37122 0.17194 14.7366 -0.0360901 0.453424 -0.0157661 0.196658 177 4
203.475 -1.17287 0.169053 14.7553 -0.0385097 0.23452 -0.0302455 0.181384 178 3
204.639 -0.977849 0.165972 14.7921 -0.0377907 0.459039 0.00898768 0.200566 179 5
205.807 -0.785873 0.162949 14.826 -0.0369988 0.424206 0.00989926 0.188406 180 5
206.978 -0.596921 0.159989 14.8528 -0.0376394 0.334978 -0.0080084 0.20856 181 4
208.152 -0.411161 0.156978 14.8773 -0.038113 0.305545 -0.00591921 0.19752 182 4
209.328 -0.22868 0.153929 14.8994 -0.0384332 0.276625 -0.00400296 0.242361 183 4
210.506 -0.0495507 0.150854 14.9192 -0.0386142 0.248218 -0.00226246 0.365227 184 4
211.687 0.126172 0.147765 14.9311 -0.0441301 0.147915 -0.0689483 0.404537 185 0
212.869 0.297861 0.144235 14.9492 -0.0420444 0.227082 0.0260705 0.436661 186 5
214.053 0.465778 0.140871 14.9553 -0.0473259 0.0756741 -0.0660189 0.375489 187 0
215.238 0.629277 0.137085 14.9534 -0.0461021 -0.0237465 0.0152974 0.456806 188 4
216.424 0.788383 0.133397 14.9211 -0.0417951 -0.404263 0.0538384 0.604275 189 5
217.607 0.943188 0.130053 14.8893 -0.0381746 -0.397205 0.0452565 0.649435 190 5
218.789 1.09406 0.126999 14.8588 -0.0350482 -0.380552 0.03908 0.635901 191 5
219.968 1.24131 0.124196 14.8317 -0.0323735 -0.339615 0.0334327 0.489103 192 5
221.146 1.38524 0.121606 14.8094 -0.0300812 -0.27808 0.0286547 0.459288 193 5
222.323 1.52613 0.119199 14.7953 -0.029838 -0.176585 0.00303986 0.454146 194 3
223.498 1.66408 0.116812 14.7827 -0.0279139 -0.156963 0.0240504 0.463015 195 5
224.673 1.79928 0.114579 14.7801 -0.027813 -0.0323057 0.00126127 0.432408 196 3
225.848 1.93185 0.112354 14.7822 -0.0277439 0.0256658 0.000864756 0.359331 197 3
227.023 2.06183 0.110134 14.7873 -0.0277622 0.0635147 -0.000228873 0.424122 198 3
228.199 2.18925 0.107914 14.7902 -0.0260365 0.0364184 0.0215711 0.526906 199 5
229.376 2.31423 0.105831 14.7805 -0.0243214 -0.121212 0.021438 0.441615 200 5
230.552 2.43685 0.103885 14.7738 -0.024563 -0.0840426 -0.00301921 0.51041 201 2
231.728 2.5571 0.10192 14.8201 -0.0254743 0.578618 -0.0113915 0.591913 202 1
232.908 2.67532 0.0998819 14.8738 -0.0260992 0.671506 -0.00781114 0.634199 203 1
234.092 2.7915 0.097794 14.8548 -0.026436 -0.237525 -0.00421021 0.534969 204 2
235.275 2.90503 0.0956791 14.8912 -0.0276938 0.455368 -0.0157222 0.500733 205 1
236.461 3.01621 0.0934636 14.8712 -0.028009 -0.250041 -0.00393987 0.525065 206 2
237.646 3.12459 0.0912229 14.9034 -0.0291891 0.402749 -0.0147511 0.592157 207 1
238.833 3.23043 0.0888877 14.9318 -0.0302669 0.355184 -0.0134729 0.650057 208 1
240.023 3.33359 0.0864664 14.8908 -0.0267235 -0.512683 0.0442919 0.514875 209 5
241.21 3.43393 0.0843285 14.85 -0.0233753 -0.510073 0.0418533 0.658349 210 5
242.394 3.53178 0.0824585 14.8768 -0.0251758 0.334787 -0.0225066 0.657722 211 1
243.581 3.62742 0.0804444 14.8353 -0.0217424 -0.518632 0.0429176 0.548386 212 5
244.764 3.72073 0.078705 14.8795 -0.0233617 0.55232 -0.0202417 0.520158 213 1
245.951 3.8121 0.0768361 14.9304 -0.0247277 0.636745 -0.0170747 0.596037 214 1
247.142 3.90143 0.0748579 14.8868 -0.0210399 -0.546086 0.046098 0.573754 215 5
248.329 3.9885 0.0731747 14.841 -0.017551 -0.572383 0.0436115 0.582258 216 5
249.514 4.07364 0.0717706 14.8002 -0.0143299 -0.509286 0.0402628 0.534856 217 5
250.695 4.15719 0.0706242 14.8586 -0.0181467 0.729716 -0.0477102 0.560145 218 0
251.881 4.23935 0.0691725 14.8667 -0.0227371 0.101757 -0.0573788 0.633407 219 2
253.067 4.31939 0.0673535 14.8863 -0.0272006 0.244367 -0.0557941 0.508542 220 2
254.256 4.39696 0.0651774 14.9207 -0.0314928 0.430489 -0.0536525 0.557188 221 2
255.447 4.4717 0.062658 14.8704 -0.0262618 -0.629139 0.0653876 0.479391 222 5
256.634 4.5437 0.0605571 14.9308 -0.0296911 0.754976 -0.0428667 0.520961 223 0
257.827 4.61315 0.0581818 14.8749 -0.0242072 -0.699222 0.0685483 0.509319 224 5
259.015 4.68005 0.0562452 14.821 -0.0190987 -0.673008 0.0638565 0.499426 225 5
260.199 4.7449 0.0547173 14.8861 -0.0233959 0.813377 -0.0537149 0.508884 226 0
261.388 4.8078 0.0528456 14.9399 -0.0272814 0.672722 -0.0485681 0.485773 227 2
262.582 4.86833 0.0506631 14.881 -0.0212299 -0.735986 0.0756431 0.50485 228 5
263.771 4.92659 0.0489647 14.924 -0.0265159 0.537241 -0.0660743 0.487607 229 2
264.963 4.9825 0.0468435 14.8621 -0.0201431 -0.774229 0.07966 0.493559 230 5
266.151 5.03626 0.045232 14.8617 -0.0269055 -0.00427961 -0.0845308 0.503679 231 2
267.339 5.08747 0.0430796 14.8619 -0.033125 0.00224113 -0.077744 0.522812 232 2
268.527 5.13552 0.0404296 14.864 -0.0388949 0.0259638 -0.072123 0.566659 233 2
269.715 5.17989 0.037318 14.871 -0.0447275 0.0875473 -0.0729078 0.588892 234 2
270.904 5.22002 0.0337398 14.8859 -0.0502287 0.186837 -0.0687649 0.513152 235 2
272.094 5.25541 0.0297215 14.9019 -0.055395 0.199759 -0.0645787 0.417601 236 2
273.286 5.28555 0.0252899 14.9312 -0.0598864 0.366521 -0.0561427 0.596465 237 2
274.481 5.31004 0.020499 14.942 -0.0630605 0.134039 -0.0396762 0.612946 238 2
275.676 5.32851 0.0154541 14.9969 -0.0651802 0.686276 -0.0264957 0.610768 239 2
276.875 5.3408 0.0102397 15.0248 -0.0682776 0.349319 -0.0387175 0.631682 240 2
278.077 5.34654 0.00477753 15.0532 -0.0702314 0.355017 -0.0244226 0.497063 241 0
279.282 5.34552 -0.000840984 15.0622 -0.072359 0.112784 -0.0265952 0.48191 242 0
280.487 5.33754 -0.0066297 15.0861 -0.0738272 0.299013 -0.0183523 0.438631 243 0
281.693 5.32241 -0.0125359 15.0825 -0.0760885 -0.0461936 -0.0282671 0.625488 244 0
282.9 5.29994 -0.018623 15.0808 -0.0777805 -0.0203252 -0.0211494 0.560178 245 0
284.106 5.26997 -0.0248454 15.0795 -0.0792705 -0.0169277 -0.0186246 0.506937 246 0
285.312 5.23235 -0.031187 15.0809 -0.080276 0.0184417 -0.012569 0.546576 247 0
286.517 5.18699 -0.0376091 15.0973 -0.0806146 0.204229 -0.00423258 0.493926 248 0
287.724 5.13379 -0.0440583 15.1132 -0.0805792 0.199473 0.000442285 0.596406 249 0
288.931 5.07275 -0.0505046 15.1485 -0.0796497 0.440216 0.0116191 0.498529 250 0
290.141 5.00386 -0.0568766 15.1533 -0.0796202 0.0605106 0.000368059 0.492333 251 2
291.351 4.92724 -0.0632462 15.1604 -0.0795254 0.0883579 0.00118483 0.574291 252 2
292.561 4.84289 -0.0696082 15.1764 -0.0785553 0.19995 0.0121269 0.545199 253 0
293.772 4.75083 -0.0758927 15.1907 -0.0774165 0.179791 0.0142352 0.54938 254 0
294.983 4.65119 -0.082086 15.2094 -0.0759333 0.232744 0.0185394 0.549685 255 0
296.195 4.54406 -0.0881607 15.2108 -0.0747971 0.0176191 0.0142027 0.663344 256 2
297.406 4.42967 -0.0941444 15.2263 -0.0731958 0.193489 0.0200165 0.615747 257 0
298.618 4.30806 -0.1 15.2272 -0.0715657 0.0112414 0.0203766 0.525282 258 2
299.83 4.17951 -0.105725 15.2424 -0.0695503 0.190854 0.0251919 0.658299 259 0
301.042 4.04408 -0.111289 15.2499 -0.0677016 0.093174 0.0231084 0.557463 260 0
302.253 3.90203 -0.116705 15.2522 -0.0657357 0.0289202 0.0245747 0.510638 261 0
303.464 3.75358 -0.121964 15.2516 -0.0636121 -0.0079155 0.0265447 0.468086 262 0
304.675 3.59897 -0.127053 15.2511 -0.0614527 -0.00555515 0.0269918 0.430383 263 0
305.884 3.43843 -0.13197 15.2429 -0.0593136 -0.103068 0.0267394 0.376574 264 0
307.092 3.27223 -0.136715 15.2331 -0.0571272 -0.121784 0.0273299 0.466658 265 0
308.299 3.10063 -0.141285 15.2189 -0.0549114 -0.17767 0.0276978 0.479371 266 0
309.503 2.92389 -0.145678 15.1964 -0.0526892 -0.281143 0.0277769 0.409443 267 0
310.705 2.74234 -0.149893 15.1736 -0.0506027 -0.285816 0.0260815 0.391633 268 0
311.905 2.55621 -0.153941 15.1499 -0.0486009 -0.295913 0.0250226 0.374344 269 0
313.102 2.36572 -0.157829 15.124 -0.0465908 -0.324118 0.0251256 0.41508 270 0
314.296 2.1711 -0.161556 15.1012 -0.0444948 -0.284088 0.0261999 0.470919 271 0
315.488 1.97253 -0.165116 15.0723 -0.0423478 -0.360966 0.0268381 0.457306 272 0
316.676 1.77031 -0.168504 15.05 -0.0400417 -0.279915 0.0288262 0.449508 273 0
317.863 1.56459 -0.171707 15.0303 -0.0376113 -0.246322 0.0303795 0.454584 274 0
319.047 1.35557 -0.174716 15.013 -0.03506 -0.215292 0.031892 0.468873 275 0
320.229 1.14348 -0.177521 14.9959 -0.0323161 -0.21435 0.0342984 0.461628 276 0
321.409 0.928579 -0.180106 14.9828 -0.0294371 -0.163686 0.0359876 0.567489 277 0
322.588 0.711089 -0.182461 14.97 -0.0264504 -0.159609 0.0373343 0.553934 278 0
323.765 0.491292 -0.184577 14.958 -0.0234122 -0.14981 0.0379763 0.539843 279 0
324.941 0.269468 -0.18645 14.9485 -0.0203104 -0.119746 0.0387732 0.606202 280 0
326.116 0.0458776 -0.188075 14.9393 -0.017187 -0.113845 0.0390418 0.585515 281 0
327.29 -0.179191 -0.18945 14.9312 -0.0140706 -0.102091 0.0389555 0.585048 282 0
328.463 -0.405457 -0.190576 14.9236 -0.0109562 -0.0944257 0.0389296 0.535436 283 0
329.635 -0.632636 -0.191452 14.915 -0.00787096 -0.107229 0.0385659 0.57329 284 0
330.806 -0.860422 -0.192082 14.9095 -0.00480619 -0.069356 0.0383097 0.529756 285 0
331.977 -1.08857 -0.192466 14.9046 -0.00178608 -0.0614166 0.0377513 0.518726 286 0
333.147 -1.31682 -0.192609 14.9009 0.00116059 -0.0461459 0.0368333 0.487749 287 0
334.317 -1.54489 -0.192516 14.8978 0.0040408 -0.0390649 0.0360026 0.520367 288 0
335.487 -1.77255 -0.192193 14.8956 0.00683949 -0.0274658 0.0349836 0.477013 289 0
336.657 -1.99952 -0.191646 14.8939 0.00955432 -0.0213027 0.0339354 0.474498 290 0
337.827 -2.22558 -0.190881 14.8925 0.0121786 -0.0175118 0.0328033 0.528217 291 0
338.997 -2.45048 -0.189907 14.8914 0.0147111 -0.0138998 0.0316561 0.510383 292 0
340.167 -2.67398 -0.18873 14.8896 0.0171625 -0.0225067 0.0306426 0.499532 293 0
341.337 -2.89585 -0.187357 14.865 0.0269795 -0.307477 0.122713 0.513376 294 5
342.506 -3.11484 -0.185199 14.8648 0.0284507 -0.00151396 0.0183898 0.493928 295 0
343.675 -3.33115 -0.182923 14.8645 0.0298518 -0.00452995 0.0175143 0.488148 296 0
344.845 -3.54467 -0.180535 14.8639 0.031181 -0.00770092 0.0166144 0.500475 297 0
346.015 -3.75527 -0.17804 14.863 0.0324363 -0.0107169 0.0156919 0.508107 298 0
347.186 -3.96281 -0.175445 14.8619 0.0336166 -0.0134468 0.0147536 0.424281 299 0
348.357 -4.16719 -0.172756 14.8607 0.0347202 -0.0157475 0.0137948 0.497707 300 0
349.529 -4.3683 -0.169978 14.8593 0.0357462 -0.0176191 0.0128249 0.478761 301 0
350.701 -4.56603 -0.167119 14.8577 0.0366947 -0.0190496 0.0118564 0.405019 302 0
351.874 -4.76031 -0.164183 14.8561 0.0375662 -0.0200272 0.0108944 0.456431 303 0
353.047 -4.95104 -0.161178 14.8545 0.0383621 -0.0203133 0.00994843 0.493169 304 0
354.221 -5.13815 -0.158109 14.853 0.0390855 -0.0192165 0.00904263 0.498003 305 0
355.395 -5.32157 -0.154982 14.8499 0.039736 -0.0386 0.00813138 0.477116 306 0
356.569 -5.50121 -0.151803 14.8483 0.0403137 -0.0202417 0.00722064 0.5747 307 0
357.744 -5.67706 -0.148578 14.8467 0.0408001 -0.0193596 0.00607977 0.523624 308 0
358.919 -5.84904 -0.145314 14.8452 0.0412392 -0.0189185 0.00548917 0.525727 309 0
360.095 -6.01714 -0.142015 14.8437 0.0415959 -0.0187874 0.00445922 0.543534 310 0
361.271 -6.1813 -0.138687 14.8424 0.0418991 -0.016439 0.00378927 0.481146 311 0
362.447 -6.34151 -0.135335 14.8411 0.0421405 -0.0154734 0.00301767 0.500408 312 0
363.624 -6.49773 -0.131964 14.8401 0.0423168 -0.012815 0.00220388 0.503074 313 0
364.802 -6.64996 -0.128579 14.839 0.0424344 -0.0137329 0.00147 0.574985 314 0
365.979 -6.79818 -0.125184 14.838 0.0424926 -0.0123143 0.000728015 0.434567 315 0
367.158 -6.94239 -0.121785 14.837 0.0424982 -0.0128269 6.98026e-05 0.524267 316 0
368.336 -7.08258 -0.118385 14.8359 0.0424427 -0.0136137 -0.000694441 0.600687 317 0
369.515 -7.21875 -0.114989 14.8413 0.0423672 0.0670195 -0.000943989 0.581584 318 1
370.695 -7.35098 -0.1116 14.8404 0.0422211 -0.0112891 -0.0018253 0.771316 319 0
371.875 -7.47922 -0.108222 14.8395 0.0420253 -0.0105023 -0.00244849 0.651955 320 0
373.056 -7.60347 -0.10486 14.846 0.0416755 0.0804067 -0.00437214 0.665269 321 1
374.238 -7.72385 -0.101526 14.845 0.0414032 -0.0123382 -0.0034037 0.637532 322 0
375.42 -7.8403 -0.0982139 14.8442 0.0410885 -0.0101686 -0.00393381 0.676724 323 0
376.602 -7.95286 -0.0949269 14.8434 0.0407306 -0.0100255 -0.00447347 0.582177 324 0
377.784 -8.06156 -0.0916684 14.8427 0.0403461 -0.00879765 -0.00480618 0.535682 325 0
378.967 -8.16644 -0.0884407 14.8412 0.0399224 -0.017786 -0.0052962 0.518511 326 0
380.15 -8.26753 -0.0852469 14.8404 0.0394495 -0.0101328 -0.00591124 0.601281 327 0
381.333 -8.36488 -0.082091 14.8399 0.0389345 -0.00704527 -0.00643763 0.500918 328 0
382.517 -8.45854 -0.0789762 14.8395 0.0383856 -0.00463724 -0.0068618 0.553234 329 0
383.7 -8.54857 -0.0759054 14.8391 0.0378054 -0.00486374 -0.00725226 0.510635 330 0
384.884 -8.63501 -0.0728809 14.8388 0.0371953 -0.00407696 -0.0076259 0.474426 331 0
386.069 -8.71793 -0.0699053 14.8384 0.0365589 -0.00479221 -0.00795452 0.522225 332 0
387.253 -8.79738 -0.0669806 14.8383 0.0358963 -0.00113249 -0.00828323 0.492021 333 0
388.438 -8.87343 -0.0641089 14.8376 0.0352195 -0.00882149 -0.00845976 0.512943 334 0
389.622 -8.94614 -0.0612913 14.8375 0.0344996 -0.00106096 -0.00899858 0.512062 335 0
390.807 -9.01557 -0.0585314 14.8382 0.0337697 0.0089407 -0.00912393 0.610887 336 0
391.993 -9.08181 -0.0558298 14.8382 0.0330052 -0.000596046 -0.0095557 0.526668 337 0
393.178 -9.14492 -0.0531894 14.8381 0.0322956 -0.000476837 -0.00887015 0.609352 338 0
394.364 -9.20497 -0.0506057 14.8382 0.0314851 0.00116825 -0.010132 0.617813 339 0
395.549 -9.26203 -0.0480869 14.8444 0.0307592 0.0773907 -0.00907339 0.621778 340 1
396.736 -9.31619 -0.0456262 14.8498 0.030093 0.0666857 -0.00832726 0.542641 341 1
397.922 -9.36752 -0.0432187 14.8496 0.0291875 -0.00180006 -0.0113192 0.561682 342 0
399.109 -9.41607 -0.0408837 14.8532 0.0286571 0.0452399 -0.0066295 0.493892 343 1
400.297 -9.46192 -0.0385912 14.853 0.0276793 -0.0023365 -0.0122231 0.486478 344 0
401.484 -9.50513 -0.0363768 14.8529 0.0267038 -0.00188351 -0.012194 0.495271 345 0
402.672 -9.54581 -0.0342405 14.8528 0.0257357 -0.00129938 -0.0121012 0.479235 346 0
403.859 -9.58404 -0.0321817 14.8527 0.024777 -0.000667572 -0.0119837 0.51844 347 0
405.047 -9.61992 -0.0301995 14.8554 0.0245234 0.0326991 -0.00316948 0.570164 348 1
406.235 -9.65348 -0.0282376 14.8573 0.0243043 0.0249505 -0.0027393 0.59726 349 1
407.423 -9.68472 -0.0262933 14.8593 0.0240624 0.0240326 -0.00302363 0.547519 350 1
408.612 -9.71369 -0.0243683 14.8612 0.0238051 0.0238776 -0.0032166 0.585915 351 1
409.8 -9.74039 -0.0224639 14.8614 0.0222715 0.00253916 -0.019169 0.352793 352 0
410.989 -9.76498 -0.0206822 14.8705 0.022801 0.114012 0.00661856 0.295624 353 2
412.178 -9.78742 -0.0188581 14.8716 0.022589 0.0131488 -0.0026505 0.288106 354 1
413.368 -9.8077 -0.017051 14.871 0.021179 -0.00641346 -0.0176244 0.243491 355 0
414.557 -9.82597 -0.0153567 14.8705 0.0198332 -0.00631809 -0.0168231 0.187689 356 0
415.747 -9.84235 -0.01377 14.87 0.0185496 -0.00622273 -0.0160449 0.206354 357 0
416.936 -9.85697 -0.012286 14.8696 0.0173264 -0.00611544 -0.0152895 0.210626 358 0
418.126 -9.86993 -0.0108999 14.8732 0.018655 0.0453472 0.0166075 0.2272 359 2
419.316 -9.88112 -0.00940752 14.8726 0.0172999 -0.00739098 -0.0169385 0.18785 360 0
420.505 -9.89067 -0.00802353 14.8751 0.0187084 0.0314593 0.0176061 0.186846 361 2
421.695 -9.89844 -0.00652685 14.8744 0.0172719 -0.00880957 -0.0179562 0.186069 362 0
422.885 -9.90456 -0.0051451 14.8737 0.0159111 -0.00861883 -0.0170109 0.191366 363 0
424.075 -9.90917 -0.00387221 14.873 0.0146232 -0.00841618 -0.016098 0.196734 364 0
425.265 -9.91238 -0.00270235 14.8732 0.0148737 0.00197887 0.00313055 0.208992 365 1
426.455 -9.91418 -0.00151246 14.8734 0.0150817 0.00207424 0.00259989 0.230516 366 1
427.645 -9.91455 -0.000305923 14.8735 0.0152493 0.00216961 0.00209571 0.204033 367 1
428.835 -9.91346 0.000914023 14.8742 0.0168766 0.00853539 0.0203405 0.199094 368 2
430.025 -9.91076 0.00226415 14.8744 0.0168479 0.00189543 -0.000358443 0.179349 369 1
431.215 -9.90647 0.00361198 14.8745 0.0167909 0.00180006 -0.00071195 0.186231 370 1
432.405 -9.90057 0.00495525 14.8738 0.0151492 -0.00905991 -0.0205218 0.19225 371 0
433.594 -9.89323 0.00616719 14.8743 0.0167349 0.00597239 0.019821 0.202564 372 2
434.784 -9.8843 0.00750598 14.8748 0.018168 0.00678301 0.0179139 0.235645 373 2
435.974 -9.87364 0.00895942 14.8754 0.0194553 0.00747442 0.016092 0.197186 374 2
437.164 -9.86112 0.0105158 14.876 0.0206035 0.00802279 0.0143523 0.393653 375 2
438.354 -9.84665 0.0121641 14.8767 0.0216188 0.00847578 0.0126913 0.407627 376 2
439.544 -9.83011 0.0138936 14.8774 0.0225075 0.00878572 0.0111081 0.53398 377 2
440.734 -9.81144 0.0156942 14.8782 0.0232764 0.0090003 0.00961113 0.590896 378 2
441.924 -9.79054 0.0175563 14.8789 0.0239317 0.00934601 0.00819212 0.528121 379 2
443.114 -9.76737 0.0194709 14.8796 0.0244824 0.00828505 0.00688331 0.486402 380 2
444.305 -9.74186 0.0214295 14.8802 0.0249331 0.0079751 0.00563355 0.47172 381 2
445.495 -9.71398 0.0234241 14.8809 0.0252842 0.00883341 0.00438904 0.462394 382 2
446.685 -9.68369 0.0254469 14.8816 0.0255477 0.00809431 0.00329383 0.431615 383 2
447.875 -9.65096 0.0274907 14.8821 0.0257306 0.00681877 0.00228654 0.423243 384 2
449.065 -9.61579 0.0295491 14.8837 0.0257686 0.0195146 0.000474066 0.470979 385 2
450.255 -9.57815 0.0316106 14.8679 0.025679 -0.196993 -0.00111908 0.414629 386 1
451.444 -9.53812 0.0336649 14.869 0.0255161 0.0138283 -0.00203718 0.413571 387 2
452.632 -9.49566 0.0357062 14.859 0.0255008 -0.124729 -0.000191201 0.454091 388 1
453.82 -9.4508 0.0377463 14.8603 0.0251516 0.0159264 -0.00436518 0.423466 389 2
455.008 -9.40354 0.0397584 14.8655 0.0246111 0.0648499 -0.00675586 0.304722 390 2
456.196 -9.35393 0.0417273 14.8666 0.0241599 0.0144243 -0.00563941 0.331069 391 2
457.385 -9.30202 0.0436601 14.868 0.0236457 0.0167608 -0.00642743 0.545999 392 2
458.573 -9.24786 0.0455518 14.8688 0.0231181 0.00991821 -0.00659565 0.433843 393 2
459.761 -9.1915 0.0474012 14.8694 0.022567 0.00810623 -0.00688895 0.317364 394 2
460.949 -9.13299 0.0492066 14.867 0.0225465 -0.0300884 -0.000255881 0.314585 395 1
462.137 -9.07234 0.0510103 14.8643 0.0223048 -0.0338078 -0.00302079 0.409372 396 1
463.324 -9.00959 0.0527947 14.8579 0.0218885 -0.0800133 -0.00520379 0.433368 397 1
464.511 -8.94479 0.0545457 14.8495 0.0212638 -0.104868 -0.00780982 0.533743 398 1
465.697 -8.87801 0.0562469 14.836 0.0204707 -0.16923 -0.00991337 0.474676 399 1
466.882 -8.80934 0.0578845 14.8198 0.0194781 -0.202096 -0.0124074 0.468896 400 1
468.066 -8.73891 0.0594428 14.8049 0.0178569 -0.186002 -0.0202651 0.489321 401 2
469.248 -8.66686 0.0608713 14.793 0.0161158 -0.149727 -0.0217638 0.410538 402 2
470.429 -8.59334 0.0621606 14.7702 0.0147932 -0.284159 -0.0165322 0.565337 403 1
471.608 -8.51855 0.063344 14.7649 0.0128958 -0.0668287 -0.0237179 0.514887 404 2
472.787 -8.44256 0.0643757 14.7628 0.0109861 -0.0258207 -0.0238705 0.50301 405 2
473.966 -8.36555 0.0652546 14.7621 0.00905508 -0.00909567 -0.0241382 0.530579 406 2
475.144 -8.28768 0.065979 14.7621 0.00717612 1.19209e-05 -0.023487 0.479582 407 2
476.322 -8.20914 0.0665531 14.7639 0.00534409 0.0229597 -0.0229003 0.51313 408 2
477.501 -8.13009 0.0669806 14.7671 0.00356974 0.0400782 -0.0221794 0.51579 409 2
478.679 -8.05068 0.0672662 14.7425 0.00231905 -0.308228 -0.0156336 0.477384 410 1
479.856 -7.97119 0.0674517 14.7462 0.000653567 0.0464678 -0.0208186 0.622146 411 2
481.033 -7.89162 0.067504 14.7507 -0.000936579 0.0562668 -0.0198768 0.46504 412 2
482.211 -7.81211 0.0674291 14.7555 -0.00245015 0.0595093 -0.0189196 0.528681 413 2
483.388 -7.7328 0.067233 14.7606 -0.00388652 0.0646591 -0.0179547 0.518154 414 2
484.567 -7.65384 0.0669221 14.7355 -0.00478736 -0.313926 -0.0112605 0.501063 415 1
485.743 -7.57546 0.0665391 14.7401 -0.00607561 0.0571728 -0.0161031 0.46856 416 2
486.919 -7.49762 0.0660531 14.7136 -0.00681503 -0.33133 -0.00924268 0.474552 417 1
488.094 -7.42057 0.0655079 14.688 -0.00752209 -0.319612 -0.0088383 0.542209 418 1
489.267 -7.34436 0.0649061 14.6633 -0.00818006 -0.309217 -0.00822466 0.467842 419 1
490.437 -7.26904 0.0642517 14.6705 -0.00924378 0.0906467 -0.0132965 0.474492 420 2
491.608 -7.19455 0.0635122 14.6775 -0.0102292 0.0872612 -0.0123176 0.642459 421 2
492.78 -7.12098 0.0626939 14.6844 -0.0111348 0.0858545 -0.0113204 0.557311 422 2
493.953 -7.04842 0.0618031 14.6908 -0.011963 0.0800133 -0.0103528 0.551525 423 2
495.126 -6.97696 0.060846 14.6946 -0.0127417 0.0474691 -0.00973369 0.564787 424 2
496.299 -6.90667 0.0598267 14.7004 -0.0134128 0.0728607 -0.00838877 0.501887 425 2
497.473 -6.83761 0.0587537 14.7048 -0.0139373 0.0549674 -0.00655607 0.467874 426 2
498.648 -6.76984 0.0576387 14.7101 -0.0144855 0.0666976 -0.00685187 0.542551 427 2
499.823 -6.70341 0.0564799 14.7152 -0.0149152 0.0630975 -0.00537097 0.600656 428 2
500.998 -6.63836 0.0552866 14.7177 -0.0152758 0.031805 -0.00450804 0.568211 429 2
502.174 -6.57474 0.0540646 14.7183 -0.0155821 0.00728369 -0.00382937 0.539433 430 2
503.35 -6.51257 0.052818 14.716 -0.0158672 -0.0286341 -0.00356344 0.685182 431 2
504.525 -6.45191 0.0515486 14.7125 -0.016026 -0.0445366 -0.00198421 0.632738 432 2
505.701 -6.39278 0.0502665 14.7073 -0.016148 -0.0644445 -0.00152581 0.622173 433 2
506.876 -6.33518 0.0489747 14.7222 -0.0171501 0.186729 -0.0125257 0.763835 434 3
508.053 -6.27913 0.0476027 14.7158 -0.0171225 -0.0803232 0.000344985 0.709716 435 2
509.229 -6.22472 0.0462329 14.7089 -0.0171254 -0.0867367 -3.60888e-05 0.604252 436 2
510.404 -6.17195 0.0448629 14.7043 -0.0170775 -0.0566721 0.000597932 0.553335 437 2
511.579 -6.1208 0.0434967 14.6985 -0.0169529 -0.073266 0.00155761 0.549347 438 2
512.754 -6.07126 0.0421404 14.6908 -0.0167511 -0.0962377 0.00252295 0.581043 439 2
513.928 -6.02332 0.0408004 14.6849 -0.0165932 -0.0741005 0.00197394 0.459284 440 2
515.102 -5.97696 0.0394729 14.6781 -0.0163442 -0.0846386 0.00311169 0.557933 441 2
516.276 -5.93216 0.0381654 14.6691 -0.016095 -0.112343 0.00311537 0.604705 442 2
517.448 -5.88889 0.0368778 14.6604 -0.015713 -0.108945 0.00477482 0.552437 443 2
518.621 -5.84712 0.0356207 14.6496 -0.0153241 -0.134158 0.00486108 0.611309 444 2
519.792 -5.80682 0.0343948 14.6378 -0.0148716 -0.147903 0.0056569 0.540087 445 2
520.962 -5.76794 0.0332051 14.6256 -0.0143905 -0.153172 0.00601305 0.626207 446 2
522.132 -5.73045 0.0320538 14.6127 -0.0138719 -0.161242 0.00648325 0.605995 447 2
523.3 -5.69428 0.0309441 14.5962 -0.0133166 -0.205612 0.00694086 0.573643 448 2
524.467 -5.65939 0.0298787 14.578 -0.0127952 -0.22769 0.00651798 0.573223 449 2
525.633 -5.62575 0.0288551 14.5918 -0.00965213 0.172508 0.039288 0.610141 450 0
526.8 -5.59297 0.028083 14.6029 -0.00664505 0.13938 0.0375886 0.58817 451 0
527.968 -5.56079 0.0275513 14.578 -0.00652654 -0.31184 0.00148136 0.647552 452 2
529.134 -5.52927 0.0270292 14.5844 -0.00372188 0.0798464 0.0350582 0.611019 453 0
530.3 -5.49808 0.0267315 14.5961 -0.000751446 0.146341 0.0371304 0.60331 454 0
531.467 -5.46694 0.0266714 14.6091 0.00219996 0.162911 0.0368926 0.641327 455 0
532.635 -5.43557 0.0268474 14.6216 0.00511164 0.156212 0.036396 0.615687 456 0
533.805 -5.40369 0.0272563 14.6217 0.00728238 0.00140667 0.0271343 0.566335 457 0
534.974 -5.37113 0.0278389 14.586 0.00597536 -0.446165 -0.0163378 0.548198 458 2
536.14 -5.33809 0.0283169 14.5996 0.00787476 0.169516 0.0237425 0.545222 459 0
537.308 -5.30429 0.0289469 14.589 0.00896501 -0.132 0.0136281 0.575962 460 0
538.475 -5.26967 0.0296641 14.5897 0.0102529 0.00810623 0.0160981 0.514658 461 0
539.641 -5.2341 0.0304843 14.5834 0.0113694 -0.0790477 0.0139567 0.59059 462 0
540.807 -5.19748 0.0313939 14.5513 0.00947206 -0.400817 -0.0237167 0.69082 463 2
541.971 -5.16005 0.0321516 14.515 0.00762409 -0.453877 -0.0230996 0.600175 464 2
543.131 -5.12202 0.0327616 14.4829 0.00592324 -0.401783 -0.0212606 0.500058 465 2
544.289 -5.08352 0.0332354 14.4501 0.00440133 -0.40884 -0.0190239 0.65947 466 2
545.445 -5.0447 0.0335875 14.4201 0.00304849 -0.376165 -0.0169105 0.673366 467 2
546.598 -5.00568 0.0338314 14.3978 0.00194908 -0.278378 -0.0137427 0.577372 468 2
547.749 -4.96654 0.0339873 14.3759 0.00100125 -0.272989 -0.0118479 0.613164 469 2
548.898 -4.92736 0.0340674 14.3551 0.000307291 -0.260079 -0.00867444 0.621419 470 2
550.046 -4.88822 0.034092 14.3402 -0.000309654 -0.186729 -0.00771181 0.615776 471 2
551.193 -4.84915 0.0340672 14.3279 -0.000817977 -0.154006 -0.00635404 0.603286 472 2
552.338 -4.81018 0.0340018 14.3238 -0.00121025 -0.0511527 -0.00490335 0.64993 473 2
553.483 -4.77134 0.033905 14.3152 -0.00156907 -0.107491 -0.00448532 0.630738 474 2
554.628 -4.73266 0.0337795 14.3237 -0.00167139 0.10581 -0.00127897 0.63731 475 2
555.773 -4.69411 0.0336457 14.3718 -0.00323898 0.601339 -0.0195949 0.721094 476 3
556.922 -4.65573 0.0333866 14.4374 -0.0047971 0.820351 -0.0194765 0.685324 477 3
558.077 -4.61762 0.0330029 14.4253 -0.00741744 -0.150859 -0.0327543 0.628897 478 0
559.23 -4.58023 0.0324095 14.4231 -0.00955085 -0.0279188 -0.0266677 0.66916 479 0
560.383 -4.54372 0.0316454 14.4246 -0.0116536 0.0195503 -0.0262841 0.559715 480 0
561.537 -4.50828 0.0307131 14.4253 -0.0137967 0.00849962 -0.0267887 0.491103 481 0
562.69 -4.47412 0.0296094 14.4318 -0.0157479 0.0814319 -0.0243904 0.455852 482 0
563.844 -4.44139 0.0283495 14.4426 -0.0177474 0.134635 -0.024994 0.499588 483 0
564.999 -4.41028 0.0269298 14.4557 -0.0197681 0.163305 -0.0252588 0.483429 484 0
566.155 -4.38097 0.0253483 14.4762 -0.0214594 0.256765 -0.0211405 0.532351 485 0
567.313 -4.3536 0.0236316 14.4849 -0.0236217 0.108027 -0.0270288 0.526017 486 0
568.472 -4.32841 0.0217418 14.4993 -0.0263144 0.180817 -0.0336588 0.496715 487 0
569.631 -4.30563 0.0196367 14.5053 -0.0285014 0.0749588 -0.0273373 0.505674 488 0
570.792 -4.28549 0.0173566 14.5093 -0.0306892 0.0501633 -0.0273483 0.491721 489 0
571.952 -4.2682 0.0149014 14.5336 -0.0249245 0.303209 0.0720589 0.440988 490 2
573.115 -4.25319 0.0129075 14.5547 -0.0193763 0.263977 0.0693525 0.4698 491 2
574.279 -4.23997 0.0113574 14.5814 -0.014156 0.3335 0.065254 0.454942 492 2
575.446 -4.22804 0.0102249 14.608 -0.00928662 0.332463 0.0608671 0.46424 493 2
576.614 -4.21696 0.00948195 14.6367 -0.00785693 0.359201 0.0178712 0.519429 494 3
577.785 -4.20659 0.00885339 14.6615 -0.00597973 0.309551 0.023465 0.50905 495 3
578.958 -4.19677 0.00837501 14.6889 -0.00372967 0.342989 0.0281257 0.523616 496 3
580.133 -4.18728 0.00807664 14.7159 0.000758074 0.33778 0.0560969 0.520963 497 2
581.31 -4.1777 0.00813728 14.751 0.00272455 0.438118 0.0245809 0.504067 498 3
582.49 -4.16784 0.00835525 14.7774 0.00546166 0.329995 0.0342139 0.590562 499 3
583.672 -4.15745 0.00879218 14.8208 0.00661342 0.543141 0.014397 0.588876 500 4
584.858 -4.14639 0.00932125 14.8465 0.0105525 0.321066 0.0492387 0.605608 501 2
586.046 -4.13432 0.0101655 14.8723 0.0131451 0.322676 0.0324074 0.529398 502 3
587.235 -4.12097 0.0112171 14.8952 0.0167124 0.285447 0.0445918 0.622959 503 2
588.427 -4.10602 0.0125541 14.9149 0.0200848 0.247025 0.042154 0.5874 504 1
589.62 -4.08912 0.0141608 14.9398 0.0227731 0.310302 0.0336038 0.488522 505 1
590.815 -4.07002 0.0159827 14.9589 0.024914 0.239587 0.0267611 0.502763 506 1
592.012 -4.04851 0.0179758 14.9903 0.0265143 0.392056 0.0200043 0.51895 507 1
593.211 -4.02441 0.0200969 15.015 0.0271743 0.308621 0.00825038 0.494913 508 3
594.411 -3.99766 0.0222709 15.0435 0.0288285 0.356972 0.0206773 0.423975 509 1
595.615 -3.96808 0.0245772 15.0686 0.0294459 0.312638 0.00771729 0.479119 510 3
596.82 -3.93562 0.0269328 15.1 0.0308065 0.392723 0.0170077 0.286862 511 1
598.027 -3.90011 0.0293974 15.1278 0.0306489 0.348187 -0.00196996 0.397208 512 3
599.237 -3.86157 0.0318493 15.1446 0.030695 0.209141 0.000576372 0.450986 513 3
600.448 -3.82002 0.0343049 15.1506 0.0319439 0.0753522 0.0156109 0.525366 514 1
601.659 -3.77535 0.0368604 15.147 0.0329573 -0.0450253 0.0126673 0.517641 515 1
602.87 -3.72751 0.039497 15.1768 0.0335392 0.372851 0.0072741 0.418366 516 0
604.083 -3.67631 0.0421801 15.1587 0.0334287 -0.225937 -0.00138129 0.42701 517 3
605.294 -3.62193 0.0448544 15.1477 0.0332217 -0.138545 -0.00258801 0.500965 518 3
606.505 -3.56438 0.0475121 15.153 0.0328952 0.0669956 -0.00408101 0.38465 519 1
607.715 -3.50362 0.0501438 15.1594 0.0322118 0.0793338 -0.00854298 0.381829 520 1
608.926 -3.43971 0.0527207 15.1614 0.0312565 0.0260234 -0.0119411 0.492199 521 3
610.137 -3.37276 0.0552212 15.173 0.0299584 0.144601 -0.0162256 0.431629 522 1
611.349 -3.30286 0.0576179 15.1845 0.0283728 0.143051 -0.0198199 0.484404 523 1
612.562 -3.23016 0.0598877 15.1774 0.0274062 -0.087893 -0.0120824 0.479466 524 2
613.774 -3.15483 0.0620802 15.1881 0.025187 0.133455 -0.0277407 0.495673 525 1
614.986 -3.077 0.0640952 15.199 0.0227793 0.13653 -0.0300966 0.462395 526 1
616.2 -2.99691 0.0659175 15.2124 0.0189469 0.16762 -0.047905 0.408386 527 0
617.414 -2.91491 0.0674333 15.2256 0.0150364 0.164115 -0.0488811 0.451901 528 0
618.629 -2.83137 0.0686362 15.2384 0.0110735 0.161028 -0.0495355 0.444803 529 0
619.845 -2.74669 0.0695221 15.2362 0.0108945 -0.0279903 -0.00223716 0.47914 530 2
621.061 -2.66095 0.0703936 15.1962 0.0107275 -0.500143 -0.00208757 0.447413 531 2
622.274 -2.57441 0.0712518 15.181 0.00852209 -0.18959 -0.0275682 0.469514 532 3
623.485 -2.48712 0.0719336 15.1485 0.00653737 -0.406039 -0.0248091 0.478019 533 3
624.694 -2.39939 0.0724566 15.1054 0.00492086 -0.538909 -0.0202063 0.514284 534 3
625.899 -2.31143 0.0728502 15.0579 0.00355804 -0.594449 -0.0170353 0.524904 535 3
627.1 -2.22341 0.0731349 15.0213 0.00212429 -0.457275 -0.0179219 0.652448 536 3
628.299 -2.1354 0.0733048 14.9854 0.000590304 -0.44837 -0.0191748 0.629738 537 3
629.494 -2.04754 0.0733521 14.9578 -0.00116561 -0.345361 -0.0219489 0.630069 538 3
630.688 -1.95996 0.0732588 14.9301 -0.00256871 -0.346708 -0.0175388 0.709545 539 3
631.879 -1.87278 0.0730533 14.9136 -0.00434662 -0.205493 -0.0222238 0.557289 540 3
633.069 -1.78611 0.0727056 14.8928 -0.00535302 -0.26083 -0.01258 0.635325 541 3
634.257 -1.70007 0.0722773 14.8812 -0.0063744 -0.144196 -0.0127672 0.496084 542 3
635.445 -1.61471 0.0717674 14.8698 -0.0072068 -0.142932 -0.010405 0.576116 543 3
636.631 -1.53009 0.0711908 14.8839 -0.0102761 0.175929 -0.0383661 0.565083 544 4
637.819 -1.44637 0.0703688 14.8787 -0.0106163 -0.0641584 -0.00425293 0.603643 545 3
639.006 -1.36369 0.0695195 14.8973 -0.0137944 0.232065 -0.0397255 0.555828 546 4
640.195 -1.28222 0.0684159 14.8971 -0.01686 -0.00200272 -0.0383204 0.7097 547 4
641.384 -1.20235 0.0670671 14.8914 -0.0160627 -0.0717998 0.00996664 0.601541 548 3
642.573 -1.12404 0.0657821 14.8873 -0.0153075 -0.050652 0.0094399 0.551243 549 3
643.762 -1.0472 0.0645575 14.9648 -0.0131077 0.968301 0.0274976 0.518159 550 2
644.956 -0.971222 0.0635089 14.968 -0.015987 0.0396729 -0.0359916 0.534447 551 4
646.152 -0.896753 0.0622299 14.9598 -0.0150622 -0.101697 0.0115593 0.41286 552 3
647.346 -0.823765 0.0610249 14.9365 -0.0158218 -0.291491 -0.00949386 0.492048 553 3
648.539 -0.7524 0.0597592 14.985 -0.0128422 0.605726 0.037245 0.594517 554 2
649.736 -0.682032 0.0587318 15.0305 -0.0109558 0.569332 0.0235797 0.562016 555 2
650.936 -0.612503 0.0578554 15.0622 -0.0100075 0.395596 0.0118533 0.633846 556 2
652.139 -0.543791 0.0570548 15.048 -0.0101233 -0.177372 -0.00144707 0.535673 557 3
653.341 -0.476117 0.0562449 15.041 -0.00843363 -0.0877142 0.0211206 0.53071 558 3
654.542 -0.409285 0.0555702 15.0372 -0.00677929 -0.0467539 0.0206793 0.505655 559 3
655.744 -0.343121 0.0550279 15.0787 -0.00328446 0.518537 0.0436854 0.509249 560 1
656.948 -0.277091 0.0547651 15.097 -0.00237913 0.22881 0.0113165 0.576566 561 2
658.154 -0.211211 0.0545748 15.1023 -0.0018725 0.0656962 0.0063329 0.483785 562 3
659.36 -0.145488 0.054425 15.1087 0.000202451 0.0804305 0.0259369 0.467658 563 2
660.567 -0.0797176 0.0544412 15.1202 -0.000580765 0.14348 -0.00979019 0.286195 564 3
661.775 -0.0139534 0.0543947 15.1326 -0.00152055 0.155687 -0.0117473 0.192927 565 3
662.984 0.051718 0.0542731 15.1461 -0.00248564 0.167727 -0.0120636 0.183761 566 3
664.194 0.117207 0.0540742 15.1593 -0.0035168 0.165641 -0.0128895 0.208638 567 3
665.405 0.182412 0.0537929 15.1681 -0.00176498 0.110543 0.0218978 0.221637 568 1
666.617 0.247485 0.0536517 15.1888 -0.000121656 0.258708 0.0205415 0.190905 569 1
667.83 0.312634 0.0536419 15.2083 0.00168739 0.242829 0.022613 0.181625 570 1
669.045 0.378031 0.0537769 15.217 0.0033075 0.108671 0.0202514 0.188373 571 1
670.26 0.443787 0.0540415 15.2237 0.00299141 0.083971 -0.00395116 0.18609 572 2
671.477 0.509863 0.0542809 15.2637 0.00328294 0.500584 0.00364407 0.183133 573 0
672.696 0.576433 0.0545435 15.2691 0.00156935 0.0665665 -0.0214198 0.198193 574 2
673.916 0.643179 0.054669 15.2791 -0.000718766 0.12573 -0.0286015 0.201625 575 2
675.136 0.709899 0.0546115 15.2951 -0.00289554 0.199926 -0.0272097 0.197183 576 2
676.358 0.776406 0.0543799 15.3181 -0.00427249 0.287879 -0.0172119 0.217778 577 1
677.582 0.842595 0.0540381 15.3417 -0.00558295 0.294733 -0.0163807 0.198574 578 1
678.807 0.908338 0.0535915 15.3651 -0.00743135 0.29248 -0.023105 0.179729 579 1
680.035 0.973452 0.0529969 15.3732 -0.00998069 0.100899 -0.0318668 0.484095 580 2
681.263 1.03762 0.0521985 15.4101 -0.0125014 0.461698 -0.0315088 0.484431 581 2
682.494 1.10071 0.0511984 15.4391 -0.014779 0.362802 -0.0284706 0.493404 582 2
683.728 1.16246 0.0500161 15.4835 -0.0166851 0.554228 -0.0238252 0.516944 583 2
684.965 1.22274 0.0486813 15.5308 -0.0183275 0.591433 -0.0205306 0.497169 584 2
686.206 1.28138 0.0472151 15.5696 -0.0195906 0.485575 -0.0157886 0.330381 585 1
687.45 1.33822 0.0456478 15.6271 -0.020741 0.718403 -0.0143803 0.278468 586 2
688.699 1.39319 0.0439885 15.6955 -0.0218888 0.855136 -0.0143469 0.229021 587 1
689.954 1.44621 0.0422374 15.7655 -0.0229107 0.874114 -0.0127747 0.194237 588 1
691.214 1.49716 0.0404046 15.8337 -0.0227201 0.853229 0.00238274 0.205645 589 3
692.48 1.54602 0.038587 15.9034 -0.0229299 0.870657 -0.00262167 0.199491 590 2
693.751 1.59277 0.0367526 15.9713 -0.0222359 0.848866 0.00867478 0.201643 591 3
695.028 1.63745 0.0349737 16.0477 -0.0231948 0.95557 -0.0119868 0.226335 592 1
696.311 1.67996 0.0331181 16.1233 -0.0239947 0.945091 -0.00999896 0.224644 593 1
697.6 1.72019 0.0311985 16.1966 -0.0248165 0.916004 -0.0102721 0.245105 594 1
698.895 1.75804 0.0292132 16.263 -0.0232521 0.829935 0.0195553 0.19659 595 3
700.196 1.79362 0.027353 16.3267 -0.0217381 0.795698 0.0189252 0.202154 596 3
701.502 1.82708 0.025614 16.3977 -0.024291 0.888062 -0.0319117 0.210317 597 0
702.813 1.85812 0.0236707 16.4631 -0.0266997 0.817442 -0.0301082 0.185456 598 0
704.13 1.88648 0.0215347 16.5219 -0.0289747 0.735474 -0.0284374 0.202645 599 0
705.451 1.91188 0.0192168 16.5734 -0.0311234 0.643206 -0.0268596 0.189576 600 0
706.777 1.93406 0.0167269 16.6168 -0.0331506 0.542116 -0.0253399 0.19489 601 0
708.106 1.95277 0.0140748 16.6494 -0.0334593 0.408173 -0.00385898 0.198866 602 1
709.438 1.96795 0.0113981 16.6732 -0.0337717 0.296783 -0.00390476 0.213183 603 1
710.772 1.97955 0.00869637 16.6879 -0.03408 0.184417 -0.00385335 0.212738 604 1
712.107 1.98752 0.00596997 16.6941 -0.0360492 0.0776768 -0.0246151 0.198205 605 0
713.443 1.99164 0.00308603 16.6915 -0.0378769 -0.0332594 -0.0228468 0.196912 606 0
714.778 1.99172 5.58776e-05 16.673 -0.03198 -0.230908 0.0737122 0.20036 607 5
716.112 1.98838 -0.00250252 16.6426 -0.0341476 -0.379729 -0.0270956 0.380188 608 0
717.443 1.98141 -0.00523433 16.6092 -0.0360823 -0.417185 -0.024184 0.534879 609 0
718.772 1.97062 -0.00812091 16.5731 -0.0377952 -0.451374 -0.021411 0.457871 610 0
720.098 1.95584 -0.0111445 16.513 -0.039306 -0.751758 -0.0188855 0.546347 611 0
721.418 1.93697 -0.014289 16.459 -0.0406459 -0.674343 -0.0167477 0.626399 612 0
722.735 1.91387 -0.0175407 16.3947 -0.0418424 -0.803947 -0.0149569 0.490072 613 0
724.046 1.88648 -0.0208881 16.3182 -0.0374395 -0.957036 0.055036 0.458934 614 3
725.351 1.8553 -0.0238832 16.2468 -0.0332704 -0.891876 0.0521139 0.563189 615 3
726.651 1.8208 -0.0265449 16.2012 -0.0280045 -0.57056 0.0658243 0.52417 616 4
727.946 1.7835 -0.0287852 16.1336 -0.0243401 -0.84455 0.0458052 0.570803 617 3
729.236 1.74384 -0.0307324 16.0896 -0.017977 -0.550318 0.0795379 0.545162 618 5
730.523 1.70244 -0.0321706 16.0256 -0.0148639 -0.800324 0.0389143 0.57956 619 3
731.804 1.65968 -0.0333597 15.9632 -0.0118737 -0.779521 0.0373778 0.47885 620 3
733.08 1.61587 -0.0343096 15.9005 -0.0090136 -0.784254 0.0357508 0.52728 621 3
734.352 1.57132 -0.0350307 15.8548 -0.00360483 -0.571227 0.0676097 0.540133 622 5
735.619 1.52653 -0.0353191 15.8165 0.00136815 -0.478041 0.0621623 0.587773 623 5
736.884 1.48199 -0.0352096 15.7824 0.0059526 -0.426114 0.0573056 0.534257 624 5
738.146 1.43814 -0.0347334 15.7295 0.00875349 -0.661552 0.0350112 0.472491 625 3
739.403 1.39533 -0.0340331 15.7005 0.012745 -0.362742 0.0498942 0.461784 626 5
740.659 1.35387 -0.0330135 15.6727 0.0164046 -0.346756 0.0457447 0.465862 627 5
741.912 1.31413 -0.0317012 15.6462 0.0197477 -0.331569 0.0417883 0.532118 628 5
743.163 1.27643 -0.0301214 15.6173 0.0215201 -0.361538 0.022155 0.445718 629 4
744.412 1.24095 -0.0283997 15.5869 0.0231563 -0.379705 0.020453 0.437413 630 4
745.658 1.20785 -0.0265472 15.5557 0.0246793 -0.390029 0.0190367 0.483491 631 4
746.902 1.17728 -0.0245729 15.5214 0.0260855 -0.428796 0.0175776 0.513597 632 4
748.144 1.14936 -0.0224861 15.5007 0.0284151 -0.259066 0.02912 0.472495 633 5
749.384 1.12429 -0.0202129 15.4808 0.0304945 -0.247967 0.0259926 0.493658 634 5
750.622 1.10228 -0.0177733 15.4618 0.0323371 -0.237644 0.0230323 0.50156 635 5
751.859 1.0835 -0.0151863 15.4436 0.0339549 -0.227571 0.0202226 0.547887 636 5
753.094 1.06809 -0.0124699 15.4261 0.0353629 -0.219607 0.0176004 0.574776 637 5
754.328 1.0562 -0.00964092 15.4093 0.0365722 -0.210059 0.0151167 0.525779 638 5
755.561 1.04792 -0.00671514 15.3931 0.0375958 -0.201988 0.0127946 0.57657 639 5
756.792 1.04335 -0.00370748 15.3774 0.0384482 -0.19592 0.0106545 0.58551 640 5
758.022 1.04258 -0.000631624 15.3625 0.0391319 -0.186682 0.00854698 0.551787 641 5
759.251 1.04565 0.00249893 15.348 0.0396668 -0.180542 0.00668615 0.589611 642 5
760.479 1.05261 0.00567227 15.334 0.0400655 -0.175333 0.00498397 0.702729 643 5
761.706 1.0635 0.00887751 15.3205 0.0403286 -0.168622 0.00328822 0.749989 644 5
762.931 1.07834 0.0121038 15.3073 0.0404787 -0.164771 0.00187629 0.59133 645 5
764.156 1.09712 0.0153421 15.2946 0.0405119 -0.158751 0.000415463 0.603767 646 5
765.379 1.11986 0.018583 15.2821 0.0404552 -0.156915 -0.000708783 0.58928 647 5
766.602 1.14653 0.0218195 15.2702 0.040303 -0.149298 -0.00190274 0.597609 648 5
767.823 1.17712 0.0250437 15.2456 0.040772 -0.306821 0.00586286 0.614726 649 4
769.042 1.21164 0.0283055 15.2247 0.041121 -0.261676 0.00436255 0.575554 650 4
770.259 1.25012 0.0315951 15.2092 0.0415441 -0.192964 0.00528847 0.553477 651 4
771.475 1.2926 0.0349187 15.1916 0.0417389 -0.221014 0.00243471 0.551298 652 4
772.69 1.33908 0.0382578 15.1821 0.0409772 -0.118685 -0.00952142 0.58763 653 5
773.903 1.38951 0.041536 15.1729 0.0401674 -0.114894 -0.0101216 0.537327 654 5
775.116 1.44381 0.0447494 15.164 0.0393146 -0.111234 -0.0106607 0.556921 655 5
776.328 1.50189 0.0478945 15.1553 0.0384233 -0.10792 -0.0111404 0.421247 656 5
777.538 1.56366 0.0509684 15.1461 0.0375122 -0.115585 -0.0113897 0.527429 657 5
778.748 1.62902 0.0539694 15.1374 0.0365934 -0.108767 -0.011484 0.494296 658 5
779.957 1.69789 0.0568968 15.1294 0.0355686 -0.0993013 -0.0128102 0.497548 659 5
781.166 1.77016 0.0597423 15.1213 0.0345996 -0.102198 -0.0121126 0.382906 660 5
782.373 1.84572 0.0625103 15.1136 0.0336394 -0.0957966 -0.0120026 0.504245 661 5
783.579 1.9245 0.0652015 15.1064 0.0326657 -0.0898004 -0.0121708 0.413139 662 5
784.785 2.0064 0.0678147 15.0991 0.0317126 -0.0914335 -0.0119143 0.444639 663 5
785.99 2.09131 0.0703517 15.0868 0.0307657 -0.153267 -0.0118361 0.453316 664 5
787.194 2.17911 0.072813 15.0665 0.0298532 -0.254202 -0.0114064 0.538078 665 5
788.396 2.26967 0.0752012 15.0588 0.0308039 -0.0965118 0.0118839 0.521097 666 3
789.597 2.36313 0.0776656 15.0252 0.0299079 -0.420392 -0.0112 0.687273 667 5
790.795 2.45926 0.0800582 14.9885 0.0290518 -0.458646 -0.010701 0.614193 668 5
791.99 2.55793 0.0823823 14.952 0.0282057 -0.455976 -0.0105761 0.568833 669 5
793.182 2.65905 0.0846388 14.9161 0.0273575 -0.448966 -0.0106024 0.542313 670 5
794.371 2.76253 0.0868274 14.8809 0.0265041 -0.439191 -0.0106686 0.55124 671 5
795.556 2.86828 0.0889477 14.9251 0.0271968 0.55232 0.00865969 0.560071 672 2
796.746 2.97694 0.0911235 14.8911 0.0261549 -0.425482 -0.0130245 0.521161 673 5
797.932 3.08782 0.0932159 14.8577 0.0250999 -0.416982 -0.0131872 0.595974 674 5
799.115 3.20084 0.0952238 14.875 0.0245869 0.215399 -0.00641192 0.512737 675 2
800.299 3.31631 0.0971908 14.8437 0.0233901 -0.390065 -0.0149603 0.599657 676 5
801.481 3.43375 0.099062 14.8118 0.0221351 -0.398779 -0.0156879 0.608004 677 5
802.66 3.55303 0.100833 14.8043 0.0206388 -0.0946879 -0.0187033 0.55046 678 2
803.838 3.6742 0.102484 14.8135 0.0197735 0.115466 -0.0108162 0.564834 679 2
805.017 3.7973 0.104066 14.7845 0.0184538 -0.363195 -0.0164965 0.597447 680 5
806.193 3.9219 0.105542 14.8387 0.0167856 0.678003 -0.020852 0.545183 681 1
807.373 4.04854 0.106885 14.8094 0.0155062 -0.366104 -0.0159936 0.532205 682 5
808.551 4.17639 0.108125 14.7828 0.01418 -0.333059 -0.0165775 0.462181 683 5
809.727 4.30535 0.10926 14.7587 0.0128192 -0.30055 -0.0170097 0.539158 684 5
810.9 4.4353 0.110285 14.7373 0.0114265 -0.267994 -0.017408 0.459435 685 5
812.072 4.56613 0.1112 14.7179 0.0100288 -0.242031 -0.0174716 0.548593 686 5
813.242 4.69773 0.112002 14.7005 0.00860693 -0.217223 -0.0177734 0.507718 687 5
814.41 4.82998 0.11269 14.682 0.00717658 -0.231862 -0.0178793 0.541733 688 5
815.577 4.96273 0.113264 14.7174 0.0020575 0.442159 -0.0639885 0.460216 689 0
816.747 5.09599 0.113429 14.7011 0.00108783 -0.203598 -0.0121209 0.553692 690 5
817.916 5.22921 0.113516 14.6839 2.08386e-05 -0.215006 -0.0133374 0.493614 691 5
819.083 5.36228 0.113518 14.6644 -0.00101274 -0.243044 -0.0129197 0.531123 692 5
820.249 5.49507 0.113437 14.6489 -0.00209574 -0.194526 -0.0135375 0.484982 693 5
821.413 5.62753 0.113269 14.6332 -0.00320748 -0.195646 -0.0138968 0.588666 694 5
822.576 5.75955 0.113013 14.6253 -0.00435905 -0.0992775 -0.0143946 0.531835 695 5
823.739 5.89109 0.112664 14.6145 -0.00556337 -0.135231 -0.0150541 0.622346 696 5
824.901 6.02201 0.112219 14.6032 -0.00677744 -0.140083 -0.0151758 0.516823 697 5
826.062 6.15221 0.111677 14.5903 -0.00796877 -0.162363 -0.0148917 0.536158 698 5
827.222 6.28155 0.111039 14.5778 -0.00917143 -0.155544 -0.0150332 0.594758 699 5
828.381 6.40993 0.110305 14.5659 -0.0103814 -0.148571 -0.0151243 0.533585 700 5
829.539 6.53724 0.109475 14.555 -0.0115963 -0.137091 -0.0151871 0.580262 701 5
830.697 6.66339 0.108547 14.5468 -0.0128213 -0.101781 -0.0153121 0.561186 702 5
831.854 6.78827 0.107521 14.5391 -0.0140409 -0.0964642 -0.0152444 0.532955 703 5
833.01 6.91179 0.106398 14.5317 -0.0152447 -0.0928164 -0.0150483 0.549748 704 5
834.166 7.03384 0.105179 14.5254 -0.0164456 -0.0780225 -0.0150108 0.611599 705 5
835.322 7.15432 0.103863 14.5236 -0.0176565 -0.0227571 -0.0151358 0.648437 706 5
836.478 7.27315 0.10245 14.521 -0.0188406 -0.033021 -0.0148021 0.652157 707 5
837.634 7.39021 0.100943 14.5191 -0.0199936 -0.0237584 -0.0144127 0.564223 708 5
838.789 7.50541 0.0993436 14.5186 -0.0211228 -0.00638962 -0.0141148 0.668083 709 5
839.945 7.61865 0.0976538 14.5228 -0.0222725 0.052774 -0.0143704 0.596251 710 5
841.102 7.72987 0.095872 14.5239 -0.0234042 0.0139475 -0.0141467 0.635658 711 5
842.259 7.83893 0.0939997 14.5289 -0.0245438 0.0623584 -0.0142446 0.683811 712 5
843.416 7.94575 0.0920362 14.5317 -0.0256024 0.0355244 -0.013233 0.640461 713 5
844.574 8.05023 0.089988 14.5675 -0.0266327 0.447261 -0.0128786 0.650006 714 4
845.735 8.15248 0.0878574 14.6074 -0.027561 0.498629 -0.0116035 0.710756 715 4
846.899 8.25245 0.0856525 14.6125 -0.0285323 0.0640869 -0.0121411 0.715273 716 5
848.064 8.3498 0.0833699 14.6505 -0.0294517 0.474238 -0.0114934 0.721069 717 4
849.232 8.44465 0.0810138 14.6559 -0.0302416 0.0676632 -0.00987356 0.766474 718 5
850.401 8.5367 0.0785944 14.6609 -0.0309375 0.062263 -0.00869862 0.6979 719 5
851.57 8.62589 0.0761194 14.6687 -0.0316122 0.0985622 -0.00843382 0.710468 720 5
852.741 8.71217 0.0735905 14.6795 -0.0322028 0.13448 -0.00738222 0.721627 721 5
853.912 8.7955 0.0710142 14.7165 -0.0326886 0.462246 -0.00607218 0.826638 722 4
855.087 8.87597 0.0683992 14.7306 -0.0330394 0.175953 -0.00438597 0.650141 723 5
856.263 8.9534 0.065756 14.7639 -0.0329365 0.416923 0.00128704 0.62175 724 4
857.441 9.0279 0.0631211 14.7979 -0.0328937 0.425065 0.000534486 0.737821 725 4
858.623 9.09947 0.0604896 14.8325 -0.0330427 0.432551 -0.00186218 0.659693 726 4
859.808 9.16807 0.0578462 14.8701 -0.0330692 0.469232 -0.000331737 0.695242 727 4
860.995 9.2337 0.0552006 14.9043 -0.0332286 0.428581 -0.00199219 0.940653 728 4
862.186 9.29632 0.0525423 14.9466 -0.0332684 0.528717 -0.000497745 0.909111 729 4
863.38 9.35594 0.0498809 14.9881 -0.033286 0.517774 -0.000219466 0.89487 730 4
864.578 9.41254 0.047218 15.0087 -0.0332163 0.258422 0.000870787 0.825726 731 5
865.778 9.46603 0.0445607 15.0321 -0.033009 0.29223 0.00259201 0.923977 732 5
866.979 9.51642 0.04192 15.0779 -0.0327818 0.572765 0.00283928 1.11494 733 4
868.184 9.56381 0.0392974 15.1025 -0.0323209 0.306785 0.00576116 1.08062 734 5
869.392 9.60816 0.0367117 15.1475 -0.0317873 0.562966 0.0066705 1.09195 735 4
870.603 9.64956 0.0341688 15.1732 -0.0310985 0.321376 0.00860938 1.08698 736 5
871.816 9.688 0.0316809 15.2015 -0.0303008 0.353026 0.0099713 1.05173 737 5
873.032 9.72358 0.0292568 15.2267 -0.0293869 0.315785 0.0114238 0.887497 738 5
874.25 9.75635 0.0269059 15.2434 -0.0283814 0.208139 0.0125692 0.911547 739 5
875.469 9.78639 0.0246353 15.3198 -0.0269218 0.955415 0.0182448 0.865994 740 3
876.694 9.81394 0.0224816 15.3957 -0.0254325 0.948072 0.0186167 1.07032 741 3
877.925 9.83912 0.020447 15.4412 -0.0245758 0.569773 0.0107082 1.52031 742 4
879.16 9.86195 0.0184809 15.4883 -0.0234783 0.587952 0.0137188 0.784535 743 4
880.399 9.88252 0.0166027 15.5331 -0.022243 0.560725 0.0154416 0.826773 744 4
881.642 9.90094 0.0148232 15.5576 -0.0212398 0.305593 0.0125392 0.846098 745 5
882.886 9.91727 0.013124 15.6066 -0.0190799 0.612926 0.026999 0.818961 746 3
884.135 9.93175 0.0115977 15.6514 -0.0173946 0.559962 0.0210667 0.959928 747 3
885.387 9.94453 0.0102061 15.6938 -0.0160877 0.529575 0.0163355 0.857997 748 3
886.642 9.95573 0.00891906 15.7354 -0.0150615 0.519931 0.0128276 0.708845 749 3
887.901 9.96544 0.00771414 15.7541 -0.0149868 0.234604 0.000934477 0.691711 750 5
889.161 9.97365 0.0065152 15.8054 -0.0169179 0.641215 -0.0241393 0.869559 751 1
890.426 9.98018 0.00516177 15.8491 -0.0191409 0.545299 -0.0277872 1.14694 752 1
891.694 9.98478 0.00363049 15.8927 -0.0215506 0.544894 -0.0301208 0.816643 753 1
892.965 9.98721 0.00190645 15.9235 -0.0204835 0.386071 0.0133382 0.590362 754 3
894.239 9.98755 0.000267769 15.9384 -0.018957 0.185514 0.0190813 0.557904 755 4
895.514 9.98596 -0.00124879 15.9624 -0.0183357 0.299764 0.00776663 0.643156 756 3
896.791 9.98249 -0.00271564 15.9728 -0.0180319 0.130892 0.00379691 0.496612 757 3
898.069 9.97717 -0.0041582 15.9995 -0.0236155 0.333607 -0.0697946 0.529407 758 0
899.349 9.96943 -0.00604744 15.9955 -0.0231249 -0.0497341 0.00613267 0.483049 759 3
900.628 9.95933 -0.00789743 15.9907 -0.0293756 -0.0606418 -0.0781342 0.48906 760 0
901.908 9.94622 -0.0102475 15.9695 -0.0282753 -0.264931 0.0137534 0.543761 761 4
903.185 9.93024 -0.0125095 15.9528 -0.0344302 -0.209284 -0.0769357 0.516138 762 0
904.461 9.91076 -0.0152639 15.9153 -0.034086 -0.468171 0.00430234 0.520832 763 4
905.734 9.88785 -0.0179908 15.8964 -0.0392698 -0.23675 -0.064798 0.512686 764 0
907.005 9.86098 -0.0211324 15.8499 -0.038511 -0.581265 0.00948622 0.475154 765 4
908.273 9.83028 -0.0242133 15.7854 -0.0375861 -0.805581 0.0115603 0.494516 766 4
909.536 9.79591 -0.0272202 15.7107 -0.036375 -0.934362 0.0151385 0.507753 767 4
910.792 9.75805 -0.0301302 15.633 -0.034884 -0.971127 0.0186387 0.59083 768 4
912.042 9.71688 -0.0329209 15.5891 -0.0401093 -0.548494 -0.0653169 0.685766 769 0
913.288 9.67183 -0.0361296 15.5529 -0.0445934 -0.451994 -0.0560511 0.676207 770 0
914.531 9.62246 -0.0396971 15.5228 -0.0484118 -0.376892 -0.0477297 0.623228 771 0
915.772 9.56837 -0.04357 15.4974 -0.0516303 -0.316966 -0.0402313 0.624919 772 0
917.01 9.50925 -0.0477004 15.4756 -0.0543223 -0.272369 -0.0336504 0.572437 773 0
918.247 9.44484 -0.0520462 15.4566 -0.0565405 -0.237465 -0.0277275 0.574768 774 0
919.481 9.37493 -0.0565695 15.44 -0.0583334 -0.207472 -0.0224106 0.611433 775 0
920.714 9.29934 -0.0612361 15.4253 -0.0597418 -0.183916 -0.017606 0.557134 776 0
921.945 9.21793 -0.0660155 15.4121 -0.0607995 -0.165343 -0.0132205 0.533594 777 0
923.175 9.13061 -0.0708795 15.3993 -0.0615682 -0.159764 -0.00960859 0.538965 778 0
924.404 9.03732 -0.0758049 15.3909 -0.062032 -0.105274 -0.00579804 0.647685 779 0
925.631 8.93798 -0.0807675 15.38 -0.0622543 -0.136375 -0.0027786 0.572644 780 0
926.857 8.8326 -0.0857478 15.3693 -0.0622449 -0.133312 0.000117021 0.602189 781 0
928.081 8.7212 -0.0907274 15.3615 -0.0620436 -0.0978947 0.00251629 0.676256 782 0
929.305 8.60378 -0.0956909 15.3515 -0.0616164 -0.124979 0.00534048 0.572464 783 0
930.527 8.48042 -0.10062 15.3419 -0.0610047 -0.120163 0.00764625 0.491113 784 0
931.747 8.35117 -0.105501 15.3322 -0.0602495 -0.121689 0.00943984 0.568478 785 0
932.966 8.21613 -0.110321 15.3228 -0.0593339 -0.116563 0.011445 0.568844 786 0
934.184 8.07539 -0.115067 15.3133 -0.0582996 -0.118732 0.0129291 0.555183 787 0
935.4 7.92906 -0.119731 15.3034 -0.057164 -0.123811 0.0141942 0.49551 788 0
936.615 7.77727 -0.124304 15.2946 -0.0558596 -0.10978 0.0163059 0.509743 789 0
937.829 7.62014 -0.128773 15.2855 -0.0546004 -0.114143 0.0157395 0.483989 790 0
939.041 7.45781 -0.133141 15.2764 -0.0533314 -0.113606 0.0158621 0.562423 791 0
940.251 7.29041 -0.137408 15.2676 -0.0519511 -0.110137 0.0172542 0.515465 792 0
941.46 7.11808 -0.141564 15.259 -0.0505102 -0.108051 0.0180115 0.526887 793 0
942.668 6.94097 -0.145605 15.25 -0.0490947 -0.112104 0.0176933 0.628411 794 0
943.875 6.75922 -0.149532 15.239 -0.047579 -0.137961 0.018947 0.571836 795 0
945.079 6.57301 -0.153338 15.2303 -0.0460122 -0.108802 0.0195839 0.486401 796 0
946.283 6.38248 -0.157019 15.2214 -0.0444616 -0.111294 0.0193836 0.583099 797 0
947.485 6.18779 -0.160576 15.2129 -0.0428862 -0.105572 0.0196921 0.524326 798 0
948.685 5.98908 -0.164007 15.205 -0.0411173 -0.0991821 0.0221111 0.47592 799 0
949.885 5.78653 -0.167297 15.1961 -0.0394901 -0.111401 0.0203406 0.539006 800 0
951.083 5.58031 -0.170456 15.189 -0.0379965 -0.087738 0.0186696 0.49859 801 0
952.28 5.37055 -0.173496 15.1811 -0.0362644 -0.0993609 0.0216509 0.546754 802 0
953.476 5.15742 -0.176397 15.1731 -0.0345156 -0.0993133 0.0218605 0.477092 803 0
954.67 4.94111 -0.179158 15.1642 -0.0328178 -0.111544 0.0212225 0.492158 804 0
955.863 4.7218 -0.181783 15.1564 -0.0309885 -0.097239 0.0228666 0.482975 805 0
957.055 4.49964 -0.184262 15.149 -0.0291574 -0.0933051 0.0228881 0.445924 806 0
958.246 4.27481 -0.186595 15.1415 -0.0274239 -0.0932097 0.0216693 0.444509 807 0
959.436 4.04748 -0.188789 15.1344 -0.0256862 -0.0889778 0.0217207 0.446418 808 0
960.625 3.81782 -0.190844 15.1283 -0.0240159 -0.0760555 0.0208788 0.461671 809 0
961.812 3.58596 -0.192765 15.1216 -0.0220756 -0.0838518 0.0242537 0.456057 810 0
962.999 3.35211 -0.194531 15.115 -0.0202819 -0.082159 0.0224218 0.385726 811 0
964.185 3.11644 -0.196154 15.1121 -0.0185468 -0.0371218 0.0216879 0.409865 812 0
965.371 2.87906 -0.197637 15.0962 -0.0170776 -0.198793 0.0183661 0.440827 813 0
966.555 2.64031 -0.199004 15.0914 -0.0154067 -0.0593424 0.0208862 0.514551 814 0
967.738 2.40017 -0.200236 15.0794 -0.0136433 -0.149727 0.0220415 0.50822 815 0
968.92 2.15894 -0.201328 15.071 -0.0120293 -0.105226 0.0201758 0.535577 816 0
970.101 1.9167 -0.20229 15.061 -0.0107938 -0.125802 0.0154433 0.526251 817 0
971.281 1.6736 -0.203154 15.0521 -0.00940106 -0.110745 0.0174094 0.531987 818 0
972.46 1.42976 -0.203906 15.042 -0.00794326 -0.126219 0.0182225 0.571512 819 0
973.638 1.18534 -0.204541 15.0331 -0.00635345 -0.111771 0.0198726 0.446322 820 0
974.816 0.940464 -0.205049 15.0249 -0.00465455 -0.101829 0.0212363 0.576633 821 0
975.993 0.695281 -0.205422 15.0164 -0.00293919 -0.106895 0.0214419 0.501648 822 0
977.169 0.449962 -0.205657 15.0086 -0.0011343 -0.0976086 0.0225611 0.55964 823 0
978.344 0.204663 -0.205748 15.0002 0.000664094 -0.104201 0.02248 0.526825 824 0
979.519 -0.0404369 -0.205694 14.9929 0.00253329 -0.0908613 0.0233649 0.571948 825 0
980.693 -0.28518 -0.205492 14.9855 0.00437748 -0.0932694 0.0230524 0.550003 826 0
981.867 -0.529391 -0.205142 14.9789 0.00627854 -0.0824928 0.0237632 0.562285 827 0
983.04 -0.772904 -0.204639 14.9719 0.00816033 -0.0867367 0.0235223 0.550953 828 0
984.213 -1.01554 -0.203986 14.9642 0.0100122 -0.097239 0.0231483 0.565562 829 0
985.385 -1.25711 -0.203186 14.965 0.0117147 0.0106335 0.0212813 0.577717 830 1
986.558 -1.49759 -0.202248 14.9586 0.0135751 -0.0797629 0.0232546 0.601127 831 0
987.731 -1.7367 -0.201162 14.9521 0.0154015 -0.0822306 0.0228306 0.589919 832 0
988.903 -1.97426 -0.19993 14.9452 0.0171918 -0.0861645 0.0223784 0.515078 833 0
990.075 -2.2101 -0.198555 14.9364 0.0189535 -0.110102 0.0220209 0.516919 834 0
991.247 -2.44402 -0.197039 14.9292 0.0206965 -0.0895381 0.0217878 0.496758 835 0
992.419 -2.67589 -0.195383 14.9186 0.0223658 -0.132287 0.0208667 0.449043 836 0
993.59 -2.9055 -0.193594 14.9101 0.0240036 -0.105894 0.0204721 0.563589 837 0
994.761 -3.13274 -0.191673 14.9015 0.0255935 -0.108588 0.0198741 0.488089 838 0
995.931 -3.35744 -0.189626 14.8915 0.0271259 -0.124872 0.0191549 0.523916 839 0
997.102 -3.57946 -0.187456 14.8643 0.0284233 -0.339043 0.0162181 0.556437 840 0
998.271 -3.79841 -0.185182 14.8527 0.0298827 -0.1459 0.0182414 0.600529 841 0
999.439 -4.01439 -0.182791 14.8503 0.0311928 -0.0299096 0.0163765 0.615866 842 2
1000.61 -4.22743 -0.180296 14.843 0.0325737 -0.0913382 0.0172621 0.620017 843 2
