1.12 10 0 14.0433 -0.00670685 0.541067 -0.0838356 0.127485 1 5
2.24346 9.9994 -0.000536548 14.0848 -0.012713 0.519133 -0.0750769 0.14162 2 5
3.37025 9.99765 -0.00155359 14.1247 -0.0167193 0.498533 -0.0500786 0.140136 3 6
4.50022 9.99438 -0.00289113 14.1624 -0.0229112 0.471115 -0.0773986 0.139314 4 4
5.6332 9.98903 -0.00472403 14.2002 -0.027045 0.472748 -0.051673 0.143538 5 5
6.76919 9.9812 -0.00688763 14.2347 -0.0345682 0.430858 -0.0940396 0.14296 6 2
7.90791 9.97021 -0.00965308 14.2676 -0.0411875 0.411022 -0.0827411 0.144026 7 2
9.04922 9.95543 -0.0129481 14.2981 -0.0417668 0.381851 -0.00724201 0.146809 8 6
10.1929 9.9368 -0.0162894 14.3287 -0.0432964 0.381851 -0.0191193 0.149721 9 5
11.339 9.91416 -0.0197531 14.3546 -0.0433178 0.323772 -0.000267709 0.138687 10 6
12.487 9.8875 -0.0232186 14.3789 -0.0431745 0.303745 0.00179065 0.148905 11 6
13.6369 9.85682 -0.0266725 14.4015 -0.0428831 0.282729 0.00364259 0.152628 12 6
14.7885 9.82214 -0.0301032 14.428 -0.047382 0.331581 -0.0562356 0.141822 13 2
15.9421 9.78303 -0.0338937 14.4475 -0.0463103 0.243902 0.0133964 0.140064 14 6
17.0971 9.73958 -0.0375986 14.4665 -0.0451813 0.237107 0.0141121 0.138946 15 6
18.2534 9.6919 -0.0412131 14.4922 -0.0487473 0.321627 -0.0445752 0.137688 16 2
19.4116 9.63961 -0.0451128 14.5078 -0.0470655 0.194979 0.0210226 0.137072 17 6
20.5709 9.58291 -0.0488781 14.5307 -0.0499256 0.286388 -0.0357515 0.135556 18 2
21.7317 9.52147 -0.0528721 14.5432 -0.0478097 0.156045 0.0264488 0.138719 19 6
22.8933 9.45555 -0.0566969 14.5651 -0.0500352 0.273371 -0.0278186 0.136621 20 2
24.0563 9.38486 -0.0606997 14.5872 -0.0517721 0.276184 -0.021711 0.137465 21 2
25.2209 9.30925 -0.0648415 14.608 -0.0530487 0.260758 -0.0159573 0.13685 22 2
26.3867 9.22857 -0.0690854 14.6278 -0.0538982 0.246525 -0.0106191 0.139735 23 2
27.5538 9.14276 -0.0733972 14.6485 -0.0569554 0.259829 -0.0382155 0.136565 24 0
28.7221 9.0515 -0.0779537 14.6669 -0.0568376 0.229788 0.00147293 0.140301 25 2
29.8915 8.95481 -0.0825007 14.686 -0.0576647 0.239027 -0.0103388 0.142767 26 1
31.0619 8.85259 -0.0871139 14.7038 -0.058083 0.221646 -0.00522845 0.140994 27 1
32.2333 8.7448 -0.0917605 14.7196 -0.0569303 0.1984 0.0144084 0.139039 28 2
33.4054 8.63156 -0.0963149 14.7381 -0.0567387 0.230408 0.00239578 0.135487 29 1
34.5784 8.51285 -0.100854 14.752 -0.0551398 0.17451 0.0199853 0.139624 30 2
35.7521 8.38885 -0.105265 14.77 -0.0557916 0.224459 -0.0081466 0.139304 31 0
36.9266 8.25945 -0.109729 14.7817 -0.0536951 0.145948 0.0262056 0.141411 32 2
38.1014 8.12491 -0.114024 14.798 -0.0525009 0.204718 0.0149272 0.142576 33 1
39.277 7.98527 -0.118224 14.7873 -0.0467226 -0.134087 0.0722287 0.14082 34 6
40.4512 7.84135 -0.121962 14.8046 -0.0455765 0.215566 0.0143271 0.141358 35 1
41.6262 7.69298 -0.125608 14.8213 -0.0455505 0.208819 0.000324333 0.142284 36 0
42.802 7.54015 -0.129252 14.8355 -0.0439115 0.177991 0.0204881 0.142381 37 1
43.9784 7.38304 -0.132765 14.8494 -0.042099 0.173163 0.0226563 0.142478 38 1
45.1554 7.22182 -0.136133 14.8645 -0.0415041 0.188947 0.0074361 0.140653 39 0
46.333 7.05653 -0.139453 14.8756 -0.0393295 0.138998 0.0271823 0.139548 40 1
47.511 6.8874 -0.1426 14.8687 -0.0326149 -0.085783 0.0839326 0.139989 41 6
48.688 6.71528 -0.145209 14.8793 -0.0307874 0.13206 0.0228437 0.140234 42 1
49.8653 6.54014 -0.147672 14.8787 -0.0240033 -0.00716448 0.0848015 0.138834 43 7
51.0423 6.36274 -0.149592 14.8778 -0.0176348 -0.011301 0.0796057 0.139576 44 6
52.219 6.1837 -0.151003 14.8787 -0.0115267 0.0104547 0.0763515 0.138458 45 6
53.3956 6.00356 -0.151925 14.8797 -0.00570869 0.0129938 0.0727251 0.138477 46 6
54.5722 5.82287 -0.152382 14.8868 7.92329e-05 0.0893354 0.0723491 0.138046 47 7
55.7493 5.6421 -0.152375 14.895 0.00566497 0.101995 0.0698217 0.138552 48 7
56.9272 5.46176 -0.151922 14.8974 0.01067 0.0300407 0.0625629 0.14182 49 6
58.1054 5.2824 -0.151069 14.9063 0.00940434 0.111473 -0.0158207 0.144381 50 1
59.2845 5.10382 -0.150316 14.9079 0.0144917 0.0199199 0.0635921 0.142958 51 6
60.4639 4.92659 -0.149157 14.9153 0.0129481 0.0926614 -0.0192954 0.161989 52 1
61.644 4.7505 -0.148121 14.9272 0.0102852 0.148475 -0.0332855 0.140449 53 0
62.8253 4.57523 -0.147298 14.928 0.0158376 0.009799 0.0694046 0.137726 54 6
64.0068 4.40145 -0.146031 14.9279 0.0209702 -0.000631809 0.0641571 0.142082 55 6
65.1886 4.22966 -0.144354 14.927 0.0256423 -0.0123382 0.0584014 0.141081 56 6
66.3707 4.0603 -0.142302 14.9355 0.0218884 0.106311 -0.0469238 0.141975 57 0
67.5538 3.89292 -0.140551 14.9356 0.0265054 0.00109673 0.0577122 0.143141 58 6
68.7372 3.72804 -0.138431 14.9344 0.0306545 -0.0138521 0.0518641 0.142652 59 6
69.9209 3.56608 -0.135978 14.9289 0.0352422 -0.0687838 0.057346 0.138229 60 5
71.1047 3.40752 -0.133159 14.9267 0.0393491 -0.0279665 0.051337 0.142126 61 5
72.2887 3.2527 -0.130011 14.9281 0.0470493 0.0171185 0.0962521 0.143328 62 10
73.4735 3.10233 -0.126247 14.9278 0.0488482 -0.00373125 0.0224858 0.140237 63 6
74.6588 2.9566 -0.122339 14.9295 0.0503169 0.0209332 0.0183587 0.142417 64 6
75.8448 2.81562 -0.118314 14.928 0.0515371 -0.018394 0.0152532 0.141275 65 6
77.0312 2.67954 -0.114191 14.9258 0.0524951 -0.0273228 0.011975 0.141702 66 6
78.2181 2.54847 -0.109991 14.923 0.0542205 -0.0349164 0.021567 0.143974 67 5
79.4053 2.42257 -0.105654 14.9209 0.0555957 -0.0266552 0.0171904 0.141696 68 5
80.5928 2.30197 -0.101206 14.9175 0.0566462 -0.0421166 0.0131319 0.14213 69 5
81.7806 2.18678 -0.0966744 14.9165 0.057384 -0.0122786 0.00922149 0.140412 70 5
82.9689 2.07705 -0.0920837 14.9175 0.0568751 0.0120044 -0.00636131 0.140341 71 6
84.1577 1.97272 -0.0875337 14.9172 0.0572464 -0.00337362 0.00464199 0.140836 72 5
85.347 1.87384 -0.082954 14.9149 0.0573786 -0.0290632 0.00165235 0.141906 73 5
86.5365 1.78043 -0.0783637 14.915 0.0562844 0.0020504 -0.0136771 0.139376 74 6
87.7265 1.69238 -0.0738609 14.9154 0.0560447 0.00468493 -0.00299676 0.141761 75 5
88.9169 1.60966 -0.0693773 14.9155 0.0546752 0.000715256 -0.0171182 0.143013 76 6
90.1076 1.53215 -0.0650033 14.9162 0.0532424 0.00931025 -0.0179107 0.140395 77 6
91.2987 1.45971 -0.0607439 14.9165 0.0525795 0.00380278 -0.00828607 0.14171 78 5
92.4901 1.39228 -0.0565376 14.9147 0.0517113 -0.0229001 -0.0108527 0.14293 79 5
93.6816 1.32979 -0.0524007 14.9179 0.0499846 0.0400305 -0.0215837 0.142342 80 6
94.8737 1.27204 -0.0484019 14.9197 0.0488997 0.0224829 -0.0135609 0.140079 81 5
96.0661 1.21896 -0.0444899 14.9338 0.0487849 0.176048 -0.00143563 0.158436 82 4
97.2598 1.17048 -0.0405871 14.9358 0.0472517 0.025475 -0.0191645 0.139249 83 5
98.4538 1.12651 -0.036807 14.9393 0.0456189 0.0440955 -0.0204099 0.138116 84 5
99.6483 1.08689 -0.0331575 14.942 0.0438969 0.0332356 -0.0215257 0.13786 85 5
100.843 1.05146 -0.0296457 14.9575 0.0432165 0.194132 -0.00850419 0.137761 86 4
102.039 1.02013 -0.0261884 14.9744 0.0422591 0.211287 -0.0119681 0.141139 87 4
103.237 0.992806 -0.0228077 14.9882 0.041047 0.172198 -0.0151509 0.136583 88 4
104.436 0.969398 -0.0195239 15.031 0.0407378 0.534296 -0.00386476 0.137426 89 3
105.638 0.94984 -0.0162649 15.0662 0.0399489 0.440121 -0.0098614 0.137801 90 3
106.843 0.934089 -0.013069 15.0607 0.0364996 -0.0678062 -0.0431161 0.138903 91 5
108.048 0.921861 -0.010149 15.0594 0.0341338 -0.0164628 -0.0295724 0.145316 92 6
109.253 0.912924 -0.00741832 15.1476 0.0329102 1.10198 -0.015295 0.144835 93 1
110.465 0.907125 -0.0047855 15.1388 0.0305998 -0.110364 -0.0288803 0.13971 94 6
111.676 0.904294 -0.00233751 15.1321 0.02839 -0.0833511 -0.0276224 0.141322 95 6
112.886 0.904213 -6.63124e-05 15.1262 0.0262661 -0.0730038 -0.0265496 0.138855 96 6
114.096 0.906676 0.00203497 15.1187 0.023136 -0.0948429 -0.0391262 0.140476 97 5
115.306 0.911376 0.00388585 15.1191 0.0196508 0.00603199 -0.0435647 0.143816 98 4
116.515 0.917977 0.00545791 15.1205 0.0163461 0.0165939 -0.0413089 0.141285 99 4
117.725 0.926161 0.0067656 15.1472 0.0142726 0.333619 -0.025919 0.139211 100 3
118.937 0.935743 0.0079074 15.1464 0.0111838 -0.00948906 -0.038609 0.143323 101 4
120.148 0.946409 0.00880211 15.1386 0.0102512 -0.0974178 -0.0116573 0.142133 102 6
121.359 0.958062 0.00962221 15.1369 0.00727625 -0.0208259 -0.0371875 0.139289 103 4
122.57 0.970418 0.0102043 15.1365 0.00448948 -0.00547171 -0.0348346 0.139278 104 4
123.781 0.98321 0.0105635 15.1331 0.00186811 -0.0428796 -0.0327671 0.141586 105 4
124.992 0.996179 0.0107129 15.1282 0.00174027 -0.060308 -0.0015981 0.142671 106 6
126.202 1.00931 0.0108521 15.1238 0.00160476 -0.0551224 -0.00169379 0.141965 107 6
127.412 1.0226 0.0109805 15.1211 -0.000999177 -0.0338793 -0.0325492 0.14186 108 4
128.621 1.03578 0.0109006 15.1267 -0.00437968 0.0690699 -0.0422564 0.138446 109 3
129.831 1.04855 0.0105502 15.1252 -0.00524534 -0.0181317 -0.0108207 0.140085 110 5
131.041 1.06081 0.0101306 15.1248 -0.00727437 -0.00481606 -0.0253629 0.141415 111 4
132.251 1.07236 0.00954863 15.1218 -0.00910935 -0.0373364 -0.0229372 0.140286 112 4
133.461 1.08303 0.00881988 15.1146 -0.00942254 -0.0901818 -0.00391481 0.140321 113 5
134.67 1.09279 0.00806608 15.1075 -0.0109943 -0.0886679 -0.0196473 0.139954 114 4
135.879 1.10147 0.00718653 15.1044 -0.0123812 -0.0384569 -0.0173365 0.138206 115 4
137.087 1.10896 0.00619604 15.0966 -0.0148829 -0.0985146 -0.0312709 0.13657 116 3
138.295 1.115 0.0050054 15.09 -0.0170782 -0.0816703 -0.0274407 0.139299 117 3
139.502 1.1194 0.00363915 15.0845 -0.0189919 -0.068903 -0.0239216 0.142023 118 3
140.709 1.12195 0.0021198 15.0817 -0.0206358 -0.0348091 -0.0205492 0.138952 119 3
141.915 1.12252 0.000468933 15.0769 -0.0206703 -0.0601411 -0.00043055 0.139276 120 4
143.121 1.12109 -0.00118469 15.0731 -0.0206127 -0.0474453 0.000719866 0.140005 121 4
144.327 1.11767 -0.0028337 15.0681 -0.0151039 -0.0625491 0.06886 0.139793 122 8
145.533 1.1128 -0.00404201 15.0628 -0.0127451 -0.0665665 0.029485 0.141218 123 6
146.738 1.1067 -0.00506162 15.0621 -0.011909 -0.00823736 0.0104508 0.138736 124 5
147.943 1.09945 -0.00601434 15.059 -0.011095 -0.0392675 0.010175 0.139911 125 5
149.147 1.09114 -0.00690194 15.0578 -0.0116421 -0.0152111 -0.00683891 0.13919 126 4
150.352 1.0817 -0.00783331 15.0572 -0.0134175 -0.00714064 -0.0221925 0.139071 127 3
151.556 1.07098 -0.00890671 15.0553 -0.0136028 -0.023365 -0.00231656 0.136647 128 4
152.761 1.05894 -0.00999494 15.0525 -0.0110153 -0.0356555 0.0323441 0.134984 129 6
153.965 1.04584 -0.0108762 15.0519 -0.0126505 -0.00759363 -0.0204392 0.133986 130 3
155.169 1.03153 -0.0118882 15.0463 -0.0140631 -0.069654 -0.0176583 0.134077 131 3
156.373 1.01586 -0.0130133 15.0444 -0.015194 -0.0232935 -0.0141357 0.136448 132 3
157.576 0.998738 -0.0142288 15.0462 -0.0121633 0.0220895 0.0378842 0.136285 133 6
158.78 0.98044 -0.0152018 15.0411 -0.0107102 -0.0634193 0.0181633 0.138628 134 5
159.983 0.961118 -0.0160586 15.0385 -0.00799901 -0.0325799 0.0338897 0.13888 135 6
161.186 0.941029 -0.0166986 15.0372 -0.00551299 -0.0163555 0.0310752 0.14038 136 6
162.388 0.920411 -0.0171396 15.0383 -0.00323851 0.0139952 0.0284311 0.139866 137 6
163.591 0.89948 -0.0173987 15.0406 0.00016906 0.0285506 0.0425946 0.137897 138 7
164.794 0.878563 -0.0173852 15.0375 0.00192071 -0.0386715 0.0218957 0.135639 139 6
165.997 0.857834 -0.0172315 15.0362 0.00484072 -0.016892 0.0365001 0.134866 140 7
167.2 0.837573 -0.0168442 15.0343 0.00745008 -0.0238419 0.032617 0.138258 141 7
168.403 0.818032 -0.0162482 15.0325 0.00844034 -0.0216484 0.0123783 0.138242 142 6
169.605 0.799304 -0.015573 15.0308 0.0119732 -0.0214577 0.0441611 0.135575 143 8
170.807 0.781731 -0.0146152 15.0253 0.0137769 -0.0692725 0.0225458 0.138849 144 7
172.009 0.765488 -0.013513 15.0184 0.0140023 -0.0863433 0.00281772 0.138088 145 6
173.211 0.750599 -0.0123928 15.0223 0.0141515 0.0494361 0.00186486 0.141319 146 6
174.412 0.737066 -0.0112607 15.0204 0.0155725 -0.0244737 0.0177629 0.139267 147 7
175.614 0.725032 -0.0100149 15.022 0.015442 0.0208139 -0.00163113 0.134788 148 6
176.816 0.714482 -0.00877953 15.0247 0.0152596 0.0327826 -0.00228019 0.134672 149 6
178.018 0.705396 -0.00755876 15.0257 0.0150307 0.013566 -0.00286183 0.133678 150 6
179.22 0.697756 -0.00635631 15.026 0.0161022 0.00340939 0.0133938 0.133954 151 7
180.422 0.691663 -0.00506813 15.0273 0.0160536 0.0157595 -0.000606873 0.134025 152 5
181.624 0.687115 -0.00378384 15.0249 0.0155371 -0.0295639 -0.00645674 0.134822 153 6
182.826 0.68406 -0.00254088 15.0272 0.0150055 0.0290751 -0.00664528 0.136216 154 6
184.028 0.682449 -0.00134044 15.0285 0.0146951 0.0162125 -0.0038796 0.13828 155 5
185.23 0.682251 -0.000164829 15.0296 0.0141081 0.0129223 -0.00733811 0.136221 156 6
186.433 0.68341 0.000963815 15.0271 0.0136248 -0.0307083 -0.00604054 0.137517 157 5
187.635 0.685879 0.0020538 15.0262 0.0130698 -0.0109553 -0.00693721 0.138223 158 5
188.837 0.689604 0.00309939 15.03 0.0124606 0.0470996 -0.00761548 0.136337 159 6
190.039 0.69453 0.00409623 15.0279 0.0118387 -0.0267506 -0.00777371 0.133367 160 6
191.242 0.700593 0.00504333 15.0297 0.0139071 0.023067 0.0258548 0.133579 161 8
192.444 0.707995 0.0061559 15.0292 0.0126915 -0.00590086 -0.0151949 0.133623 162 5
193.646 0.716617 0.00717122 15.0264 0.0132025 -0.0355601 0.00638794 0.135502 163 7
194.848 0.726507 0.00822742 15.0266 0.0136006 0.00212193 0.00497572 0.13621 164 7
196.05 0.737705 0.00931547 15.0278 0.0125422 0.0148296 -0.0132294 0.137589 165 6
197.253 0.75011 0.0103188 15.0271 0.0115141 -0.00776052 -0.0128518 0.13672 166 6
198.455 0.763623 0.01124 15.0258 0.0105349 -0.0163078 -0.0122401 0.135621 167 6
199.657 0.778146 0.0120828 15.0284 0.010944 0.0322223 0.00511381 0.132521 168 7
200.859 0.793725 0.0129583 15.0289 0.00912345 0.00673533 -0.0227566 0.129657 169 5
202.061 0.810182 0.0136882 15.0271 0.00956365 -0.0236154 0.00550245 0.134194 170 7
203.263 0.827557 0.0144532 15.0225 0.00988697 -0.0575304 0.00404151 0.132979 171 7
204.465 0.845877 0.0152442 15.0204 0.00785896 -0.0259995 -0.0253501 0.136871 172 5
205.666 0.864949 0.0158729 15.0186 0.00690987 -0.0220656 -0.0118636 0.137626 173 6
206.867 0.884684 0.0164257 15.0211 0.00502366 0.0316501 -0.0235777 0.137204 174 5
208.069 0.904904 0.0168276 15.0226 0.00428428 0.0183225 -0.00924226 0.13037 175 6
209.271 0.925539 0.0171703 15.021 0.00250167 -0.0197053 -0.0222826 0.131478 176 5
210.472 0.946411 0.0173705 15.0249 0.000852622 0.0485063 -0.0206131 0.131703 177 5
211.674 0.967372 0.0174387 15.0224 0.000440719 -0.0310183 -0.00514879 0.133337 178 6
212.876 0.988371 0.0174739 15.0928 4.33235e-05 0.879693 -0.00496744 0.139239 179 2
214.083 1.00947 0.0174774 15.1001 -0.00194231 0.0914812 -0.0248204 0.140039 180 4
215.291 1.0304 0.017322 15.1083 -0.00375501 0.102329 -0.0226587 0.13726 181 4
216.499 1.05097 0.0170216 15.1106 -0.00542021 0.028193 -0.020815 0.139899 182 4
217.708 1.07102 0.016588 15.1854 -0.00559734 0.935745 -0.00221413 0.141055 183 2
218.922 1.09063 0.0161402 15.1895 -0.00721842 0.051105 -0.0202635 0.142075 184 4
220.137 1.10954 0.0155627 15.1897 -0.00875527 0.00234842 -0.0192107 0.140709 185 4
221.352 1.1276 0.0148623 15.2574 -0.00901343 0.846612 -0.00322699 0.144472 186 2
222.573 1.14486 0.0141413 15.2818 -0.0100776 0.305009 -0.0133018 0.144146 187 3
223.795 1.16116 0.013335 15.3003 -0.0111811 0.230885 -0.0137945 0.141097 188 3
225.019 1.17639 0.0124406 15.2851 -0.0125297 -0.189364 -0.0168574 0.139132 189 4
226.242 1.19037 0.0114382 15.2813 -0.0137557 -0.0480294 -0.0153251 0.140131 190 4
227.465 1.20301 0.0103377 15.2727 -0.0148638 -0.107515 -0.0138503 0.139226 191 4
228.686 1.21419 0.00914862 15.2621 -0.0158618 -0.132501 -0.0124751 0.139094 192 4
229.907 1.22381 0.00787968 15.2558 -0.0167355 -0.0785589 -0.0109222 0.138647 193 4
231.128 1.23179 0.00654084 15.2435 -0.0174833 -0.154328 -0.00934675 0.137675 194 4
232.347 1.23806 0.00514217 15.2322 -0.0181122 -0.140429 -0.00786174 0.136844 195 4
233.566 1.24256 0.0036932 15.2237 -0.0186304 -0.106692 -0.006477 0.139153 196 4
234.784 1.24525 0.00220277 15.2139 -0.0190086 -0.122154 -0.00472832 0.140831 197 4
236.001 1.24608 0.000682076 15.2018 -0.0192864 -0.151491 -0.00347148 0.137471 198 4
237.217 1.24503 -0.000860833 15.1994 -0.0206735 -0.0297189 -0.0173393 0.136679 199 3
238.433 1.24197 -0.00251471 15.192 -0.0218424 -0.0926971 -0.0146111 0.142373 200 3
239.648 1.23679 -0.00426211 15.1831 -0.0228261 -0.110984 -0.0122967 0.142709 201 3
240.863 1.2294 -0.0060882 15.174 -0.0223125 -0.114083 0.00642007 0.139238 202 4
242.077 1.21984 -0.0078732 15.1628 -0.0230854 -0.140548 -0.00966117 0.138557 203 3
243.29 1.20805 -0.00972003 15.152 -0.0223333 -0.135136 0.00940168 0.1411 204 4
244.502 1.1941 -0.0115067 15.1459 -0.0228883 -0.0763178 -0.00693817 0.146347 205 3
245.713 1.17794 -0.0133378 15.1462 -0.0245942 0.00371933 -0.0213237 0.137777 206 2
246.925 1.1594 -0.0153053 15.1442 -0.0246713 -0.0241041 -0.00096343 0.142073 207 3
248.136 1.13846 -0.017279 15.1386 -0.0259506 -0.0706673 -0.0159909 0.139205 208 2
249.347 1.11502 -0.0193551 15.132 -0.0269814 -0.0818491 -0.0128856 0.135832 209 2
250.557 1.08898 -0.0215136 15.1285 -0.0264225 -0.0440121 0.00698704 0.138644 210 3
251.767 1.06039 -0.0236274 15.1219 -0.0244217 -0.0822425 0.0250096 0.138455 211 4
252.977 1.02945 -0.0255811 15.1175 -0.0251881 -0.0557423 -0.00958063 0.139563 212 2
254.186 0.996075 -0.0275962 15.1157 -0.0230279 -0.0219226 0.0270031 0.140288 213 4
255.394 0.960482 -0.0294384 15.1067 -0.0209898 -0.113034 0.0254763 0.140697 214 4
256.602 0.922881 -0.0311176 15.1116 -0.0190401 0.0613928 0.0243711 0.139999 215 4
257.81 0.883428 -0.0326408 15.112 -0.0171689 0.00576973 0.0233902 0.137674 216 4
259.019 0.842314 -0.0340143 15.1073 -0.0180459 -0.0595212 -0.0109632 0.134506 217 2
260.227 0.799469 -0.035458 15.1102 -0.0187461 0.0367045 -0.00875243 0.139016 218 2
261.435 0.754804 -0.0369577 15.1096 -0.0192326 -0.00804663 -0.00608102 0.138563 219 2
262.642 0.708283 -0.0384963 15.1062 -0.0168676 -0.0420094 0.0295622 0.137101 220 4
263.85 0.660142 -0.0398457 15.1061 -0.0159722 -0.00110865 0.0111926 0.139385 221 3
265.057 0.610459 -0.0411235 15.1116 -0.0164143 0.0686169 -0.00552607 0.137854 222 2
266.265 0.559171 -0.0424366 15.1062 -0.01534 -0.0681758 0.0134285 0.136452 223 3
267.473 0.506421 -0.0436638 15.1061 -0.0142686 -0.000107288 0.0133934 0.138683 224 3
268.68 0.452292 -0.0448053 15.1071 -0.0145703 0.0124455 -0.00377179 0.144277 225 2
269.887 0.396753 -0.0459709 15.0992 -0.0133591 -0.0993252 0.0151398 0.143076 226 3
271.094 0.339953 -0.0470396 15.0938 -0.0111116 -0.0678301 0.0280939 0.141576 227 5
272.3 0.282101 -0.0479286 15.0969 -0.0114571 0.0387192 -0.00431885 0.13871 228 2
273.506 0.223132 -0.0488451 15.0925 -0.0143128 -0.054419 -0.0356955 0.141867 229 0
274.712 0.162799 -0.0499902 15.0857 -0.0140711 -0.0849247 0.00302064 0.142745 230 2
275.917 0.101136 -0.0511159 15.0842 -0.0137546 -0.0187039 0.00395668 0.139317 231 2
277.122 0.0381533 -0.0522162 15.0859 -0.0133784 0.0204325 0.00470176 0.137546 232 2
278.328 -0.0261261 -0.0532865 15.0875 -0.0114387 0.0203013 0.0242466 0.138363 233 6
279.533 -0.0915153 -0.0542016 15.0813 -0.00938845 -0.0773549 0.0256283 0.136316 234 6
280.738 -0.157783 -0.0549527 15.0768 -0.00913316 -0.0556707 0.00319117 0.137613 235 2
281.942 -0.22491 -0.0556833 15.0765 -0.00889 -0.00419617 0.00303955 0.138753 236 2
283.146 -0.292893 -0.0563945 15.0781 -0.00852607 0.0196815 0.00454901 0.138041 237 2
284.35 -0.361704 -0.0570766 15.087 -0.00588264 0.110996 0.0330429 0.142556 238 6
285.555 -0.431122 -0.0575472 15.0831 -0.00565631 -0.0482559 0.00282908 0.141983 239 2
286.76 -0.501068 -0.0579997 15.0863 -0.00279725 0.0397921 0.0357383 0.140897 240 6
287.965 -0.571299 -0.0582235 15.0875 -0.00277845 0.0147104 0.000235072 0.143548 241 2
289.17 -0.641802 -0.0584458 15.0819 -0.00267753 -0.0696063 0.00126151 0.146867 242 2
290.374 -0.712538 -0.05866 15.0784 -0.00255119 -0.0431895 0.00157923 0.145759 243 2
291.578 -0.783503 -0.0588641 15.0748 -0.00235253 -0.0452995 0.00248326 0.143581 244 2
292.782 -0.854678 -0.0590523 15.0893 0.00184846 0.181246 0.0525123 0.145152 245 6
293.987 -0.925743 -0.0589044 15.1111 0.00594097 0.272536 0.0511564 0.14357 246 7
295.194 -0.996337 -0.0584291 15.12 0.00982908 0.111079 0.0486014 0.14024 247 6
296.402 -1.06602 -0.0576428 15.1155 0.00752174 -0.0561357 -0.0288418 0.138398 248 1
297.609 -1.13496 -0.0570411 15.1117 0.00683052 -0.0470042 -0.00864019 0.139372 249 2
298.816 -1.20322 -0.0564946 15.1077 0.0112021 -0.0501394 0.0546448 0.139511 250 6
300.023 -1.27039 -0.0555984 15.0985 0.0152767 -0.115085 0.050932 0.142602 251 6
301.229 -1.33604 -0.0543763 15.096 0.0124341 -0.0310421 -0.0355323 0.143156 252 1
302.435 -1.40047 -0.0533816 15.0962 0.0164443 0.00171661 0.0501276 0.143506 253 6
303.641 -1.46332 -0.052066 15.1098 0.0218055 0.170732 0.0670154 0.142296 254 8
304.848 -1.52413 -0.0503216 15.1032 0.0248738 -0.0833273 0.038354 0.140896 255 6
306.055 -1.5825 -0.0483317 15.1054 0.0287185 0.0279784 0.0480585 0.140574 256 7
307.262 -1.63811 -0.0460342 15.0997 0.0309265 -0.0719547 0.0275991 0.142358 257 6
308.469 -1.69071 -0.0435601 15.0941 0.0340842 -0.0699639 0.0394719 0.138961 258 7
309.675 -1.74001 -0.0408334 15.0948 0.035504 0.00916719 0.0177472 0.135207 259 6
310.882 -1.78588 -0.037993 15.09 0.0366442 -0.0594735 0.0142525 0.141439 260 6
312.089 -1.82819 -0.0350615 15.0885 0.0308469 -0.0192046 -0.0724661 0.142016 261 1
313.295 -1.86753 -0.0325938 15.0919 0.0321956 0.0421405 0.0168583 0.13863 262 6
314.502 -1.90377 -0.0300181 15.0828 0.0332925 -0.113535 0.0137111 0.13787 263 6
315.708 -1.93677 -0.0273547 15.0806 0.0287876 -0.0272036 -0.0563112 0.140029 264 2
316.914 -1.96699 -0.0250517 15.0828 0.029993 0.0271082 0.015068 0.139993 265 6
318.12 -1.99432 -0.0226523 15.0793 0.0322658 -0.0431061 0.02841 0.141132 266 7
319.327 -2.01853 -0.020071 15.0845 0.0342033 0.0644326 0.0242189 0.142734 267 7
320.533 -2.03945 -0.0173347 15.0863 0.0358003 0.0224113 0.0199625 0.142966 268 7
321.74 -2.05691 -0.0144707 15.085 0.0370637 -0.0164628 0.0157928 0.147944 269 7
322.947 -2.0708 -0.0115056 15.0841 0.0300077 -0.0107288 -0.0882004 0.14078 270 1
324.153 -2.08178 -0.00910501 15.0855 0.0235489 0.0169039 -0.0807353 0.14565 271 1
325.36 -2.0905 -0.0072211 15.0826 0.0256502 -0.0355244 0.0262665 0.146195 272 7
326.567 -2.09674 -0.00516908 15.08 0.018081 -0.0332952 -0.0946142 0.144534 273 0
327.773 -2.10123 -0.0037226 15.0744 0.0219049 -0.069201 0.0477983 0.14158 274 8
328.979 -2.1036 -0.0019702 15.0663 0.0145495 -0.1019 -0.0919421 0.158348 275 0
330.184 -2.10458 -0.000806242 15.0633 0.0171904 -0.0374556 0.0330111 0.143725 276 7
331.389 -2.10389 0.000568993 15.0619 0.0194938 -0.0168443 0.0287926 0.142744 277 7
332.594 -2.10132 0.0021285 15.0532 0.0214532 -0.108802 0.0244925 0.145304 278 7
333.799 -2.09669 0.00384476 15.0499 0.023161 -0.041914 0.0213475 0.143793 279 7
335.003 -2.08983 0.00569764 15.0493 0.0152197 -0.00705719 -0.0992668 0.145145 280 0
336.206 -2.08151 0.00691522 15.0424 0.0186709 -0.0856876 0.0431396 0.144681 281 8
337.41 -2.07139 0.00840889 15.0367 0.021669 -0.0724077 0.0374763 0.144422 282 8
338.613 -2.05919 0.0101424 15.0294 0.0255951 -0.0906467 0.0490771 0.143175 283 9
339.815 -2.04453 0.01219 15.0234 0.0263259 -0.0745177 0.00913483 0.143734 284 7
341.017 -2.02735 0.0142961 15.0269 0.0188588 0.0433087 -0.0933385 0.142744 285 1
342.219 -2.00835 0.0158048 15.027 0.0120325 0.00141859 -0.0853299 0.141795 286 1
343.421 -1.9882 0.0167674 15.025 0.0151674 -0.025177 0.0391866 0.142465 287 8
344.622 -1.96659 0.0179808 15.0203 0.00851727 -0.0593543 -0.0831264 0.143666 288 1
345.824 -1.94416 0.0186622 15.021 0.0105269 0.00927448 0.02512 0.145206 289 7
347.025 -1.92073 0.0195043 15.0164 0.0122619 -0.0577211 0.0216884 0.147301 290 7
348.226 -1.89612 0.0204853 15.0171 0.0137956 0.00947714 0.0191708 0.142395 291 7
349.428 -1.87018 0.0215889 15.0171 0.00573898 -0.000190735 -0.100708 0.159075 292 0
350.629 -1.8437 0.022048 15.0147 -0.00155086 -0.0305295 -0.091123 0.143286 293 0
351.829 -1.81737 0.021924 15.017 0.00122262 0.029254 0.0346684 0.144234 294 7
353.031 -1.79091 0.0220218 15.0178 0.00500814 0.0103831 0.047319 0.140983 295 8
354.232 -1.76397 0.0224224 15.0214 0.0096701 0.0449181 0.0582745 0.147553 296 9
355.433 -1.7361 0.023196 15.0238 0.0137548 0.0298977 0.0510581 0.147159 297 9
356.635 -1.7069 0.0242964 15.0273 0.0161164 0.0437379 0.0295211 0.146942 298 8
357.836 -1.67615 0.0255857 15.0272 0.0194667 -0.00185966 0.0418788 0.141734 299 9
359.038 -1.64352 0.0271431 15.0305 0.0223648 0.0409365 0.0362255 0.14517 300 9
360.24 -1.60874 0.0289323 14.9915 0.0244089 -0.486612 0.0255513 0.145771 301 4
361.439 -1.5717 0.030885 14.9926 0.0251762 0.0134468 0.00959125 0.144425 302 8
362.638 -1.53225 0.0328991 15.0027 0.027054 0.126648 0.0234728 0.146146 303 9
363.837 -1.49017 0.0350634 15.0085 0.027278 0.0720501 0.00280051 0.142522 304 8
365.037 -1.44546 0.0372456 15.0062 0.0272736 -0.0290155 -5.53438e-05 0.139335 305 8
366.236 -1.39814 0.0394275 15.012 0.0272176 0.0724554 -0.000700122 0.141702 306 8
367.436 -1.34819 0.0416049 15.0079 0.0269473 -0.051105 -0.00337902 0.141761 307 8
368.636 -1.29567 0.0437607 15.0053 0.0264846 -0.0329375 -0.005784 0.142577 308 8
369.835 -1.24061 0.0458795 15.0223 0.0263204 0.213265 -0.00205261 0.14129 309 4
371.035 -1.18297 0.0479851 15.027 0.0256203 0.0588536 -0.00875008 0.14071 310 8
372.236 -1.12284 0.0500347 15.0235 0.0248252 -0.0445843 -0.00993984 0.146329 311 8
373.436 -1.06035 0.0520207 15.0228 0.0239808 -0.00830889 -0.0105546 0.142691 312 8
374.636 -0.995555 0.0539392 15.0419 0.0230459 0.238919 -0.0116867 0.142495 313 4
375.838 -0.928463 0.0557829 15.0592 0.0218742 0.215578 -0.0146454 0.144412 314 4
377.041 -0.85919 0.0575328 15.0773 0.0203995 0.226521 -0.0184335 0.140365 315 4
378.245 -0.787868 0.0591648 15.0915 0.0186077 0.177491 -0.0223984 0.145387 316 4
379.45 -0.714685 0.0606534 15.0902 0.0177188 -0.0162244 -0.011111 0.145706 317 8
380.655 -0.6398 0.0620709 15.0882 0.0167822 -0.024581 -0.0117075 0.145347 318 8
381.859 -0.563308 0.0634135 15.0845 0.017073 -0.0459433 0.00363528 0.141175 319 9
383.064 -0.485189 0.0647793 15.08 0.0172033 -0.0562549 0.00162865 0.145713 320 9
384.267 -0.405437 0.0661556 15.0823 0.0160708 0.0286102 -0.0141569 0.144632 321 8
385.471 -0.324125 0.0674412 15.0802 0.0173907 -0.0268579 0.0164994 0.143021 322 10
386.675 -0.24115 0.0688325 15.0903 0.0122011 0.12629 -0.0648705 0.144691 323 4
387.879 -0.156944 0.0698086 15.1006 0.0071534 0.128746 -0.0630959 0.142363 324 4
389.084 -0.0719911 0.0703809 15.1022 0.00224347 0.0208139 -0.0613741 0.139695 325 4
390.289 0.0131877 0.0705603 15.0997 0.00322309 -0.0317454 0.0122453 0.140473 326 9
391.494 0.0986628 0.0708182 15.1021 -0.00186841 0.0301242 -0.0636438 0.142977 327 4
392.699 0.183972 0.0706687 15.0965 -0.00063626 -0.0697017 0.0154019 0.143902 328 9
393.904 0.269187 0.0706178 15.1038 -0.00685486 0.0905156 -0.0777325 0.143711 329 3
395.109 0.353783 0.0700694 15.1132 -0.0126104 0.117815 -0.0719444 0.145699 330 3
396.316 0.437215 0.0690606 15.1094 -0.0089705 -0.0470161 0.0454988 0.145539 331 10
397.521 0.51976 0.0683429 15.1039 -0.00706136 -0.0689387 0.0238644 0.144671 332 9
398.727 0.601595 0.067778 15.1008 -0.00532137 -0.0394464 0.0217498 0.145224 333 9
399.932 0.682899 0.0673523 15.0959 -0.0118062 -0.0612259 -0.0810607 0.143789 334 3
401.137 0.763039 0.0664078 15.0875 -0.0176932 -0.104237 -0.0735874 0.144947 335 3
402.342 0.84143 0.0649924 15.0864 -0.0267733 -0.014174 -0.113501 0.143743 336 0
403.546 0.917235 0.0628505 15.0763 -0.0310031 -0.12573 -0.0528725 0.142519 337 3
404.75 0.990004 0.0603703 15.0756 -0.0346839 -0.00872612 -0.0460096 0.138991 338 3
405.954 1.05943 0.0575955 15.0736 -0.040562 -0.0249743 -0.0734766 0.144583 339 1
407.158 1.12494 0.0543506 15.0697 -0.0430306 -0.0492692 -0.0308584 0.142617 340 3
408.362 1.18628 0.0509081 15.0536 -0.0477615 -0.201511 -0.0591358 0.140262 341 1
409.565 1.24297 0.0470872 15.0463 -0.04918 -0.0910759 -0.0177313 0.14298 342 3
410.768 1.2949 0.0431528 15.0404 -0.0502575 -0.0738263 -0.0134688 0.141822 343 3
411.97 1.34197 0.0391322 15.0377 -0.0523789 -0.0330329 -0.0265168 0.140136 344 2
413.173 1.384 0.0349419 15.0422 -0.0527074 0.0557542 -0.00410629 0.141117 345 3
414.375 1.42097 0.0307253 15.0387 -0.0528188 -0.0434875 -0.00139354 0.141743 346 3
415.578 1.45284 0.0264998 15.0276 -0.0539846 -0.138676 -0.0145715 0.140247 347 2
416.78 1.47951 0.022181 15.0316 -0.0548155 0.0489593 -0.0103871 0.138698 348 2
417.982 1.50091 0.0177958 15.0309 -0.0541756 -0.00860691 0.0079988 0.136588 349 3
419.185 1.51709 0.0134618 15.0303 -0.0534722 -0.00739098 0.00879229 0.145988 350 3
420.387 1.52814 0.00918397 15.0293 -0.0524887 -0.0116944 0.0122942 0.1388 351 3
421.589 1.53413 0.00498487 15.0188 -0.0519867 -0.131989 0.00627562 0.140347 352 4
422.791 1.53512 0.000825941 15.0115 -0.051153 -0.0910878 0.0104205 0.138769 353 4
423.992 1.5312 -0.0032663 15.0181 -0.0495091 0.0824213 0.0205488 0.140715 354 3
425.193 1.52252 -0.00722703 15.0055 -0.0481471 -0.157905 0.0170253 0.139878 355 4
426.394 1.50922 -0.0110788 15.017 -0.0463651 0.144243 0.0222745 0.140012 356 3
427.595 1.49145 -0.014788 15.0154 -0.0444932 -0.0192881 0.0233986 0.139922 357 3
428.796 1.46941 -0.0183475 15.0176 -0.042558 0.0273705 0.0241901 0.139864 358 3
429.997 1.44328 -0.0217521 15.0241 -0.041967 0.0812888 0.00738818 0.139281 359 2
431.198 1.41311 -0.0251095 15.0314 -0.0398947 0.0904441 0.025904 0.140228 360 3
432.401 1.37908 -0.028301 15.0293 -0.0391416 -0.0261307 0.00941381 0.140193 361 2
433.602 1.34129 -0.0314324 15.0304 -0.036943 0.0143766 0.0274813 0.140936 362 3
434.804 1.29995 -0.0343878 15.036 -0.0360958 0.0690937 0.0105909 0.141909 363 2
436.006 1.25512 -0.0372755 15.0477 -0.0338456 0.147247 0.0281269 0.141236 364 3
437.209 1.207 -0.0399831 15.0492 -0.0316113 0.0178099 0.0279291 0.142434 365 3
438.412 1.15584 -0.042512 15.0486 -0.0306774 -0.00741482 0.0116737 0.142777 366 2
439.614 1.10172 -0.0449662 15.0557 -0.0283717 0.0888586 0.0288216 0.15493 367 3
440.818 1.04485 -0.0472359 15.06 -0.028188 0.0542879 0.00229534 0.140812 368 1
442.021 0.985247 -0.049491 15.0576 -0.0271335 -0.0301003 0.0131822 0.145153 369 2
443.224 0.923043 -0.0516617 15.0534 -0.0259516 -0.0523448 0.0147728 0.142378 370 2
444.426 0.858359 -0.0537378 15.0551 -0.0231251 0.0213146 0.035332 0.142602 371 4
445.629 0.791443 -0.0555878 15.0453 -0.0202725 -0.122416 0.0356569 0.142007 372 4
446.831 0.722621 -0.0572096 15.0524 -0.0194173 0.0877023 0.0106903 0.141451 373 2
448.033 0.6519 -0.058763 15.0571 -0.0166229 0.0598669 0.0349299 0.143102 374 4
449.235 0.579558 -0.0600928 15.0597 -0.0145154 0.0324249 0.0263435 0.143317 375 3
450.438 0.505806 -0.0612541 15.055 -0.0124805 -0.0593424 0.0254367 0.144005 376 3
451.64 0.430878 -0.0622525 15.0593 -0.0105589 0.0538111 0.0240198 0.143174 377 3
452.842 0.354912 -0.0630972 15.0619 -0.00870979 0.0328064 0.0231141 0.143851 378 3
454.045 0.278095 -0.063794 15.0627 -0.0069772 0.00916719 0.0216574 0.14322 379 3
455.247 0.200604 -0.0643522 15.0545 -0.00427079 -0.10134 0.0338301 0.141898 380 4
456.449 0.122743 -0.0646938 15.1303 -0.000292908 0.947428 0.0497235 0.143108 381 8
457.657 0.0444622 -0.0647173 15.1313 0.00195562 0.0114918 0.0281066 0.143976 382 4
458.865 -0.0336344 -0.0645608 15.1335 0.00283723 0.0284672 0.0110202 0.145996 383 3
460.073 -0.111469 -0.0643338 15.1929 0.00734104 0.742221 0.0562976 0.142487 384 8
461.286 -0.188896 -0.0637466 15.1884 0.00904948 -0.0569463 0.0213555 0.145896 385 4
462.499 -0.265422 -0.0630226 15.179 0.010618 -0.117362 0.0196059 0.147866 386 4
463.711 -0.340871 -0.0621732 15.1842 0.0106572 0.065732 0.00049005 0.1431 387 3
464.923 -0.415313 -0.0613206 15.1781 0.0120908 -0.0766873 0.0179203 0.142607 388 4
466.135 -0.488553 -0.0603533 15.1657 0.012033 -0.154936 -0.000722159 0.140234 389 3
467.346 -0.560566 -0.0593907 15.1632 0.0120014 -0.0306487 -0.000395719 0.145818 390 3
468.557 -0.631406 -0.0584306 15.1557 0.0132389 -0.0948548 0.0154691 0.14627 391 4
469.768 -0.700928 -0.0573715 15.1519 0.0143873 -0.046432 0.0143555 0.147776 392 4
470.978 -0.76904 -0.0562205 15.1516 0.0153771 -0.00435114 0.0123725 0.146623 393 4
472.188 -0.835662 -0.0549903 15.1442 0.0149353 -0.0920773 -0.0055228 0.147485 394 3
473.398 -0.900806 -0.0537955 15.1382 0.0158363 -0.0754595 0.0112629 0.147489 395 4
474.607 -0.964391 -0.0525286 15.1344 0.0165974 -0.0476122 0.00951381 0.147309 396 4
475.816 -1.02636 -0.0512008 15.1272 0.0172698 -0.0902534 0.00840409 0.145992 397 4
477.025 -1.08662 -0.0498192 15.126 0.0180627 -0.0149727 0.00991125 0.14819 398 5
478.234 -1.14513 -0.0483742 15.1284 0.0184779 0.0306487 0.00519031 0.146862 399 4
479.443 -1.20187 -0.046896 15.1237 0.0188091 -0.0583887 0.00414045 0.146074 400 4
480.651 -1.25677 -0.0453912 15.1289 0.0190141 0.0644088 0.00256225 0.14163 401 4
481.861 -1.30985 -0.0438701 15.1313 0.0191676 0.0293851 0.00191815 0.142086 402 4
483.07 -1.36108 -0.0423367 15.1303 0.0198247 -0.011754 0.00821375 0.147063 403 5
484.279 -1.4104 -0.0407507 15.1233 0.0197993 -0.0880957 -0.00031658 0.1477 404 4
485.488 -1.45777 -0.0391668 15.1233 0.0203787 0.000166893 0.00724259 0.147071 405 5
486.697 -1.50317 -0.0375365 15.1201 0.020169 -0.039196 -0.00262209 0.147225 406 4
487.906 -1.54662 -0.035923 15.1191 0.0207236 -0.0134468 0.00693274 0.144978 407 5
489.115 -1.58805 -0.0342651 15.1166 0.0212368 -0.0313163 0.00641476 0.144857 408 5
490.324 -1.62743 -0.0325661 15.1128 0.0216956 -0.0473022 0.00573515 0.145301 409 5
491.532 -1.6647 -0.0308305 15.1084 0.0220925 -0.0545383 0.0049613 0.145554 410 5
492.74 -1.69982 -0.0290631 15.1136 0.0209087 0.0642061 -0.0147971 0.14258 411 6
493.949 -1.73293 -0.0273904 15.1131 0.0202033 -0.00524521 -0.00881767 0.140121 412 4
495.158 -1.76409 -0.0257741 15.1017 0.0207632 -0.142562 0.00699847 0.140634 413 5
496.365 -1.79322 -0.0241131 15.1053 0.0199162 0.0447273 -0.0105869 0.142378 414 4
497.573 -1.82043 -0.0225198 15.1013 0.0203559 -0.0499249 0.00549569 0.141861 415 5
498.781 -1.84567 -0.0208913 15.0942 0.020542 -0.0892997 0.00232649 0.143344 416 5
499.989 -1.86891 -0.0192479 15.1041 0.0194848 0.124145 -0.0132156 0.143119 417 4
501.197 -1.89028 -0.0176892 15.0994 0.0184573 -0.0588298 -0.0128436 0.145588 418 4
502.405 -1.90987 -0.0162126 15.0845 0.0174725 -0.186729 -0.01231 0.143429 419 4
503.611 -1.92774 -0.0148148 15.0917 0.0173354 0.0899792 -0.00171305 0.144786 420 5
504.818 -1.94396 -0.013428 15.1005 0.0161551 0.110304 -0.0147546 0.145934 421 3
506.026 -1.95862 -0.0121355 15.0936 0.0150638 -0.0860691 -0.0136402 0.145452 422 3
507.234 -1.97181 -0.0109304 15.0906 0.0141514 -0.0377417 -0.0114051 0.142998 423 4
508.441 -1.98364 -0.00979833 15.0934 0.0132722 0.0355244 -0.0109911 0.141168 424 4
509.648 -1.99419 -0.00873655 15.0904 0.0124291 -0.0376105 -0.0105381 0.142123 425 4
510.856 -2.00354 -0.00774222 15.0938 0.0114377 0.0419497 -0.0123921 0.146174 426 3
512.063 -2.01178 -0.00682721 15.0886 0.01047 -0.0651121 -0.0120962 0.147572 427 3
513.27 -2.01901 -0.0059896 15.0861 0.00976587 -0.0308275 -0.0088021 0.14691 428 4
514.477 -2.0253 -0.00520833 15.0957 0.00824325 0.120461 -0.0190328 0.146267 429 6
515.685 -2.03079 -0.00454887 15.0942 0.00768794 -0.0188947 -0.0069414 0.143539 430 4
516.892 -2.03554 -0.00393384 15.0921 0.00715534 -0.0264406 -0.00665739 0.146208 431 4
518.099 -2.0396 -0.00336141 15.0862 0.00664838 -0.0736952 -0.00633704 0.147902 432 4
519.306 -2.04302 -0.00282954 15.0887 0.00734056 0.0307083 0.0086522 0.145188 433 2
520.513 -2.04572 -0.0022423 15.087 0.0067516 -0.0202537 -0.00736194 0.14501 434 4
521.72 -2.04778 -0.00170217 15.0858 0.00544735 -0.015676 -0.0163031 0.141932 435 3
522.927 -2.0493 -0.00126638 15.0881 0.00420257 0.0283599 -0.0155598 0.141891 436 3
524.134 -2.05043 -0.000930173 15.0914 0.00385857 0.0418782 -0.00429997 0.140927 437 4
525.342 -2.05118 -0.000621488 15.0855 0.00353147 -0.0740647 -0.00408872 0.142944 438 4
526.548 -2.05159 -0.00033897 15.0904 0.00322456 0.061667 -0.00383636 0.14186 439 4
527.756 -2.05168 -8.10044e-05 15.0892 0.00293147 -0.0152826 -0.00366364 0.143705 440 4
528.963 -2.0515 0.000153513 15.0983 0.00276582 0.114083 -0.00207071 0.142047 441 2
530.171 -2.05105 0.000374779 15.0989 0.00357687 0.007236 0.0101382 0.139993 442 5
531.379 -2.05025 0.000660929 15.098 0.00320762 -0.0113606 -0.00461568 0.142171 443 4
532.586 -2.04914 0.000917538 15.1024 0.00405625 0.0551343 0.0106078 0.152412 444 5
533.795 -2.04764 0.00124204 15.106 0.00360421 0.0450492 -0.00565041 0.146375 445 4
535.003 -2.04579 0.00153038 15.0972 0.00317647 -0.109768 -0.00534675 0.142331 446 4
536.211 -2.04363 0.00178449 15.0909 0.00143804 -0.0790954 -0.0217305 0.139616 447 3
537.418 -2.04134 0.00189954 15.1088 0.000357763 0.224221 -0.0135034 0.138315 448 2
538.627 -2.03901 0.00192816 15.1104 0.000232621 0.0194788 -0.00156427 0.143174 449 4
539.836 -2.03666 0.00194677 15.1329 0.000904043 0.281644 0.00839278 0.143886 450 6
541.046 -2.03421 0.00201909 15.1313 0.000716378 -0.020802 -0.00234581 0.143038 451 4
542.257 -2.0317 0.0020764 15.1323 0.000542882 0.0125766 -0.00216871 0.142625 452 4
543.467 -2.02913 0.00211983 15.126 0.000379947 -0.078845 -0.00203668 0.142111 453 4
544.677 -2.02653 0.00215023 15.1288 0.00156411 0.0358105 0.0148021 0.137941 454 5
545.888 -2.02378 0.00227536 15.1373 0.00262378 0.106418 0.0132458 0.139509 455 5
547.099 -2.02077 0.00248526 15.1371 0.000885459 -0.00252724 -0.021729 0.142188 456 3
548.31 -2.01767 0.00255609 15.1354 0.000657517 -0.0216603 -0.00284927 0.141834 457 4
549.521 -2.01451 0.0026087 15.1421 -0.000902161 0.0838995 -0.019496 0.141254 458 3
550.732 -2.01144 0.00253652 15.1349 -0.00229271 -0.090456 -0.0173819 0.137769 459 3
551.943 -2.00859 0.00235311 15.1406 -0.00480436 0.0714302 -0.0313956 0.143018 460 2
553.154 -2.00621 0.00196876 15.1411 -0.00443509 0.00684261 0.00461585 0.137332 461 4
554.365 -2.00425 0.00161395 15.1446 -0.00162343 0.0437498 0.0351458 0.141458 462 6
555.577 -2.00245 0.00148407 15.1536 0.000973745 0.112295 0.0324647 0.136967 463 6
556.789 -2.00056 0.00156197 15.1586 -0.00054627 0.0619411 -0.0190002 0.136154 464 3
558.002 -1.99872 0.00151827 15.1452 0.000745022 -0.166845 0.0161411 0.134437 465 5
559.213 -1.99681 0.00157787 15.1382 0.000575388 -0.0876427 -0.00212042 0.140454 466 4
560.424 -1.99484 0.00162391 15.1333 -0.00227928 -0.0617504 -0.0356834 0.139956 467 2
561.635 -1.9931 0.00144156 15.1391 -0.00347847 0.0734091 -0.0149899 0.138363 468 3
562.846 -1.99169 0.00116329 15.1464 -0.0032036 0.0903249 0.00343582 0.139196 469 4
564.058 -1.99059 0.000906997 15.1351 -0.00160011 -0.14075 0.0200437 0.141829 470 5
565.269 -1.98964 0.000778989 15.1253 0.00246697 -0.122285 0.0508384 0.14259 471 7
566.479 -1.98846 0.000976346 15.1258 -0.000506923 0.00584126 -0.0371736 0.139957 472 2
567.689 -1.98733 0.000935792 15.122 0.00350203 -0.0478029 0.0501119 0.143195 473 7
568.899 -1.98586 0.00121595 15.1273 0.00306701 0.0669003 -0.00543767 0.143754 474 4
570.109 -1.98409 0.00146132 15.1347 -3.80586e-05 0.0925303 -0.0388134 0.140746 475 2
571.32 -1.98233 0.00145827 15.1526 0.00120435 0.222957 0.0155302 0.140174 476 5
572.532 -1.98044 0.00155462 15.1536 0.0036559 0.0127912 0.0306443 0.141856 477 6
573.744 -1.9782 0.00184709 15.1535 0.00584959 -0.00133514 0.0274211 0.139355 478 6
574.956 -1.9754 0.00231506 15.1586 0.0051086 0.0640154 -0.00926233 0.141112 479 4
576.169 -1.97209 0.00272375 15.1606 0.00842149 0.0249028 0.0414111 0.141944 480 7
577.382 -1.96797 0.00339747 15.1778 0.010024 0.215542 0.0200314 0.134622 481 6
578.596 -1.96287 0.00419939 15.1801 0.0114005 0.0287294 0.0172057 0.139255 482 6
579.81 -1.95667 0.00511142 15.1815 0.0112377 0.0170469 -0.0020343 0.139465 483 5
581.025 -1.94937 0.00601044 15.1857 0.00838484 0.0531077 -0.0356609 0.142501 484 3
582.24 -1.94125 0.00668122 15.1915 0.00577681 0.0723481 -0.0326004 0.14396 485 3
583.455 -1.93257 0.00714337 15.1963 0.00740168 0.0590324 0.0203108 0.140979 486 6
584.671 -1.92316 0.0077355 15.2004 0.00481092 0.0518799 -0.0323845 0.141185 487 3
585.887 -1.91329 0.00812038 15.1924 0.00512895 -0.099659 0.00397537 0.140484 488 5
587.102 -1.90292 0.00853069 15.1855 0.00669562 -0.0866175 0.0195834 0.137807 489 6
588.317 -1.89191 0.00906634 15.1912 0.00808381 0.0709653 0.0173524 0.14808 490 6
589.532 -1.8801 0.00971305 15.192 0.00927777 0.0107646 0.0149244 0.143839 491 6
590.747 -1.8674 0.0104553 15.1972 0.00898166 0.0647068 -0.00370129 0.139075 492 5
591.963 -1.85381 0.0111738 15.2032 0.00866895 0.0752568 -0.00390889 0.13521 493 5
593.179 -1.83938 0.0118673 15.1942 0.00967143 -0.112832 0.012531 0.139496 494 6
594.395 -1.82401 0.012641 15.1911 0.00650118 -0.0387669 -0.0396282 0.138661 495 3
595.61 -1.80802 0.0131611 15.1872 0.00778057 -0.0488162 0.0159924 0.138097 496 6
596.825 -1.79127 0.0137836 15.1759 0.00881535 -0.141823 0.0129346 0.137462 497 6
598.039 -1.77368 0.0144888 15.1789 0.00975421 0.0377655 0.0117358 0.1411 498 6
599.253 -1.75514 0.0152691 15.1892 0.0105673 0.129151 0.0101642 0.139005 499 6
600.468 -1.73556 0.0161145 15.1856 0.0112046 -0.0449419 0.00796514 0.140518 500 6
601.683 -1.7149 0.0170109 15.1753 0.011764 -0.129485 0.00699265 0.13785 501 6
602.896 -1.6931 0.017952 15.1779 0.0122425 0.0332832 0.00598119 0.14263 502 6
604.11 -1.67012 0.0189314 15.1732 0.0126312 -0.0585198 0.00485894 0.139324 503 6
605.324 -1.64591 0.0199419 15.1784 0.0129652 0.0644803 0.00417531 0.141609 504 6
606.538 -1.62044 0.0209791 15.1647 0.0146108 -0.171328 0.0205702 0.145904 505 5
607.751 -1.59357 0.022148 15.1691 0.0146961 0.0556827 0.00106649 0.145588 506 6
608.964 -1.56527 0.0233237 15.1701 0.0148266 0.0123501 0.00163023 0.139966 507 6
610.177 -1.53553 0.0245098 15.1485 0.016083 -0.270021 0.0157055 0.144062 508 5
611.389 -1.50427 0.0257964 15.1161 0.0189647 -0.404882 0.0360211 0.14555 509 4
612.598 -1.47125 0.0273136 15.1204 0.0186079 0.0530958 -0.00445992 0.145117 510 6
613.807 -1.43641 0.0288022 15.1148 0.0181622 -0.0704169 -0.00557166 0.143541 511 6
615.015 -1.39983 0.0302552 15.1119 0.0189338 -0.0356078 0.00964568 0.145302 512 5
616.224 -1.36143 0.0317699 15.1255 0.018412 0.169647 -0.00652256 0.140598 513 6
617.433 -1.32121 0.0332429 15.1176 0.0178028 -0.0983119 -0.00761542 0.138519 514 6
618.642 -1.27929 0.0346671 15.0988 0.0180137 -0.235093 0.00263681 0.1401 515 5
619.849 -1.23569 0.0361082 15.1018 0.0181804 0.0380158 0.00208288 0.139436 516 5
621.056 -1.19032 0.0375626 15.0927 0.0173234 -0.113916 -0.0107121 0.142211 517 6
622.263 -1.1433 0.0389485 15.101 0.0165403 0.103843 -0.00978906 0.14136 518 6
623.47 -1.09466 0.0402717 15.1161 0.0156838 0.188768 -0.0107052 0.141116 519 6
624.678 -1.04446 0.0415264 15.1212 0.0147952 0.0633836 -0.0111075 0.140694 520 6
625.887 -0.99281 0.0427101 15.1115 0.0143177 -0.121272 -0.00596882 0.13988 521 5
627.094 -0.939809 0.0438555 15.1222 0.0136694 0.133562 -0.00810405 0.138614 522 7
628.303 -0.885449 0.044949 15.1313 0.0133203 0.113451 -0.00436393 0.139518 523 4
629.512 -0.829768 0.0460146 15.1237 0.0124684 -0.0949383 -0.0106482 0.139707 524 7
630.721 -0.772909 0.0470121 15.1332 0.0119127 0.119364 -0.00694679 0.139086 525 4
631.93 -0.714862 0.0479651 15.1439 0.0104636 0.133801 -0.0181141 0.137098 526 6
633.14 -0.655761 0.0488022 15.1373 0.00888387 -0.0833631 -0.0197463 0.13918 527 6
634.35 -0.595826 0.0495129 15.1582 0.00831729 0.261438 -0.00708224 0.143305 528 4
635.561 -0.535003 0.0501783 15.1539 0.00710671 -0.0529528 -0.0151323 0.143515 529 5
636.771 -0.473508 0.0507469 15.1434 0.00580383 -0.13206 -0.016286 0.144246 530 5
637.981 -0.411494 0.0512112 15.1538 0.00520794 0.130093 -0.00744857 0.143766 531 7
639.192 -0.348934 0.0516278 15.1464 0.00351011 -0.0922084 -0.021223 0.14147 532 6
640.402 -0.286064 0.0519086 15.1396 0.00189656 -0.0856519 -0.0201694 0.140034 533 6
641.612 -0.223039 0.0520603 15.1503 0.000367879 0.134087 -0.0191085 0.13904 534 6
642.822 -0.159933 0.0520898 15.1451 2.58284e-05 -0.0645757 -0.00427563 0.136726 535 7
644.032 -0.0968467 0.0520918 15.141 -0.000311172 -0.0509501 -0.0042125 0.142194 536 7
645.242 -0.0338074 0.0520669 15.1467 -0.000691583 0.0710249 -0.00475514 0.141582 537 7
646.452 0.0291886 0.0520116 15.1373 -0.0023362 -0.118232 -0.0205578 0.140124 538 6
647.661 0.0919193 0.0518247 15.1347 -0.00382379 -0.0318766 -0.0185949 0.13723 539 6
648.87 0.15427 0.0515188 15.1324 -0.00389726 -0.0294924 -0.000918319 0.142093 540 7
650.079 0.216233 0.051207 15.126 -0.00279772 -0.0792623 0.0137443 0.141804 541 8
651.288 0.2779 0.0509832 15.1157 -0.00438349 -0.12852 -0.0198222 0.138925 542 6
652.495 0.339102 0.0506325 15.1186 -0.00449765 0.0355959 -0.00142696 0.137151 543 7
653.703 0.39988 0.0502727 15.1129 -0.00336333 -0.0711441 0.014179 0.139014 544 8
654.911 0.460311 0.0500036 15.1073 -0.00230519 -0.0703812 0.0132268 0.137559 545 8
656.118 0.520497 0.0498192 15.0999 -0.00401737 -0.0925064 -0.0214022 0.141266 546 6
657.325 0.580265 0.0494978 15.0947 -0.00432113 -0.0641465 -0.00379706 0.139889 547 7
658.531 0.639596 0.0491522 15.0929 -0.00690215 -0.0222564 -0.0322627 0.137243 548 5
659.737 0.698255 0.0486 15.0992 -0.00682392 0.0785351 0.000977854 0.138035 549 7
660.943 0.756279 0.0480541 15.0998 -0.00544083 0.00739098 0.0172887 0.137363 550 8
662.15 0.81378 0.0476188 15.0914 -0.00693076 -0.105393 -0.0186242 0.137894 551 6
663.356 0.87058 0.0470643 15.0901 -0.00689361 -0.0163078 0.000464468 0.138138 552 7
664.562 0.92671 0.0465128 15.0974 -0.00550627 0.0919461 0.0173417 0.13549 553 8
665.768 0.982337 0.0460723 15.1042 -0.00697737 0.0846386 -0.0183888 0.139501 554 6
666.975 1.03731 0.0455142 15.1061 -0.00563986 0.0239611 0.016719 0.138364 555 8
668.183 1.09175 0.045063 15.1066 -0.00844416 0.00559092 -0.0350539 0.134982 556 5
669.39 1.14538 0.0443874 15.09 -0.0123104 -0.206721 -0.0483278 0.135736 557 4
670.596 1.19776 0.0434026 15.0832 -0.010372 -0.0850678 0.0242301 0.136223 558 8
671.802 1.24911 0.0425728 15.069 -0.0140108 -0.17755 -0.0454858 0.13643 559 4
673.006 1.29907 0.041452 15.0725 -0.0145492 0.0434637 -0.00672942 0.138419 560 6
674.211 1.34764 0.040288 15.0795 -0.0136563 0.0877976 0.0111615 0.137889 561 7
675.416 1.39491 0.0391955 15.0917 -0.0114784 0.151765 0.0272239 0.138435 562 8
676.623 1.44111 0.0382773 15.081 -0.0162343 -0.133741 -0.0594488 0.138089 563 3
677.828 1.48572 0.0369785 15.067 -0.019141 -0.174105 -0.036334 0.134604 564 4
679.033 1.52843 0.0354473 15.0722 -0.0189606 0.0642538 0.00225459 0.13485 565 6
680.238 1.56934 0.0339304 15.0816 -0.0227482 0.118136 -0.0473451 0.139415 566 3
681.444 1.60807 0.0321105 15.083 -0.0233865 0.0176907 -0.00797827 0.136538 567 5
682.65 1.64456 0.0302396 15.0815 -0.0265417 -0.0191927 -0.0394404 0.14067 568 3
683.856 1.67847 0.0281163 15.0895 -0.0252812 0.0999212 0.0157567 0.14139 569 6
685.063 1.70997 0.0260938 15.0857 -0.0280461 -0.0479221 -0.034561 0.138026 570 3
686.269 1.73875 0.0238501 15.0851 -0.0264351 -0.00677109 0.0201372 0.137701 571 6
687.476 1.76498 0.0217353 15.0953 -0.024871 0.127196 0.0195517 0.136485 572 6
688.683 1.78882 0.0197456 15.0997 -0.0233678 0.0549316 0.01879 0.138048 573 6
689.891 1.81042 0.0178762 15.1026 -0.0219215 0.0367641 0.0180784 0.136583 574 6
691.099 1.82989 0.0161225 15.1074 -0.0165251 0.0588417 0.0674546 0.138693 575 9
692.308 1.84778 0.0148005 15.101 -0.0142723 -0.0789285 0.0281605 0.139877 576 7
693.516 1.86428 0.0136587 15.092 -0.0108592 -0.112474 0.0426632 0.137333 577 8
694.723 1.87972 0.0127899 15.0899 -0.0077372 -0.0264287 0.0390254 0.138207 578 8
695.93 1.89442 0.012171 15.1034 -0.0049275 0.167978 0.0351212 0.138412 579 8
697.138 1.90865 0.0117768 15.1256 -0.00371284 0.277913 0.0151833 0.13956 580 7
698.348 1.92254 0.0114797 15.1313 -0.00262458 0.0718474 0.0136032 0.142327 581 7
699.559 1.93618 0.0112698 15.1275 -0.000301176 -0.0474215 0.0290426 0.143384 582 8
700.769 1.94979 0.0112457 15.1196 -0.000889584 -0.0989199 -0.0073551 0.142689 583 6
701.978 1.9633 0.0111745 15.1232 -8.61271e-05 0.0448942 0.0100432 0.140059 584 7
703.188 1.97681 0.0111676 15.1144 -0.000717333 -0.110102 -0.00789007 0.13857 585 6
704.397 1.99025 0.0111102 15.1318 -0.00126185 0.217271 -0.00680647 0.1414 586 6
705.607 2.00357 0.0110093 15.1295 -0.00994649 -0.0282645 -0.108558 0.144192 587 0
706.818 2.01594 0.0102136 15.1266 -0.0177893 -0.0361443 -0.0980352 0.144624 588 0
708.028 2.02657 0.00879042 15.1332 -0.0247318 0.0824094 -0.0867816 0.147232 589 0
709.239 2.03482 0.00681188 15.1309 -0.0227347 -0.0292897 0.0249643 0.146658 590 5
710.449 2.04086 0.0049931 15.1258 -0.0208683 -0.0638485 0.02333 0.142825 591 5
711.659 2.04489 0.00332364 15.126 -0.0189841 0.00203848 0.0235525 0.145035 592 6
712.869 2.04707 0.00180491 15.1381 -0.0172011 0.152457 0.0222872 0.141462 593 6
714.08 2.04759 0.000428823 15.1237 -0.0159397 -0.180638 0.0157676 0.141397 594 5
715.29 2.04657 -0.000846353 15.1111 -0.0142896 -0.157809 0.0206264 0.140204 595 6
716.499 2.04416 -0.00198952 15.1047 -0.0127369 -0.079298 0.0194091 0.141294 596 6
717.707 2.04053 -0.00300847 15.1058 -0.0112904 0.0133395 0.0180811 0.143177 597 6
718.916 2.0358 -0.0039117 15.1155 -0.00993504 0.120866 0.0169418 0.145823 598 6
720.125 2.03011 -0.0047065 15.1119 -0.00866544 -0.045085 0.01587 0.143794 599 6
721.334 2.02358 -0.00539974 15.1147 -0.00749228 0.0353575 0.0146645 0.141346 600 6
722.543 2.01633 -0.00599912 15.1104 -0.0063894 -0.053525 0.0137859 0.142596 601 6
723.752 2.00846 -0.00651027 15.1079 -0.00536088 -0.0313759 0.0128566 0.142331 602 6
724.96 2.00007 -0.00693914 15.1085 -0.00440513 0.00739098 0.0119469 0.142072 603 6
726.169 1.99126 -0.00729155 15.1118 -0.00352645 0.0413656 0.0109835 0.142988 604 6
727.378 1.9821 -0.00757367 15.1119 -0.00271559 0.00145435 0.0101358 0.142606 605 6
728.587 1.97268 -0.00779092 15.1071 -0.00196286 -0.0602245 0.00940905 0.143415 606 6
729.795 1.96308 -0.00794794 15.1136 0.00410148 0.0815272 0.0758043 0.141432 607 10
731.005 1.95386 -0.00761983 15.1107 0.00416904 -0.0361085 0.0008445 0.138943 608 6
732.213 1.94505 -0.0072863 15.114 0.0042122 0.041151 0.000539509 0.140561 609 6
733.422 1.93665 -0.00694933 15.1129 0.00423758 -0.014329 0.00031729 0.147412 610 6
734.631 1.92866 -0.00661032 15.0959 0.0042515 -0.212312 0.000173907 0.145926 611 6
735.839 1.92109 -0.0062702 15.085 0.00425113 -0.136185 -4.58094e-06 0.145878 612 6
737.046 1.91393 -0.00593011 15.0667 0.00423103 -0.229013 -0.000251207 0.144218 613 6
738.251 1.90719 -0.00559163 15.0656 0.00419191 -0.0132561 -0.000489055 0.141769 614 6
739.456 1.90086 -0.00525627 15.0605 0.00414473 -0.064528 -0.000589801 0.142809 615 6
740.661 1.89492 -0.0049247 15.0655 0.00408482 0.0635743 -0.000748865 0.139769 616 6
741.866 1.88938 -0.00459791 15.0592 0.00401882 -0.0796676 -0.000824919 0.144934 617 6
743.071 1.88423 -0.00427641 15.0519 0.00394258 -0.0911951 -0.000952999 0.142351 618 6
744.275 1.87946 -0.003961 15.0503 0.00385786 -0.0195742 -0.00105908 0.143554 619 6
745.479 1.87506 -0.00365237 15.0501 0.00376757 -0.00231266 -0.00112855 0.145542 620 6
746.683 1.87103 -0.00335096 15.0519 0.00366767 0.0217199 -0.00124873 0.145393 621 6
747.888 1.86735 -0.00305755 15.0639 0.00356572 0.150192 -0.00127445 0.14159 622 6
749.093 1.86401 -0.00277229 15.062 0.00345614 -0.0234008 -0.00136972 0.140354 623 6
750.298 1.861 -0.0024958 15.0615 0.00334541 -0.00681877 -0.00138412 0.140892 624 6
751.502 1.85831 -0.00222817 15.0557 0.00347104 -0.0715494 0.00157037 0.143469 625 7
752.707 1.85596 -0.00195049 15.0708 0.00316424 0.187945 -0.00383502 0.14428 626 5
753.913 1.85392 -0.00169735 15.0792 0.00284321 0.105178 -0.00401289 0.137984 627 5
755.119 1.85214 -0.00146989 15.0756 0.00273971 -0.0446677 -0.00129378 0.13747 628 6
756.325 1.85064 -0.00125071 15.0765 0.00263313 0.0107765 -0.0013322 0.139447 629 6
757.531 1.84938 -0.00104006 15.0699 0.00252837 -0.0826836 -0.00130943 0.139479 630 6
758.737 1.84837 -0.000837793 15.0564 0.00198042 -0.168574 -0.00684941 0.139405 631 5
759.941 1.84755 -0.000679359 15.0529 0.00147216 -0.043726 -0.00635324 0.142516 632 5
761.145 1.84688 -0.000561586 15.0518 0.00145801 -0.0132561 -0.000176966 0.138553 633 6
762.35 1.84634 -0.000444946 15.0621 0.000598724 0.12902 -0.010741 0.1421 634 8
763.555 1.84586 -0.000397048 15.0559 0.000662712 -0.0781536 0.000799855 0.144662 635 6
764.759 1.84545 -0.000344031 15.0468 3.44814e-05 -0.113988 -0.00785288 0.143554 636 5
765.963 1.84504 -0.000341272 15.044 -0.000572554 -0.0339985 -0.00758794 0.140594 637 5
767.166 1.84457 -0.000387077 15.0379 -0.00114061 -0.0771046 -0.00710065 0.139092 638 5
768.369 1.844 -0.000478325 15.0444 0.000267857 0.0818968 0.0176058 0.139495 639 7
769.573 1.84345 -0.000456897 15.0393 0.000372769 -0.0636578 0.0013114 0.143987 640 6
770.776 1.84293 -0.000427075 15.0452 0.000464715 0.0729084 0.00114933 0.140492 641 6
771.98 1.84246 -0.000389898 15.0483 0.000544349 0.0392437 0.00099542 0.142373 642 6
773.183 1.84205 -0.00034635 15.0463 0.00196146 -0.0246048 0.0177139 0.139612 643 7
774.387 1.84182 -0.000189433 15.0573 0.000869469 0.13721 -0.0136499 0.141376 644 4
775.592 1.84167 -0.000119875 15.0488 0.00220754 -0.106931 0.0167259 0.138444 645 7
776.796 1.84174 5.67282e-05 15.0437 0.000740021 -0.063026 -0.018344 0.135533 646 5
777.999 1.84188 0.00011593 15.043 -0.00170525 -0.00892878 -0.0305659 0.136071 647 4
779.203 1.84186 -2.04899e-05 15.0482 -0.00142411 0.0649095 0.00351424 0.134978 648 6
780.406 1.84169 -0.000134419 15.0452 -0.00381274 -0.0374198 -0.0298579 0.135868 649 4
781.61 1.84117 -0.000439438 15.0426 -0.00462835 -0.032115 -0.0101951 0.140929 650 5
782.813 1.84019 -0.000809706 15.0328 -0.00533223 -0.122583 -0.00879857 0.139578 651 5
784.016 1.8387 -0.00123628 15.0322 -0.00823554 -0.00804663 -0.0362913 0.136486 652 3
785.219 1.83643 -0.00189513 15.0296 -0.00465497 -0.0324011 0.0447571 0.136148 653 8
786.421 1.8337 -0.00226752 15.0331 -0.0076696 0.0441074 -0.0376829 0.135207 654 3
787.624 1.83023 -0.00288109 15.0483 -0.0103941 0.189602 -0.0340564 0.13577 655 3
788.828 1.82576 -0.00371262 15.0666 -0.012787 0.229442 -0.0299105 0.142268 656 3
790.033 1.82006 -0.00473558 15.0722 -0.0137209 0.0693917 -0.0116747 0.137703 657 4
791.239 1.81302 -0.00583325 15.0775 -0.0157348 0.0664353 -0.0251736 0.140262 658 3
792.445 1.80447 -0.00709204 15.0743 -0.0109338 -0.0396729 0.0600131 0.139554 659 8
793.651 1.79486 -0.00796674 15.0759 -0.0118968 0.0198364 -0.0120373 0.137026 660 4
794.857 1.78411 -0.00891848 15.0851 -0.0150209 0.115383 -0.0390514 0.13391 661 2
796.063 1.77189 -0.0101201 15.08 -0.0100332 -0.0644088 0.0623454 0.132833 662 8
797.27 1.75872 -0.0109228 15.0881 -0.0133244 0.101078 -0.0411391 0.134029 663 2
798.477 1.74424 -0.0119888 15.0822 -0.00826461 -0.0730515 0.0632469 0.133678 664 8
799.683 1.72898 -0.0126499 15.0879 -0.0117345 0.0711083 -0.0433738 0.133869 665 2
800.89 1.71258 -0.0135887 15.0774 -0.0148096 -0.131321 -0.0384389 0.134213 666 2
802.096 1.69476 -0.0147735 15.0792 -0.016196 0.0223398 -0.01733 0.133659 667 3
803.302 1.67538 -0.0160691 15.0749 -0.00936161 -0.0536203 0.0854302 0.134906 668 9
804.508 1.6551 -0.0168181 15.0885 -0.0150417 0.170171 -0.0710007 0.132063 669 0
805.715 1.63334 -0.0180214 15.0857 -0.0162001 -0.0354648 -0.0144801 0.134098 670 3
806.922 1.61003 -0.0193174 15.0871 -0.0170931 0.0171185 -0.0111625 0.134102 671 3
808.128 1.58507 -0.0206849 15.0773 -0.0191297 -0.121832 -0.0254577 0.153784 672 2
809.334 1.55827 -0.0222152 15.068 -0.0208647 -0.116873 -0.0216881 0.132653 673 2
810.539 1.52949 -0.0238844 15.0641 -0.0202367 -0.0483036 0.0078504 0.135767 674 4
811.744 1.49875 -0.0255033 15.057 -0.0195568 -0.0883818 0.00849918 0.133552 675 4
812.948 1.46615 -0.0270679 15.0546 -0.0196022 -0.0299931 -0.000567711 0.132452 676 3
814.152 1.43167 -0.0286361 15.069 -0.0222049 0.179172 -0.0325338 0.13368 677 1
815.357 1.39501 -0.0304124 15.0599 -0.0210958 -0.113595 0.0138636 0.136781 678 4
816.561 1.35635 -0.0321001 15.0506 -0.0232444 -0.115693 -0.0268576 0.135824 679 1
817.765 1.31546 -0.0339597 15.0364 -0.0236798 -0.177503 -0.00544207 0.136146 680 2
818.967 1.27234 -0.035854 15.0327 -0.0220574 -0.0465631 0.0202797 0.13367 681 4
820.169 1.22711 -0.0376186 15.0339 -0.0224068 0.0146627 -0.00436723 0.135087 682 2
821.37 1.17973 -0.0394112 15.0402 -0.0212905 0.0787735 0.0139534 0.132487 683 3
822.573 1.13027 -0.0411144 15.0375 -0.019617 -0.0333071 0.0209192 0.141751 684 4
823.774 1.07894 -0.0426838 15.0414 -0.0179767 0.0491619 0.0205035 0.138923 685 4
824.977 1.02586 -0.0441219 15.0353 -0.0162151 -0.0763416 0.0220195 0.143131 686 4
826.178 0.97125 -0.0454191 15.034 -0.014646 -0.01688 0.0196144 0.144528 687 4
827.38 0.915235 -0.0465908 15.032 -0.0136556 -0.0252247 0.0123794 0.141514 688 3
828.581 0.857915 -0.0476832 15.0302 -0.0126773 -0.0218272 0.0122288 0.145491 689 3
829.782 0.799383 -0.0486974 15.0327 -0.0114946 0.0306129 0.014784 0.143528 690 5
830.983 0.739737 -0.049617 15.0346 -0.0132421 0.0237465 -0.0218433 0.145023 691 1
832.184 0.678812 -0.0506764 15.0434 -0.0116537 0.110877 0.0198547 0.141647 692 5
833.386 0.616729 -0.0516087 15.0425 -0.00984618 -0.0111699 0.0225938 0.139476 693 4
834.588 0.553704 -0.0523964 15.0513 -0.00819418 0.109661 0.02065 0.137877 694 5
835.79 0.489854 -0.0530519 15.0606 -0.00724887 0.115538 0.0118164 0.14573 695 3
836.993 0.425267 -0.0536318 15.0711 -0.0102549 0.131416 -0.037575 0.142392 696 0
838.197 0.359647 -0.0544522 15.0789 -0.0102609 0.0977159 -7.48783e-05 0.141526 697 2
839.402 0.293005 -0.0552731 15.0814 -0.0114597 0.0319481 -0.014985 0.146175 698 1
840.606 0.225247 -0.0561898 15.0925 -0.0111469 0.138271 0.00390884 0.14105 699 2
841.812 0.156364 -0.0570816 15.131 -0.00828067 0.481284 0.0358284 0.141757 700 7
843.02 0.0865045 -0.057744 15.1261 -0.00942753 -0.0609994 -0.0143357 0.141813 701 1
844.228 0.0157567 -0.0584982 15.1179 -0.00893899 -0.102305 0.00610681 0.157848 702 2
845.435 -0.0558162 -0.0592134 15.1329 -0.00561023 0.186718 0.0416095 0.141978 703 6
846.644 -0.128002 -0.0596622 15.1471 -0.00547026 0.177467 0.00174958 0.139293 704 2
847.854 -0.200785 -0.0600998 15.1384 -0.00525255 -0.108695 0.00272131 0.141664 705 2
849.062 -0.274035 -0.06052 15.1357 -0.0076225 -0.0330448 -0.0296243 0.143309 706 0
850.271 -0.348008 -0.0611298 15.126 -0.00698595 -0.12213 0.00795685 0.141238 707 2
851.479 -0.422609 -0.0616887 15.1371 -0.00266611 0.138605 0.053998 0.141734 708 6
852.687 -0.497522 -0.061902 15.1379 -0.00253083 0.0105023 0.00169092 0.140126 709 2
853.896 -0.572684 -0.0621044 15.1585 0.00166309 0.25754 0.052424 0.140108 710 6
855.106 -0.647788 -0.0619714 15.165 -0.00102697 0.0815988 -0.0336257 0.143994 711 0
856.317 -0.723023 -0.0620535 15.1495 0.00540236 -0.194192 0.0803666 0.160984 712 5
857.527 -0.797658 -0.0616214 15.1627 0.00364959 0.165248 -0.0219096 0.140343 713 1
858.738 -0.872005 -0.0613294 15.1375 0.0102747 -0.314808 0.0828133 0.139609 714 5
859.946 -0.945235 -0.0605074 15.141 0.0143572 0.0435114 0.0510319 0.141941 715 6
861.156 -1.01709 -0.0593588 15.1393 0.0104211 -0.0209093 -0.0492019 0.147552 716 0
862.365 -1.08794 -0.0585252 15.134 0.0147066 -0.0669956 0.0535692 0.147763 717 6
863.573 -1.15733 -0.0573486 15.1423 0.0185455 0.103545 0.0479863 0.144135 718 6
864.783 -1.22497 -0.055865 15.1471 0.0220398 0.0607014 0.0436793 0.147016 719 6
865.993 -1.2905 -0.0541018 15.1426 0.0185564 -0.0559807 -0.0435423 0.147678 720 1
867.203 -1.35421 -0.0526173 15.1303 0.0242648 -0.154448 0.0713538 0.145755 721 8
868.412 -1.41552 -0.0506761 15.1071 0.0204913 -0.289226 -0.0471681 0.146877 722 1
869.619 -1.47476 -0.0490368 15.1102 0.0169994 0.0383258 -0.0436487 0.147945 723 1
870.826 -1.53237 -0.0476769 15.1112 0.0216967 0.0121117 0.0587164 0.147404 724 7
872.034 -1.58789 -0.0459411 15.1204 0.0245503 0.115383 0.0356703 0.148324 725 6
873.242 -1.64107 -0.0439771 15.1105 0.0271012 -0.124121 0.0318862 0.146983 726 6
874.45 -1.6916 -0.041809 15.0992 0.0226115 -0.141525 -0.0561213 0.146342 727 1
875.657 -1.7399 -0.0400001 15.073 0.0252215 -0.327563 0.0326245 0.146904 728 6
876.862 -1.78569 -0.0379823 15.0643 0.0300556 -0.108778 0.0604265 0.146778 729 8
878.066 -1.82856 -0.0355779 15.0681 0.0263116 0.047493 -0.0468001 0.146214 730 2
879.271 -1.8689 -0.033473 15.0802 0.0281448 0.151622 0.0229153 0.144769 731 6
880.477 -1.90656 -0.0312214 15.0988 0.0309863 0.233126 0.035519 0.142203 732 7
881.684 -1.94127 -0.0287425 15.1048 0.0268543 0.0740647 -0.0516512 0.141779 733 2
882.892 -1.9734 -0.0265941 15.0969 0.021729 -0.0987053 -0.0640661 0.142521 734 1
884.1 -2.00342 -0.0248558 15.0878 0.0249628 -0.113547 0.0404233 0.141271 735 7
885.306 -2.03101 -0.0228588 15.0847 0.0278136 -0.0383258 0.0356345 0.142733 736 7
886.513 -2.05591 -0.0206337 15.0914 0.0315402 0.0832438 0.0465823 0.141741 737 8
887.72 -2.07777 -0.0181105 15.1003 0.0321398 0.111127 0.00749519 0.144204 738 6
888.928 -2.09654 -0.0155393 15.0986 0.0351657 -0.020802 0.0378241 0.146085 739 8
890.136 -2.11191 -0.0127261 15.093 0.0350691 -0.0704885 -0.00120811 0.141937 740 6
891.343 -2.12389 -0.00992053 15.088 0.0348392 -0.0619769 -0.00287364 0.145332 741 6
892.55 -2.1325 -0.00713339 15.0783 0.0344698 -0.120986 -0.0046174 0.145125 742 6
893.756 -2.13778 -0.00437581 15.072 0.034005 -0.0785112 -0.00580978 0.141074 743 6
894.962 -2.13978 -0.00165541 15.069 0.0346902 -0.0374436 0.00856514 0.139559 744 7
896.168 -2.13843 0.00111981 15.0755 0.03518 0.0812411 0.00612242 0.144646 745 7
897.374 -2.13368 0.00393421 15.0667 0.0287267 -0.110912 -0.0806664 0.143586 746 2
898.579 -2.12617 0.00623234 15.0594 0.0227934 -0.0910521 -0.0741655 0.143263 747 2
899.784 -2.11646 0.00805582 15.0595 0.0253785 0.00171661 0.0323127 0.144145 748 8
900.988 -2.10431 0.0100861 15.059 0.0289021 -0.00658035 0.044046 0.144032 749 9
902.193 -2.08938 0.0123983 15.0637 0.0200646 0.0590801 -0.110469 0.143662 750 0
903.398 -2.0725 0.0140034 15.0745 0.0224954 0.134277 0.0303848 0.143043 751 8
904.604 -2.05345 0.0158031 15.0766 0.0245749 0.0262976 0.0259935 0.141113 752 8
905.81 -2.03202 0.0177691 15.0662 0.0263699 -0.130117 0.0224383 0.142058 753 8
907.015 -2.00806 0.0198786 15.056 0.027881 -0.126648 0.0188886 0.143952 754 8
908.219 -1.98143 0.0221091 15.0539 0.029133 -0.0266671 0.0156494 0.144447 755 8
909.423 -1.952 0.0244398 15.044 0.0300376 -0.123107 0.0113075 0.146544 756 8
910.626 -1.9197 0.0268428 15.0438 0.0319668 -0.00290871 0.0241159 0.14476 757 9
911.829 -1.88432 0.0294001 15.0331 0.0334645 -0.133789 0.0187213 0.147663 758 9
913.031 -1.84575 0.0320773 15.0398 0.0346546 0.0835657 0.0148761 0.145454 759 9
914.233 -1.80383 0.0348496 15.0375 0.0355812 -0.0291586 0.0115817 0.153417 760 9
915.436 -1.75849 0.0376961 15.0386 0.0351587 0.0136733 -0.00528027 0.143941 761 8
916.638 -1.70977 0.0405088 15.0337 0.0355659 -0.0612736 0.00508958 0.142903 762 9
917.839 -1.65764 0.0433541 15.044 0.0357055 0.128925 0.00174455 0.140725 763 9
919.041 -1.60205 0.0462105 14.9984 0.0341172 -0.570095 -0.0198536 0.141849 764 4
920.24 -1.54335 0.0489399 14.97 0.0351798 -0.355005 0.0132828 0.141806 765 5
921.436 -1.48139 0.0517543 14.9674 0.0339599 -0.0322223 -0.0152486 0.142626 766 8
922.631 -1.4162 0.0544711 14.9602 0.032858 -0.0902653 -0.0137733 0.142136 767 8
923.826 -1.3479 0.0570997 14.9784 0.0323631 0.227344 -0.00618626 0.142595 768 9
925.022 -1.27642 0.0596888 14.99 0.0318685 0.14509 -0.00618263 0.14255 769 9
926.219 -1.20183 0.0622383 14.989 0.0308097 -0.0116229 -0.013236 0.142013 770 8
927.416 -1.1243 0.064703 15.0041 0.0299624 0.187981 -0.010591 0.143108 771 8
928.614 -1.04382 0.0671 15.0251 0.029103 0.263023 -0.0107417 0.14505 772 9
929.813 -0.960433 0.0694283 15.0281 0.0281273 0.0370502 -0.0121966 0.141469 773 8
931.012 -0.874332 0.0716785 15.0411 0.0272143 0.162435 -0.0114132 0.146254 774 9
932.212 -0.785544 0.0738556 15.0367 0.0259896 -0.0545025 -0.0153085 0.140104 775 9
933.411 -0.694287 0.0759348 15.0485 0.0249802 0.147736 -0.0126167 0.144679 776 9
934.612 -0.600559 0.0779332 15.0821 0.0191142 0.419772 -0.073326 0.142188 777 5
935.814 -0.504783 0.0794623 15.0922 0.0185336 0.126541 -0.00725721 0.144671 778 9
937.018 -0.407159 0.080945 15.1307 0.0114941 0.480366 -0.0879932 0.142882 779 5
938.224 -0.308176 0.0818645 15.1293 0.0115231 -0.0172973 0.000362715 0.141813 780 9
939.43 -0.208091 0.0827864 15.1703 0.00433929 0.513065 -0.0897982 0.143114 781 3
940.64 -0.107314 0.0831335 15.1928 -0.00252507 0.280523 -0.0858045 0.142227 782 3
941.851 -0.00663269 0.0829315 15.2032 -0.00921682 0.130081 -0.0836469 0.145087 783 3
943.063 0.0932238 0.0821942 15.1954 -0.0157154 -0.0967145 -0.0812317 0.143855 784 3
944.275 0.191506 0.080937 15.2174 -0.0218073 0.274229 -0.0761494 0.142433 785 3
945.488 0.287813 0.0791924 15.1912 -0.0171358 -0.326562 0.0583945 0.14217 786 8
946.7 0.382294 0.0778215 15.1796 -0.0239746 -0.145507 -0.0854861 0.141278 787 3
947.911 0.474381 0.0759035 15.1742 -0.0303051 -0.0679374 -0.0791307 0.145461 788 3
949.122 0.563499 0.0734791 15.1818 -0.0253956 0.0950217 0.0613682 0.14732 789 10
950.333 0.650201 0.0714475 15.1869 -0.0313606 0.0645161 -0.0745619 0.143587 790 2
951.545 0.733892 0.0689386 15.1925 -0.0258025 0.069499 0.0694759 0.143152 791 10
952.758 0.815111 0.0668744 15.1893 -0.0324994 -0.0396013 -0.0837111 0.1392 792 2
953.97 0.89316 0.0642745 15.1685 -0.0386161 -0.260329 -0.0764586 0.139763 793 2
955.182 0.967361 0.0611852 15.1878 -0.0438193 0.240839 -0.0650403 0.139667 794 1
956.395 1.0374 0.0576796 15.2037 -0.048564 0.198805 -0.0593088 0.138626 795 1
957.609 1.1028 0.0537945 15.2029 -0.0529872 -0.0101089 -0.0552902 0.136695 796 1
958.824 1.16305 0.0495555 15.2095 -0.0577034 0.0828028 -0.0589519 0.141772 797 0
960.039 1.21771 0.0449393 15.1453 -0.0638358 -0.802922 -0.0766547 0.140746 798 5
961.25 1.26596 0.0398324 15.1438 -0.0662323 -0.0179052 -0.0299566 0.14004 799 1
962.461 1.30779 0.0345338 15.1554 -0.0683705 0.144768 -0.0267271 0.142769 800 1
963.673 1.34302 0.0290642 15.1615 -0.0702685 0.0762105 -0.023726 0.142857 801 1
964.885 1.37145 0.0234427 15.1486 -0.071683 -0.161231 -0.0176802 0.141745 802 1
966.097 1.39291 0.0177081 15.0999 -0.0733026 -0.608706 -0.0202457 0.143743 803 2
967.305 1.40722 0.0118438 15.0193 -0.0749177 -1.00713 -0.0201886 0.141721 804 3
968.506 1.41425 0.00585043 14.9745 -0.0757188 -0.560665 -0.0100135 0.142053 805 2
969.704 1.414 -0.000207076 14.9349 -0.0762248 -0.494778 -0.00632526 0.144983 806 2
970.899 1.40647 -0.00630506 14.89 -0.076135 -0.561559 0.00112206 0.144154 807 2
972.09 1.3917 -0.0123959 14.8567 -0.0764619 -0.416195 -0.00408515 0.140495 808 3
973.279 1.3697 -0.0185128 14.8448 -0.0756562 -0.148666 0.0100711 0.140736 809 2
974.466 1.34053 -0.0245653 14.787 -0.0777849 -0.721896 -0.0266091 0.140588 810 5
975.648 1.30411 -0.0307881 14.7572 -0.0754244 -0.373113 0.0295059 0.144416 811 2
976.828 1.26065 -0.0368221 14.745 -0.0729646 -0.15198 0.0307473 0.143311 812 2
978.007 1.21035 -0.0426592 14.7471 -0.0704236 0.0263333 0.0317625 0.141141 813 2
979.185 1.1534 -0.0482931 14.711 -0.0698531 -0.452018 0.00713151 0.136522 814 4
980.36 1.09001 -0.0538814 14.6708 -0.0678334 -0.5023 0.0252462 0.140624 815 4
981.532 1.02045 -0.059308 14.6865 -0.0623072 0.196934 0.0690772 0.14668 816 3
982.704 0.94496 -0.0642926 14.6927 -0.0559836 0.0767231 0.0790452 0.144873 817 4
983.877 0.864189 -0.0687713 14.7114 -0.0494116 0.234187 0.0821508 0.143038 818 5
985.051 0.778675 -0.0727242 14.7244 -0.0432316 0.162697 0.0772497 0.143097 819 4
986.225 0.689022 -0.0761828 14.7708 -0.0358944 0.579727 0.0917149 0.144783 820 6
987.403 0.595703 -0.0790543 14.8034 -0.0294195 0.407648 0.0809357 0.144125 821 5
988.584 0.4994 -0.0814079 14.8417 -0.0241575 0.47822 0.0657752 0.146456 822 4
989.767 0.400562 -0.0833405 14.8546 -0.0188224 0.162041 0.0666895 0.144711 823 4
990.951 0.299854 -0.0848463 14.8768 -0.0118982 0.276518 0.086552 0.1429 824 6
992.137 0.197867 -0.0857981 14.8819 -0.0062324 0.0643611 0.0708226 0.147584 825 5
993.323 0.095254 -0.0862967 14.8789 -0.0019291 -0.0373602 0.0537913 0.144778 826 4
994.509 -0.00752173 -0.086451 14.9083 0.00418417 0.36726 0.0764159 0.142922 827 6
995.697 -0.110103 -0.0861163 14.9313 0.00746718 0.287759 0.0410376 0.140646 828 4
996.887 -0.212131 -0.0855189 14.9383 0.0130238 0.0876546 0.0694583 0.139455 829 6
998.078 -0.312967 -0.084477 14.951 0.0181458 0.15831 0.0640244 0.143474 830 6
999.27 -0.412158 -0.0830254 14.9659 0.0201706 0.186729 0.0253106 0.144334 831 4
1000.46 -0.509522 -0.0814117 14.9704 0.0233127 0.0552535 0.0392753 0.142585 832 5
