1.12 10 0 13.68 -0.0129319 -4 -0.161649 1.33694 1 0
2.2144 9.99887 -0.00103455 13.749 -0.02011 0.86292 -0.0897268 0.251125 2 0
3.31432 9.99596 -0.00264335 13.7997 -0.0260035 0.63386 -0.0736677 0.210182 3 0
4.41829 9.99075 -0.00472363 13.8482 -0.0305108 0.605118 -0.0563424 0.141201 4 0
5.52611 9.98281 -0.0071645 13.7925 -0.0301311 -0.695229 0.00474737 0.308357 5 0
6.62946 9.97224 -0.00957498 13.6526 -0.0285814 -1.74975 0.0193711 0.281219 6 0
7.72159 9.95929 -0.0118615 13.5352 -0.0261102 -1.46734 0.0308899 0.293572 7 0
8.8043 9.94418 -0.0139503 13.5415 -0.028502 0.0786543 -0.0298976 0.293604 8 0
9.88747 9.9266 -0.0162305 13.5659 -0.027747 0.305724 0.00943684 0.248847 9 0
10.9726 9.90658 -0.0184502 13.6153 -0.0294403 0.616765 -0.0211654 0.279208 10 0
12.0615 9.88392 -0.0208055 13.6955 -0.0311198 1.00307 -0.0209938 0.12885 11 0
13.1569 9.8584 -0.023295 13.8022 -0.0318708 1.33343 -0.00938724 0.073956 12 0
14.2607 9.82986 -0.0258447 13.9001 -0.0316031 1.22457 0.00334587 0.079994 13 0
15.3723 9.79832 -0.0283729 13.9882 -0.0316488 1.10078 -0.000570901 0.076881 14 0
16.4908 9.76374 -0.0309048 14.0371 -0.0337239 0.610948 -0.0259396 0.077885 15 0
17.6131 9.72601 -0.0336028 14.0592 -0.0362994 0.276709 -0.0321938 0.079286 16 0
18.7371 9.68496 -0.0365067 14.0771 -0.0373442 0.223279 -0.0130591 0.076462 17 0
19.8624 9.64049 -0.0394942 14.1255 -0.0372453 0.605571 0.00123563 0.073552 18 0
20.9914 9.59251 -0.0424739 14.1537 -0.0368176 0.351906 0.00534612 0.075165 19 0
22.1225 9.5411 -0.0454193 14.16 -0.0372696 0.0790238 -0.0056494 0.073922 20 0
23.254 9.48629 -0.0484008 14.1581 -0.0383789 -0.0238538 -0.0138666 0.078333 21 0
24.3852 9.42802 -0.0514712 14.1545 -0.0392856 -0.0450134 -0.0113334 0.071793 22 0
25.5158 9.36621 -0.054614 14.1365 -0.0396827 -0.225079 -0.00496362 0.079634 23 0
26.6449 9.30089 -0.0577886 14.1709 -0.0390478 0.429785 0.00793529 0.072071 24 0
27.7764 9.23188 -0.0609124 14.1507 -0.0385187 -0.252473 0.0066143 0.076863 25 0
28.9062 9.15948 -0.0639939 14.1469 -0.0390597 -0.0466943 -0.00676201 0.079692 26 0
30.0354 9.08358 -0.0671187 14.1672 -0.040504 0.252974 -0.0180538 0.076172 27 0
31.1659 9.0039 -0.070359 14.2152 -0.0419185 0.600421 -0.0176822 0.073878 28 0
32.3001 8.92015 -0.0737125 14.2582 -0.0433123 0.537729 -0.0174225 0.12805 29 0
33.4373 8.83221 -0.0771775 14.2571 -0.0415664 -0.0138879 0.0218245 0.222878 30 0
34.5742 8.74049 -0.0805028 14.0806 -0.035742 -2.20675 0.0728043 0.21416 31 0
35.6967 8.64669 -0.0833622 14.1259 -0.0363744 0.566018 -0.00790432 0.226784 32 0
36.8226 8.54932 -0.0862721 14.0542 -0.033748 -0.895631 0.0328291 0.24516 33 0
37.9425 8.44942 -0.088972 14.043 -0.0319875 -0.140405 0.0220068 0.272929 34 0
39.0612 8.34673 -0.091531 13.8653 -0.0269292 -2.22132 0.0632292 0.245416 35 0
40.1656 8.24296 -0.0936853 13.9239 -0.0277712 0.73235 -0.0105252 0.238305 36 0
41.2744 8.1363 -0.095907 13.882 -0.025809 -0.523555 0.0245275 0.235129 37 0
42.3796 8.02767 -0.0979717 13.8397 -0.023685 -0.528872 0.0265493 0.267767 38 0
43.4813 7.91728 -0.0998665 13.5197 -0.0128348 -4 0.135628 0.303889 39 0
44.5573 7.80834 -0.100893 13.6169 -0.0165876 1.21603 -0.0469101 0.126739 40 0
45.641 7.69718 -0.10222 13.6757 -0.0186531 0.734925 -0.0258188 0.173245 41 0
46.7292 7.58392 -0.103713 13.5434 -0.0163047 -1.65386 0.0293544 0.218002 42 0
47.8067 7.47034 -0.105017 13.41 -0.0145214 -1.66751 0.0222918 0.259576 43 0
48.8735 7.35665 -0.106179 13.2412 -0.0125358 -2.11015 0.0248202 0.255341 44 0
49.9267 7.24333 -0.107181 13.08 -0.00947113 -2.0153 0.0383081 0.269327 45 0
50.967 7.1306 -0.107939 13.21 -0.013349 1.62452 -0.0484734 0.24571 46 0
52.0175 7.01563 -0.109007 13.3239 -0.0165762 1.42493 -0.0403405 0.126317 47 0
53.0769 6.89826 -0.110333 13.4472 -0.0196637 1.54029 -0.0385934 0.074352 48 0
54.146 6.77813 -0.111906 13.5557 -0.0224848 1.35655 -0.0352632 0.141158 49 0
55.2234 6.65509 -0.113705 13.6559 -0.0250516 1.25223 -0.0320854 0.173228 50 0
56.3086 6.52896 -0.115709 13.7487 -0.0273134 1.16075 -0.028272 0.173665 51 0
57.4009 6.39959 -0.117894 13.8351 -0.0292036 1.07991 -0.0236279 0.206592 52 0
58.4997 6.26684 -0.120231 13.9052 -0.0310605 0.876403 -0.0232118 0.207826 53 0
59.6037 6.13067 -0.122715 13.9781 -0.0325624 0.910854 -0.0187732 0.20822 54 0
60.7132 5.99089 -0.12532 14.0453 -0.033771 0.840402 -0.0151077 0.206806 55 0
61.8276 5.84744 -0.128022 14.1082 -0.0347436 0.785613 -0.0121572 0.238448 56 0
62.9467 5.70023 -0.130802 14.1671 -0.0355119 0.736868 -0.00960468 0.239217 57 0
64.0699 5.54921 -0.133643 14.2218 -0.0360281 0.68332 -0.0064516 0.238342 58 0
65.1971 5.39436 -0.136525 14.2733 -0.0362598 0.643301 -0.00289716 0.242703 59 0
66.3279 5.23568 -0.139426 14.325 -0.0363042 0.647163 -0.000554603 0.239701 60 0
67.4623 5.07312 -0.14233 14.3691 -0.0361577 0.550795 0.00183117 0.23851 61 0
68.5997 4.90676 -0.145222 14.4101 -0.0358405 0.512588 0.00396483 0.271567 62 0
69.7399 4.73667 -0.14809 14.4477 -0.0354166 0.469339 0.00529932 0.268508 63 0
70.8826 4.56289 -0.150923 14.485 -0.0347196 0.466299 0.00871182 0.275833 64 0
72.0277 4.38548 -0.153701 14.5172 -0.0339685 0.403035 0.00938964 0.273938 65 0
73.1749 4.20456 -0.156418 14.5479 -0.0331325 0.38414 0.0104501 0.28861 66 0
74.3241 4.02021 -0.159069 14.5567 -0.0326873 0.110161 0.00556516 0.31379 67 0
75.4734 3.83275 -0.161684 14.5289 -0.0314881 -0.347829 0.0149894 0.311379 68 0
76.6201 3.64275 -0.164203 14.5056 -0.0301934 -0.291348 0.0161841 0.292829 69 0
77.7645 3.45029 -0.166618 14.4928 -0.028802 -0.159824 0.0173918 0.291413 70 0
78.9074 3.25536 -0.168922 14.4879 -0.0274125 -0.061512 0.0173688 0.289146 71 0
80.0495 3.058 -0.171115 14.4878 -0.0259649 -0.00196695 0.0180952 0.28448 72 0
81.1912 2.85827 -0.173193 14.5001 -0.0245598 0.154686 0.0175642 0.280542 73 0
82.3334 2.65612 -0.175157 14.511 -0.023009 0.136518 0.0193843 0.290464 74 0
83.4762 2.45172 -0.176998 14.524 -0.021453 0.162137 0.0194499 0.285112 75 0
84.6196 2.24517 -0.178714 14.544 -0.0198053 0.249863 0.0205968 0.295844 76 0
85.7643 2.03653 -0.180299 14.5637 -0.0181833 0.246334 0.0202753 0.288063 77 0
86.9102 1.82593 -0.181753 14.5896 -0.0164836 0.324023 0.0212452 0.282587 78 0
88.0578 1.61345 -0.183072 14.5512 -0.0128483 -0.48027 0.0454424 0.293425 79 0
89.2022 1.40034 -0.1841 14.4021 -0.00938066 -1.86435 0.043345 0.253688 80 0
90.3348 1.18858 -0.18485 14.2856 -0.00694671 -1.45558 0.0304244 0.295829 81 0
91.458 0.977897 -0.185406 14.1012 -0.00377756 -2.30472 0.0396143 0.285508 82 0
92.5667 0.769602 -0.185708 14.0297 -0.0027297 -0.893724 0.0130983 0.334154 83 0
93.6698 0.562121 -0.185927 14.0431 -0.00228153 0.167 0.00560205 0.379662 84 0
94.7738 0.354242 -0.186109 14.0576 -0.00155491 0.181282 0.00908271 0.343424 85 0
95.879 0.146011 -0.186234 14.0587 -0.00101831 0.0133157 0.00670759 0.368571 86 0
96.9842 -0.0623263 -0.186315 14.063 -0.000408278 0.0539184 0.00762536 0.372078 87 0
98.0898 -0.270764 -0.186348 14.096 0.000287225 0.412071 0.00869378 0.344409 88 0
99.1979 -0.479664 -0.186325 14.1298 0.000964813 0.422788 0.00846986 0.407224 89 0
100.309 -0.68898 -0.186248 14.1651 0.00166379 0.442028 0.00873721 0.408392 90 0
101.422 -0.898671 -0.186115 14.2057 0.00249813 0.506485 0.0104293 0.37668 91 0
102.539 -1.10874 -0.185915 14.2514 0.00344763 0.571966 0.0118686 0.399332 92 0
103.66 -1.31918 -0.185639 14.3044 0.0044623 0.6621 0.0126834 0.311878 93 0
104.785 -1.52999 -0.185282 14.3514 0.00553524 0.58732 0.0134117 0.313951 94 0
105.913 -1.741 -0.184839 14.3951 0.00667397 0.546551 0.0142342 0.367526 95 0
107.045 -1.95205 -0.184305 14.437 0.00786608 0.523794 0.0149013 0.326513 96 0
108.181 -2.163 -0.183676 14.4763 0.00911917 0.491917 0.0156637 0.310981 97 0
109.32 -2.37369 -0.182946 14.5123 0.0104007 0.449348 0.016019 0.315058 98 0
110.461 -2.58395 -0.182114 14.5471 0.0116969 0.434744 0.0162025 0.302253 99 0
111.606 -2.79365 -0.181178 14.5768 0.0130846 0.370991 0.0173458 0.302759 100 0
112.753 -3.00257 -0.180132 14.6046 0.0144833 0.347567 0.017484 0.308159 101 0
113.903 -3.21057 -0.178973 14.6318 0.0159459 0.340879 0.0182831 0.312018 102 0
115.055 -3.41748 -0.177697 14.6573 0.0174295 0.318563 0.0185444 0.309226 103 0
116.21 -3.62314 -0.176303 14.681 0.0189293 0.296462 0.0187482 0.309625 104 0
117.366 -3.82738 -0.174789 14.7043 0.0204758 0.291169 0.0193312 0.303687 105 0
118.525 -4.03005 -0.173151 14.7128 0.0219797 0.105476 0.0187986 0.459701 106 0
119.685 -4.23079 -0.171392 14.7141 0.0234804 0.0171065 0.0187579 0.482052 107 0
120.845 -4.42938 -0.169514 14.6855 0.0247893 -0.357735 0.0163618 0.525521 108 0
122.003 -4.62528 -0.167531 14.6325 0.026111 -0.662136 0.0165212 0.536909 109 0
123.158 -4.81807 -0.165442 14.471 0.0268927 -2.01874 0.00977169 0.383642 110 0
124.3 -5.00627 -0.16329 14.3419 0.0279025 -1.61432 0.0126224 0.378231 111 0
125.433 -5.19026 -0.161058 14.1938 0.0287607 -1.85064 0.0107267 0.376611 112 0
126.554 -5.36977 -0.158757 14.1002 0.0299182 -1.17055 0.0144691 0.387402 113 0
127.668 -5.54544 -0.156364 14.0389 0.0312241 -0.765812 0.0163244 0.386499 114 0
128.778 -5.71756 -0.153866 13.9754 0.0324343 -0.794292 0.0151272 0.403832 115 0
129.883 -5.88604 -0.151271 13.9419 0.033724 -0.419021 0.0161215 0.395594 116 0
130.986 -6.05115 -0.148573 13.9278 0.0349317 -0.17556 0.0150965 0.367152 117 0
132.089 -6.213 -0.145779 13.8581 0.0356142 -0.871849 0.00853054 0.379779 118 0
133.186 -6.37092 -0.14293 13.8562 0.0369489 -0.023365 0.0166844 0.381253 119 0
134.284 -6.52558 -0.139974 13.8557 0.0381546 -0.00580549 0.0150706 0.381158 120 0
135.382 -6.67687 -0.136921 13.8545 0.0393571 -0.0160933 0.0150312 0.381343 121 0
136.48 -6.8247 -0.133773 13.8522 0.0405374 -0.028038 0.0147543 0.385394 122 0
137.579 -6.96894 -0.13053 13.8512 0.0415693 -0.0125766 0.0128978 0.373418 123 0
138.678 -7.10952 -0.127204 13.8484 0.0424853 -0.0347018 0.0114506 0.373333 124 0
139.778 -7.24633 -0.123805 13.844 0.0432857 -0.0556588 0.010005 0.375349 125 0
140.877 -7.37929 -0.120343 13.5971 0.0430626 -3.08543 -0.00278926 0.3817 126 0
141.957 -7.50615 -0.116898 13.6062 0.0436176 0.112844 0.00693798 0.380132 127 0
143.039 -7.62933 -0.113408 13.6154 0.044052 0.115538 0.00542961 0.379959 128 0
144.122 -7.74878 -0.109884 13.6221 0.0442209 0.083375 0.00211187 0.376798 129 0
145.205 -7.86446 -0.106346 13.6288 0.0443436 0.084424 0.00153305 0.372237 130 0
146.29 -7.97634 -0.102799 13.6327 0.0444254 0.0479937 0.00102343 0.369884 131 0
147.375 -8.0844 -0.0992448 13.6188 0.0443066 -0.173986 -0.00148481 0.377648 132 0
148.46 -8.18851 -0.0957002 13.6209 0.0441027 0.0267386 -0.00254931 0.381407 133 0
149.545 -8.2888 -0.092172 13.6221 0.0437973 0.01508 -0.0038181 0.382183 134 0
150.63 -8.3853 -0.0886682 13.6215 0.0434257 -0.00758171 -0.00464483 0.375886 135 0
151.716 -8.47803 -0.0851942 13.6193 0.0430046 -0.0274062 -0.00526393 0.377617 136 0
152.802 -8.56701 -0.0817538 13.615 0.0423611 -0.0540972 -0.00804355 0.393023 137 0
153.888 -8.65227 -0.0783649 13.6094 0.0416807 -0.0696421 -0.00850502 0.400187 138 0
154.973 -8.73389 -0.0750305 13.2994 0.116052 -3.87561 0.929642 0.924375 139 0
156.035 -8.80379 -0.0657463 13.3936 0.117291 1.17857 0.015492 0.128366 140 0
157.105 -8.86415 -0.056363 13.4733 0.118664 0.995481 0.0171609 0.10742 141 0
158.181 -8.91465 -0.0468699 13.5198 0.121621 0.58161 0.0369553 0.07498 142 0
159.262 -8.95481 -0.0371402 13.5873 0.122908 0.843787 0.0160949 0.105993 143 0
160.349 -8.98449 -0.0273076 13.6031 0.122914 0.197518 7.7486e-05 0.14302 144 0
161.437 -9.0035 -0.0174744 13.6839 0.122132 1.01024 -0.00977814 0.143806 145 0
162.532 -9.01194 -0.00770383 13.7596 0.121238 0.94552 -0.0111731 0.143062 146 0
163.632 -9.00974 0.00199524 13.8172 0.120795 0.720334 -0.00553885 0.143628 147 0
164.738 -8.99685 0.0116589 13.8567 0.121088 0.494003 0.00366308 0.142841 148 0
165.846 -8.97319 0.0213459 13.8739 0.1224 0.215304 0.0163996 0.144701 149 0
166.955 -8.93864 0.0311379 13.8906 0.123341 0.208318 0.0117557 0.177589 150 0
168.066 -8.89308 0.0410052 13.9236 0.122936 0.41219 -0.00506081 0.209005 151 0
169.178 -8.83648 0.0508401 13.9411 0.122827 0.218439 -0.00135545 0.176741 152 0
170.291 -8.76886 0.0606663 13.9787 0.12115 0.470102 -0.0209626 0.17819 153 0
171.407 -8.69024 0.0703583 13.996 0.120217 0.217021 -0.0116697 0.177285 154 0
172.523 -8.60079 0.0799756 14.0138 0.118876 0.22192 -0.0167577 0.238173 155 0
173.64 -8.5006 0.0894857 14.0407 0.116913 0.336707 -0.0245341 0.239089 156 0
174.757 -8.38976 0.0988388 14.065 0.114644 0.303054 -0.0283635 0.26941 157 0
175.876 -8.26846 0.10801 14.0883 0.112075 0.291502 -0.0321215 0.268443 158 0
176.995 -8.13692 0.116976 14.1031 0.109346 0.185168 -0.0341071 0.238894 159 0
178.115 -7.99545 0.125724 14.1186 0.106034 0.193536 -0.0413969 0.239141 160 0
179.234 -7.84432 0.134207 14.1368 0.102502 0.227642 -0.0441549 0.2377 161 0
180.354 -7.68381 0.142407 14.1518 0.0987678 0.187957 -0.0466773 0.20885 162 0
181.473 -7.51428 0.150308 14.1876 0.0940844 0.446999 -0.058543 0.208371 163 0
182.594 -7.33588 0.157835 14.2051 0.0896266 0.218737 -0.0557222 0.208818 164 0
183.715 -7.14921 0.165005 14.2286 0.0843765 0.294006 -0.0656261 0.13954 165 0
184.836 -6.95467 0.171755 14.2534 0.0783633 0.30942 -0.0751648 0.177838 166 0
185.959 -6.75274 0.178024 14.2793 0.0722129 0.32407 -0.0768794 0.17884 167 0
187.082 -6.54396 0.183801 14.3079 0.0664072 0.358081 -0.0725716 0.17868 168 0
188.206 -6.32878 0.189114 14.3493 0.0600707 0.517666 -0.079207 0.177312 169 0
189.332 -6.10756 0.19392 14.3835 0.0533573 0.427055 -0.0839165 0.176552 170 0
190.46 -5.881 0.198188 14.4171 0.0467934 0.419903 -0.0820487 0.178356 171 0
191.59 -5.64968 0.201932 14.454 0.0401511 0.460851 -0.0830288 0.177892 172 0
192.722 -5.41413 0.205144 14.4898 0.0338457 0.447631 -0.0788176 0.178452 173 0
193.857 -5.17492 0.207852 14.5304 0.0275283 0.507212 -0.0789681 0.180611 174 0
194.994 -4.93254 0.210054 14.5712 0.0214775 0.51086 -0.0756353 0.17765 175 0
196.133 -4.68752 0.211772 14.6125 0.015653 0.515652 -0.0728058 0.177292 176 0
197.276 -4.44037 0.213024 14.659 0.0106386 0.581646 -0.0626803 0.142498 177 0
198.422 -4.19146 0.213875 14.6996 0.00581163 0.50714 -0.0603367 0.10756 178 0
199.571 -3.94133 0.21434 14.7404 0.00114914 0.509965 -0.0582811 0.108397 179 0
200.723 -3.6904 0.214432 14.7806 -0.00302793 0.502634 -0.0522134 0.108739 180 0
201.879 -3.43906 0.21419 14.8158 -0.00706566 0.440156 -0.0504716 0.108221 181 0
203.037 -3.18778 0.213625 14.8565 -0.0110996 0.509262 -0.0504239 0.107314 182 0
204.199 -2.93684 0.212737 14.8944 -0.0146713 0.473368 -0.0446465 0.107902 183 0
205.364 -2.68663 0.211563 14.9291 -0.0179658 0.433648 -0.0411817 0.107071 184 0
206.532 -2.43752 0.210126 14.9608 -0.0209294 0.396276 -0.0370445 0.107967 185 0
207.703 -2.18983 0.208451 14.9895 -0.0236042 0.358641 -0.0334347 0.108743 186 0
208.876 -1.94389 0.206563 15.0153 -0.0259929 0.322282 -0.029859 0.106971 187 0
210.052 -1.69996 0.204484 15.0383 -0.0281022 0.287557 -0.0263669 0.108191 188 0
211.231 -1.45832 0.202235 15.0587 -0.0299416 0.254869 -0.0229925 0.107248 189 0
212.412 -1.21917 0.19984 15.0766 -0.0315229 0.224328 -0.019766 0.108874 190 0
213.594 -0.98272 0.197318 15.0923 -0.0328599 0.195837 -0.0167127 0.107172 191 0
214.779 -0.749137 0.194689 15.1058 -0.0339684 0.169146 -0.0138556 0.072938 192 0
215.965 -0.518568 0.191972 15.1173 -0.0348661 0.143659 -0.0112213 0.073174 193 0
217.153 -0.291135 0.189183 15.1268 -0.0355749 0.11847 -0.00885967 0.073894 194 0
218.342 -0.0669439 0.186337 15.1335 -0.0361532 0.0834346 -0.00722897 0.072676 195 0
219.533 0.153905 0.183444 15.14 -0.0364993 0.0810981 -0.00432627 0.073044 196 0
220.724 0.37137 0.180525 15.1448 -0.0367021 0.0603795 -0.00253501 0.0728 197 0
221.917 0.585404 0.177588 15.1342 -0.0365392 -0.131762 0.00203606 0.072607 198 0
223.109 0.795804 0.174665 15.1247 -0.0363926 -0.119483 0.00183219 0.073252 199 0
224.301 1.0026 0.171754 15.1146 -0.0346415 -0.125778 0.0218886 0.275593 200 0
225.493 1.20596 0.168983 15.1067 -0.0331646 -0.0985622 0.0184617 0.307998 201 0
226.685 1.40605 0.166329 15.0949 -0.031987 -0.148368 0.0147196 0.297719 202 0
227.876 1.60293 0.16377 15.0392 -0.031174 -0.695944 0.0101622 0.363259 203 0
229.064 1.79613 0.161276 14.9755 -0.0307124 -0.796735 0.00577064 0.327874 204 0
230.247 1.9856 0.158819 14.9238 -0.0303192 -0.64621 0.00491515 0.305544 205 0
231.426 2.17156 0.156394 14.882 -0.0299712 -0.521898 0.00434923 0.290789 206 0
232.603 2.35418 0.153996 14.8321 -0.0295403 -0.624323 0.00538721 0.317792 207 0
233.776 2.53341 0.151633 14.7774 -0.0289385 -0.683653 0.00752257 0.35182 208 0
234.945 2.70928 0.149318 14.7808 -0.0280952 0.0432968 0.0105408 0.38955 209 0
236.114 2.88256 0.14707 14.7956 -0.0272319 0.184596 0.0107911 0.331644 210 0
237.286 3.05346 0.144892 14.8061 -0.0263827 0.131798 0.0106155 0.343599 211 0
238.458 3.22201 0.142781 14.8194 -0.0255376 0.165784 0.0105637 0.353989 212 0
239.632 3.38831 0.140738 14.8315 -0.0247307 0.151026 0.0100864 0.362489 213 0
240.807 3.55243 0.13876 14.8409 -0.0240184 0.117493 0.00890309 0.363314 214 0
241.983 3.71438 0.136838 14.8499 -0.023403 0.112689 0.00769254 0.361065 215 0
243.16 3.87424 0.134966 14.8595 -0.0228799 0.119579 0.00653928 0.366058 216 0
244.339 4.03203 0.133136 14.8604 -0.0224083 0.0110149 0.00589518 0.316432 217 0
245.517 4.18773 0.131343 14.8677 -0.0220491 0.0918865 0.00448928 0.317801 218 0
246.697 4.34142 0.129579 14.8757 -0.0217655 0.0993848 0.00354571 0.326263 219 0
247.877 4.49314 0.127838 14.8843 -0.0215221 0.107813 0.00304189 0.319325 220 0
249.058 4.64292 0.126116 14.8909 -0.0213448 0.083375 0.00221685 0.312632 221 0
250.24 4.79074 0.124408 14.8996 -0.0212048 0.107872 0.00174996 0.336735 222 0
251.423 4.93664 0.122712 14.9033 -0.021091 0.046587 0.00142152 0.313267 223 0
252.607 5.08058 0.121025 14.9092 -0.0210154 0.0733972 0.000945968 0.34439 224 0
253.791 5.22259 0.119344 14.9163 -0.0209748 0.0890613 0.000507454 0.328977 225 0
254.976 5.36268 0.117666 14.9198 -0.0209434 0.0442505 0.000392669 0.334217 226 0
256.162 5.50081 0.11599 14.9259 -0.0209484 0.0752091 -6.27013e-05 0.542722 227 0
257.348 5.63701 0.114314 14.9297 -0.0209715 0.048399 -0.000288803 0.329578 228 0
258.535 5.77126 0.112636 14.9344 -0.021013 0.0578403 -0.000519259 0.365033 229 0
259.722 5.90355 0.110955 14.9373 -0.0210658 0.0371814 -0.000659795 0.380721 230 0
260.91 6.03387 0.10927 14.9419 -0.0211547 0.0570893 -0.00111123 0.333311 231 0
262.099 6.16221 0.107578 14.9463 -0.021253 0.0548124 -0.00122879 0.351521 232 0
263.288 6.28857 0.105878 14.9489 -0.0213573 0.0332475 -0.00130329 0.367531 233 0
264.477 6.41293 0.104169 14.9518 -0.0214678 0.0359535 -0.00138122 0.376483 234 0
265.667 6.53526 0.102452 14.9535 -0.0215847 0.0216126 -0.0014618 0.377131 235 0
266.857 6.65555 0.100725 14.9564 -0.0217102 0.0355244 -0.00156912 0.485477 236 0
268.048 6.7738 0.098988 14.9599 -0.0218415 0.0441074 -0.0016409 0.459538 237 0
269.239 6.88999 0.0972406 14.9625 -0.0219741 0.0326633 -0.00165796 0.448661 238 0
270.43 7.00411 0.0954827 14.9677 -0.0221188 0.0646114 -0.00180851 0.361515 239 0
271.623 7.11616 0.0937132 14.9695 -0.0222459 0.0221729 -0.00158874 0.417414 240 0
272.815 7.2261 0.0919335 14.9717 -0.0223821 0.0274539 -0.00170162 0.690301 241 0
274.008 7.33392 0.090143 14.972 -0.0225236 0.00448227 -0.00176989 0.756747 242 0
275.201 7.4396 0.0883411 14.9738 -0.0226604 0.0224471 -0.00170998 0.598342 243 0
276.394 7.54312 0.0865282 14.9747 -0.0227879 0.0108242 -0.00159335 0.762447 244 0
277.588 7.64447 0.0847052 14.9758 -0.0229208 0.0142813 -0.00166164 0.703188 245 0
278.782 7.74365 0.0828715 14.8572 -0.0235783 -1.48301 -0.00821855 0.36879 246 0
279.967 7.8398 0.0809853 14.793 -0.0241071 -0.802052 -0.00660929 0.411624 247 0
281.147 7.93326 0.0790567 14.7493 -0.0241235 -0.546837 -0.00020517 0.653466 248 0
282.323 8.02417 0.0771268 14.7054 -0.0240576 -0.548685 0.000822917 0.703551 249 0
283.496 8.11256 0.0752022 14.7026 -0.024122 -0.0351191 -0.000804709 0.73207 250 0
284.669 8.19867 0.0732725 14.6836 -0.0241026 -0.237751 0.000242889 0.672734 251 0
285.841 8.2824 0.0713442 14.6559 -0.0241339 -0.345278 -0.000391784 0.917495 252 0
287.01 8.36372 0.0694135 14.6273 -0.0241588 -0.358248 -0.000311271 0.726497 253 0
288.178 8.44263 0.0674808 14.5878 -0.024126 -0.493336 0.000410457 0.861105 254 0
289.343 8.51907 0.0655507 14.5443 -0.0240968 -0.544059 0.00036445 0.84083 255 0
290.504 8.59305 0.063623 14.5148 -0.0241101 -0.368452 -0.000165985 0.854732 256 0
291.663 8.66464 0.0616942 14.4691 -0.024046 -0.571382 0.000801659 0.739874 257 0
292.818 8.73379 0.0597705 14.4143 -0.0239414 -0.685143 0.00130741 0.868939 258 0
293.969 8.80047 0.0578552 14.3594 -0.0238019 -0.686169 0.00174316 0.558346 259 0
295.116 8.86471 0.055951 14.3213 -0.0242404 -0.476289 -0.00548016 0.50696 260 0
296.26 8.92656 0.0540118 14.2867 -0.0247694 -0.432515 -0.00661251 0.407899 261 0
297.402 8.986 0.0520303 14.2484 -0.0251079 -0.478292 -0.00423163 0.415013 262 0
298.54 9.04299 0.0500216 14.207 -0.0252506 -0.517905 -0.00178334 0.406946 263 0
299.675 9.09753 0.0480016 14.1679 -0.0253189 -0.488424 -0.000853976 0.421144 264 0
300.808 9.14962 0.0459761 14.1283 -0.025357 -0.495279 -0.000476488 0.374817 265 0
301.937 9.19928 0.0439475 14.1096 -0.025515 -0.233102 -0.00197531 0.345704 266 0
303.065 9.24657 0.0419063 14.1158 -0.0256511 0.077498 -0.00170155 0.325792 267 0
304.193 9.29156 0.0398542 14.1463 -0.0257247 0.381172 -0.000919099 0.323477 268 0
305.324 9.33432 0.0377963 14.1997 -0.0255717 0.666904 0.00191159 0.294577 269 0
306.459 9.37493 0.0357505 14.2581 -0.0253259 0.730586 0.00307274 0.297826 270 0
307.599 9.41339 0.0337244 14.3236 -0.0249284 0.818717 0.00496872 0.286768 271 0
308.744 9.44974 0.0317302 14.387 -0.0242908 0.791538 0.00797026 0.281274 272 0
309.895 9.48402 0.0297869 14.4424 -0.0234796 0.693297 0.0101405 0.274281 273 0
311.05 9.51626 0.0279085 14.5016 -0.0226655 0.739121 0.0101757 0.279301 274 0
312.21 9.54653 0.0260953 14.5585 -0.0217659 0.711274 0.011245 0.277031 275 0
313.374 9.57489 0.024354 14.611 -0.020594 0.656796 0.0146487 0.279199 276 0
314.542 9.60143 0.0227065 14.6624 -0.0193338 0.643039 0.0157528 0.282407 277 0
315.715 9.62625 0.0211598 14.7082 -0.0179979 0.571549 0.0166988 0.288434 278 0
316.892 9.64945 0.01972 14.746 -0.016723 0.472796 0.0159356 0.290115 279 0
318.071 9.67114 0.0183821 14.7737 -0.0155096 0.346553 0.0151675 0.282355 280 0
319.253 9.69139 0.0171413 14.7694 -0.0154197 -0.0540853 0.00112463 0.291917 281 0
320.434 9.71019 0.0159078 14.7948 -0.0137125 0.317025 0.0213391 0.285699 282 0
321.618 9.72772 0.0148108 14.8043 -0.0122791 0.11909 0.0179182 0.31507 283 0
322.802 9.7441 0.0138284 14.7922 -0.0109963 -0.15099 0.0160348 0.331363 284 0
323.985 9.75942 0.0129487 14.7681 -0.00979765 -0.301468 0.0149831 0.340015 285 0
325.167 9.77379 0.0121649 14.7215 -0.00893749 -0.58223 0.010752 0.376627 286 0
326.344 9.78728 0.0114499 14.625 -0.00812326 -1.20602 0.0101779 0.401425 287 0
327.514 9.79991 0.0108001 14.5203 -0.00748785 -1.30868 0.0079426 0.419214 288 0
328.676 9.81176 0.010201 14.4 -0.00695604 -1.50412 0.00664758 0.414857 289 0
329.828 9.82287 0.00964456 14.2351 -0.00660563 -2.06114 0.00438015 0.377515 290 0
330.966 9.83325 0.00911611 14.0853 -0.00652673 -1.87272 0.00098634 0.454985 291 0
332.093 9.84294 0.00859397 13.9611 -0.0059516 -1.55181 0.00718912 0.444386 292 0
333.21 9.852 0.00811784 13.7521 -0.00609777 -2.61343 -0.00182713 0.4426 293 0
334.31 9.8604 0.00763002 13.6205 -0.00608032 -1.64455 0.000218098 0.45149 294 0
335.4 9.86818 0.00714359 13.4787 -0.00565697 -1.77256 0.00529189 0.451629 295 0
336.478 9.8754 0.00669104 13.341 -0.00566065 -1.72145 -4.60946e-05 0.422381 296 0
337.545 9.88205 0.00623818 13.1886 -0.00518995 -1.90521 0.00588376 0.448472 297 0
338.6 9.8882 0.00582299 13.0932 -0.00474431 -1.1916 0.00557055 0.431762 298 0
339.648 9.8939 0.00544344 12.9567 -0.00426174 -1.70612 0.00603218 0.408196 299 0
340.684 9.89919 0.0051025 12.6367 -0.00436568 -4.00001 -0.00129925 0.372237 300 0
341.695 9.90399 0.00475325 12.468 -0.00432315 -2.10902 0.000531523 0.429169 301 0
342.693 9.90839 0.0044074 12.3813 -0.00377688 -1.08376 0.00682846 0.421411 302 0
343.683 9.91246 0.00410525 12.1645 -0.0037259 -2.71003 0.00063715 0.387526 303 0
344.656 9.91616 0.00380718 12.109 -0.00316708 -0.69375 0.00698527 0.440951 304 0
345.625 9.9196 0.00355381 11.789 -0.00443124 -4.00001 -0.015802 0.343456 305 0
346.568 9.92262 0.00319931 11.7491 -0.00377979 -0.498486 0.00814314 0.459831 306 0
347.508 9.92534 0.00289693 11.7458 -0.00301803 -0.0418544 0.00952205 0.413838 307 0
348.448 9.92784 0.00265548 11.4536 -0.00298461 -3.65206 0.000417765 0.375157 308 0
349.364 9.93005 0.00241672 11.1582 -0.00312005 -3.6929 -0.00169307 0.403389 309 0
350.257 9.93199 0.00216711 10.9769 -0.00313203 -2.26684 -0.000149733 0.407258 310 0
351.135 9.93367 0.00191655 10.9632 -0.00266611 -0.170732 0.00582397 0.423197 311 0
352.012 9.93516 0.00170326 10.9803 -0.00203965 0.214267 0.00783074 0.407759 312 0
352.89 9.93652 0.00154009 10.6603 -0.00277991 -4 -0.00925322 0.353541 313 0
353.743 9.93764 0.00131769 10.6183 -0.00248612 -0.525951 0.00367242 0.45983 314 0
354.593 9.93859 0.0011188 10.6173 -0.00213286 -0.0124693 0.00441575 0.436794 315 0
355.442 9.9394 0.000948176 10.6685 -0.00142099 0.640941 0.00889839 0.463462 316 0
356.296 9.94011 0.000834497 10.3485 -0.00262884 -4 -0.0150982 0.389894 317 0
357.123 9.94063 0.000624189 10.4226 -0.0017645 0.926363 0.0108043 0.477403 318 0
357.957 9.94103 0.000483029 10.4391 -0.00122157 0.205541 0.00678659 0.42568 319 0
358.792 9.94135 0.000385304 10.4043 -0.000672653 -0.435102 0.00686145 0.417816 320 0
359.625 9.94163 0.000331492 10.0843 -0.00244174 -4 -0.0221135 0.382192 321 0
360.431 9.94174 0.000136153 10.2187 -0.00106328 1.6796 0.0172307 0.475695 322 0
361.249 9.94178 5.10904e-05 9.94826 -0.00149193 -3.37983 -0.0053581 0.34938 323 0
362.045 9.94172 -6.82637e-05 10.0388 -0.00053792 1.13198 0.0119251 0.460387 324 0
362.848 9.94163 -0.000111297 10.0766 -2.78718e-05 0.472057 0.00637561 0.420478 325 0
363.654 9.94154 -0.000113527 9.7668 -0.00055437 -3.87236 -0.00658122 0.393328 326 0
364.435 9.94142 -0.000157877 9.80599 -0.000322344 0.489867 0.00290032 0.444827 327 0
365.22 9.94128 -0.000183664 9.75661 -0.000246876 -0.617266 0.000943352 0.416719 328 0
366 9.94112 -0.000203414 9.43891 -0.000976867 -3.97115 -0.00912488 0.406882 329 0
366.755 9.9409 -0.000281564 9.52887 -0.000568807 1.12449 0.00510074 0.452596 330 0
367.518 9.94065 -0.000327068 9.53014 -0.000395233 0.0158906 0.00216968 0.421726 331 0
368.28 9.94038 -0.000358687 9.21014 -0.00189337 -4 -0.0187267 0.403719 332 0
369.017 9.94001 -0.000510156 9.39112 -0.000490018 2.26215 0.0175419 0.473903 333 0
369.768 9.93959 -0.000549358 9.0727 -0.00145834 -3.98016 -0.012104 0.383346 334 0
370.494 9.93911 -0.000666025 9.25879 -0.000281114 2.32605 0.0147153 0.468596 335 0
371.235 9.9386 -0.000688514 8.93879 -0.00145803 -4 -0.0147115 0.391642 336 0
371.95 9.93802 -0.000805156 9.15891 -0.000254288 2.75152 0.0150468 0.468143 337 0
372.683 9.93742 -0.000825499 8.90543 -0.00105769 -3.1685 -0.0100426 0.394996 338 0
373.395 9.93677 -0.000910115 9.11111 0.000280365 2.57106 0.0167257 0.458827 339 0
374.124 9.93612 -0.000887686 9.00459 -0.000107273 -1.33151 -0.00484547 0.388256 340 0
374.844 9.93548 -0.000896267 8.78445 -0.000999173 -2.75178 -0.0111488 0.42375 341 0
375.547 9.93479 -0.000976201 9.03297 0.000184475 3.1065 0.0147956 0.453526 342 0
376.27 9.9341 -0.000961443 9.21068 0.000820723 2.22132 0.00795309 0.411267 343 0
377.007 9.93344 -0.000895786 8.89068 -0.00292694 -4 -0.0468458 0.376491 344 0
377.718 9.93263 -0.00112994 9.14342 1.31743e-06 3.15924 0.0366033 0.457066 345 0
378.449 9.93181 -0.00112984 9.16488 0.000259582 0.268352 0.00322831 0.395049 346 0
379.182 9.93099 -0.00110907 9.33867 0.00110115 2.17226 0.0105196 0.487405 347 0
379.93 9.93023 -0.00102098 9.01867 -0.00286026 -4 -0.0495177 0.374206 348 0
380.651 9.92933 -0.0012498 9.26415 0.000534753 3.06852 0.0424377 0.460157 349 0
381.392 9.92843 -0.00120702 9.16236 0.000323698 -1.27233 -0.00263819 0.383804 350 0
382.125 9.92757 -0.00118112 8.96746 -0.000243335 -2.43621 -0.00708791 0.408785 351 0
382.843 9.92671 -0.00120059 9.1434 0.000955885 2.19924 0.0149903 0.442099 352 0
383.574 9.92589 -0.00112412 9.21177 0.00147776 0.854611 0.00652349 0.426318 353 0
384.311 9.92514 -0.0010059 9.03574 0.00104891 -2.20034 -0.00536068 0.392721 354 0
385.034 9.92448 -0.000921984 9.14828 0.00167267 1.40665 0.00779703 0.424204 355 0
385.766 9.9239 -0.00078817 8.82828 -0.00136251 -4 -0.0379398 0.384013 356 0
386.472 9.92327 -0.000897171 9.01921 -0.00154159 2.38671 -0.00223852 0.447579 357 0
387.194 9.92253 -0.0010205 8.95652 0.000481206 -0.78361 0.025285 0.412365 358 0
387.91 9.92183 -0.000982002 8.90605 0.00062164 -0.630915 0.00175543 0.395404 359 0
388.623 9.92116 -0.000932271 8.81417 0.000553525 -1.1485 -0.000851437 0.412469 360 0
389.328 9.92054 -0.000887989 8.92188 0.0014963 1.3464 0.0117847 0.41334 361 0
390.041 9.91999 -0.000768285 8.60188 -0.00432332 -4 -0.0727453 0.380288 362 0
390.73 9.91922 -0.00111415 8.89661 -3.60591e-05 3.68408 0.0535908 0.447537 363 0
391.441 9.91843 -0.00111704 9.01693 0.00123427 1.50405 0.0158791 0.354879 364 0
392.163 9.91769 -0.00101829 8.9562 0.00150056 -0.759208 0.00332864 0.397457 365 0
392.879 9.91705 -0.000898249 8.89021 0.00173699 -0.824833 0.00295532 0.402775 366 0
393.59 9.91651 -0.000759289 8.90737 0.00223198 0.214469 0.00618739 0.410888 367 0
394.303 9.91609 -0.000580731 8.58737 0.000576454 -4 -0.0206941 0.395046 368 0
394.99 9.91573 -0.000534615 8.26737 -0.0025752 -4 -0.0393957 0.395807 369 0
395.651 9.91524 -0.000740631 8.57654 2.04276e-05 3.86461 0.0324454 0.460446 370 0
396.337 9.91473 -0.000738997 8.38598 -0.000146085 -2.38196 -0.00208141 0.338978 371 0
397.008 9.91423 -0.000750684 8.61136 0.00180552 2.81727 0.024395 0.43947 372 0
397.697 9.91381 -0.000606242 8.62152 0.00225878 0.126934 0.00566586 0.390481 373 0
398.387 9.91352 -0.000425539 8.80809 0.00353364 2.33221 0.0159357 0.430453 374 0
399.092 9.91341 -0.000142848 8.4881 -0.00304303 -4 -0.0822083 0.410215 375 0
399.771 9.91315 -0.00038629 8.78627 -0.00132567 3.7272 0.021467 0.447882 376 0
400.474 9.91281 -0.000492344 8.9936 0.000895818 2.59166 0.0277686 0.356493 377 0
401.193 9.9125 -0.000420678 8.6736 -0.0032792 -4 -0.0521878 0.358804 378 0
401.887 9.91203 -0.000683015 8.9608 -0.00170547 3.58998 0.0196717 0.444121 379 0
402.604 9.91144 -0.000819452 9.1864 -0.000262467 2.81998 0.0180375 0.356234 380 0
403.339 9.91082 -0.000840449 9.15348 0.00156269 -0.411487 0.0228145 0.384689 381 0
404.071 9.9103 -0.000715434 8.83348 -0.00363894 -4 -0.0650204 0.375182 382 0
404.778 9.90959 -0.00100655 9.10219 -0.00170824 3.35891 0.0241338 0.431862 383 0
405.506 9.90876 -0.00114321 9.33722 -0.00116531 2.93779 0.00678657 0.365166 384 0
406.253 9.90783 -0.00123643 9.52344 -0.000492586 2.32782 0.00840905 0.384331 385 0
407.015 9.90686 -0.00127584 9.71702 -0.000104057 2.41971 0.00485661 0.386377 386 0
407.792 9.90586 -0.00128416 9.84345 0.000544314 1.58036 0.00810463 0.38576 387 0
408.58 9.90489 -0.00124062 9.66695 0.00259845 -2.20618 0.0256767 0.374617 388 0
409.353 9.90409 -0.00103274 9.4702 0.00384928 -2.45943 0.0156354 0.390283 389 0
410.111 9.90354 -0.000724801 9.62464 0.00348111 1.93055 -0.00460215 0.444012 390 0
410.88 9.9032 -0.000446312 9.30464 -0.00651395 -4 -0.124938 0.376893 391 0
411.625 9.90248 -0.000967428 9.53511 -0.00263282 2.88086 0.0485142 0.380185 392 0
412.388 9.90158 -0.00117805 9.7433 -0.00262449 2.60234 0.000104064 0.34189 393 0
413.167 9.90049 -0.00138801 9.9293 -0.0043332 2.32503 -0.0213588 0.330019 394 0
413.961 9.89912 -0.00173467 10.11 -0.000917325 2.2593 0.0426985 0.362538 395 0
414.77 9.89765 -0.00180806 10.2771 -0.000206816 2.08819 0.00888136 0.350539 396 0
415.592 9.89615 -0.0018246 10.4235 0.00226414 1.82981 0.0308869 0.351225 397 0
416.426 9.89478 -0.00164347 10.133 0.00237525 -3.63048 0.00138883 0.355333 398 0
417.237 9.89361 -0.00145345 9.81305 0.000529127 -4 -0.0230765 0.390065 399 0
418.022 9.8925 -0.00141112 9.8394 0.00148222 0.329363 0.0119137 0.428236 400 0
418.809 9.89148 -0.00129254 9.85685 0.00252307 0.218153 0.0130106 0.408058 401 0
419.598 9.89062 -0.0010907 9.53685 -0.0042631 -4 -0.0848272 0.444333 402 0
420.361 9.88953 -0.00143174 9.7985 -0.0017746 3.27063 0.0311063 0.419023 403 0
421.145 9.88829 -0.00157371 10.0313 -0.000100287 2.90954 0.0209289 0.39436 404 0
421.947 9.88702 -0.00158174 10.2285 0.00146859 2.4659 0.0196109 0.418843 405 0
422.765 9.88583 -0.00146425 10.1428 0.00232523 -1.07138 0.010708 0.374355 406 0
423.577 9.88479 -0.00127823 9.82283 0.00156449 -4 -0.00950923 0.383216 407 0
424.363 9.88388 -0.00115307 9.75428 0.0027278 -0.856817 0.0145414 0.409464 408 0
425.143 9.88315 -0.000934847 9.43428 -0.00440483 -4 -0.0891579 0.385269 409 0
425.898 9.88218 -0.00128723 9.66392 0.000561336 2.87044 0.0620771 0.378315 410 0
426.671 9.88122 -0.00124233 9.66399 0.003265 0.000858307 0.0337958 0.341043 411 0
427.444 9.88046 -0.000981126 9.34399 -0.00578744 -4 -0.113156 0.375744 412 0
428.191 9.87938 -0.00144412 9.57566 -0.000656871 2.89594 0.0641321 0.361335 413 0
428.957 9.87824 -0.00149667 9.7836 0.00132004 2.5992 0.0247114 0.358801 414 0
429.74 9.87715 -0.00139107 9.8358 0.000377889 0.652587 -0.0117769 0.395083 415 0
430.527 9.87608 -0.00136084 9.95259 0.00302562 1.45987 0.0330966 0.419142 416 0
431.323 9.87519 -0.00111879 9.7488 0.00392245 -2.54748 0.0112104 0.370307 417 0
432.103 9.87456 -0.000804992 9.60352 0.00596362 -1.81596 0.0255147 0.41499 418 0
432.871 9.87431 -0.000327902 9.72298 0.00629224 1.49323 0.00410765 0.485529 419 0
433.649 9.87444 0.000175477 9.93508 0.00680882 2.65126 0.0064573 0.444061 420 0
434.444 9.87502 0.000720183 10.1342 0.00848443 2.48951 0.0209451 0.499944 421 0
435.255 9.87615 0.00139894 9.81424 0.00650307 -4 -0.024767 0.469957 422 0
436.04 9.87766 0.00191918 9.6622 0.00718875 -1.90047 0.00857099 0.61422 423 0
436.813 9.87959 0.00249428 9.89834 0.00749582 2.95177 0.00383842 0.756463 424 0
437.605 9.88204 0.00309395 9.57834 -0.000512648 -4 -0.100106 0.430465 425 0
438.371 9.88437 0.00305294 9.25834 -0.00467906 -4 -0.0520801 0.406286 426 0
439.112 9.88636 0.00267861 9.40533 -0.00198821 1.83729 0.0336355 0.424647 427 0
439.864 9.88825 0.00251955 9.08533 -0.00243811 -4 -0.00562376 0.365622 428 0
440.591 9.88994 0.00232451 8.86015 -0.00167971 -2.8147 0.00948006 0.404021 429 0
441.3 9.8915 0.00219013 8.8324 -8.35926e-05 -0.346875 0.0199515 0.403558 430 0
442.006 9.89304 0.00218344 8.5124 -0.003028 -4 -0.0368052 0.390436 431 0
442.687 9.89436 0.0019412 8.43249 -0.00317844 -0.998926 -0.00188047 0.421397 432 0
443.362 9.8955 0.00168693 8.57928 -0.00109587 1.83489 0.0260321 0.440536 433 0
444.048 9.8966 0.00159926 8.25928 -0.00485988 -4 -0.0470501 0.410152 434 0
444.709 9.8974 0.00121047 8.54638 -0.00446582 3.58877 0.00492571 0.429402 435 0
445.393 9.89798 0.000853199 8.83465 -0.00292931 3.60342 0.0192064 0.384998 436 0
446.099 9.89842 0.000618854 8.99471 -0.000269097 2.0007 0.0332527 0.346413 437 0
446.819 9.89885 0.000597326 8.73137 0.000457429 -3.29177 0.00908158 0.368616 438 0
447.518 9.89929 0.000633921 8.41137 -0.00406531 -4 -0.0565343 0.423884 439 0
448.19 9.8995 0.000308695 8.67844 -0.00437834 3.33843 -0.00391286 0.408147 440 0
448.885 9.89947 -4.15719e-05 8.94465 -0.00360392 3.32762 0.00968029 0.381743 441 0
449.6 9.89923 -0.000329885 9.20809 -0.00193137 3.29303 0.0209069 0.380449 442 0
450.337 9.89888 -0.000484395 9.42072 -0.00268734 2.6578 -0.00944958 0.343606 443 0
451.091 9.89835 -0.000699382 9.61454 -0.00567277 2.42271 -0.0373179 0.330812 444 0
451.86 9.89746 -0.0011532 9.77554 -0.00741847 2.01261 -0.0218213 0.306693 445 0
452.642 9.8961 -0.00174668 9.94729 -0.00650856 2.14688 0.0113739 0.331854 446 0
453.438 9.89429 -0.00226737 10.1126 -0.00504485 2.06627 0.0182964 0.295208 447 0
454.247 9.89213 -0.00267095 10.2492 -0.00509361 1.70712 -0.000609504 0.294235 448 0
455.067 9.88961 -0.00307844 10.3672 -0.00634358 1.47511 -0.0156247 0.338589 449 0
455.896 9.88663 -0.00358593 10.4837 -0.00709862 1.45718 -0.00943791 0.284996 450 0
456.735 9.88315 -0.00415382 10.5981 -0.00709465 1.42977 4.95929e-05 0.271433 451 0
457.582 9.87915 -0.00472139 10.7102 -0.00590791 1.40145 0.0148342 0.269719 452 0
458.439 9.87469 -0.00519402 10.7959 -0.00692224 1.07017 -0.012679 0.23879 453 0
459.303 9.86973 -0.0057478 10.8604 -0.00997027 0.807071 -0.0381004 0.235258 454 0
460.172 9.86404 -0.00654542 10.9174 -0.0141053 0.712085 -0.0516881 0.226143 455 0
461.045 9.85734 -0.00767385 10.986 -0.0137004 0.857449 0.0050609 0.220357 456 0
461.924 9.84963 -0.00876989 11.0579 -0.0115083 0.898361 0.0274015 0.219042 457 0
462.809 9.84106 -0.00969055 11.1325 -0.00826736 0.932848 0.040512 0.214958 458 0
463.699 9.83184 -0.0103519 11.164 -0.00826901 0.393689 -2.06288e-05 0.218176 459 0
464.592 9.82201 -0.0110135 11.1916 -0.00967399 0.34523 -0.0175623 0.223513 460 0
465.487 9.81145 -0.0117874 11.2075 -0.0122733 0.19834 -0.0324918 0.250906 461 0
466.384 9.8 -0.0127692 11.2297 -0.0127911 0.277376 -0.00647183 0.222154 462 0
467.282 9.78761 -0.0137925 11.2535 -0.0117991 0.298619 0.0123997 0.223567 463 0
468.182 9.77435 -0.0147365 11.2904 -0.00965696 0.46128 0.0267769 0.219868 464 0
469.086 9.76034 -0.015509 11.3027 -0.00969633 0.152862 -0.000492123 0.22202 465 0
469.99 9.74562 -0.0162847 11.3048 -0.0111723 0.0263453 -0.0184492 0.252481 466 0
470.894 9.73008 -0.0171785 11.3197 -0.0112091 0.186229 -0.000460865 0.257466 467 0
471.799 9.71371 -0.0180752 11.3347 -0.0107681 0.187171 0.00551338 0.257636 468 0
472.706 9.69654 -0.0189367 11.3353 -0.0123445 0.0082612 -0.0197058 0.253605 469 0
473.613 9.67848 -0.0199242 11.3251 -0.0164887 -0.127792 -0.0518019 0.253408 470 0
474.518 9.65923 -0.0212433 11.3201 -0.0185372 -0.0618219 -0.025607 0.258105 471 0
475.424 9.63865 -0.0227263 11.3189 -0.0184084 -0.0149727 0.00161002 0.257261 472 0
476.329 9.61674 -0.024199 11.3045 -0.0196419 -0.180531 -0.015418 0.256884 473 0
477.233 9.59344 -0.0257703 11.3019 -0.0190276 -0.0330329 0.00767792 0.259875 474 0
478.137 9.56876 -0.0272926 11.2546 -0.0196984 -0.590789 -0.00838453 0.259576 475 0
479.037 9.54278 -0.0288684 11.2305 -0.0209671 -0.300658 -0.0158593 0.263478 476 0
479.935 9.51534 -0.0305458 11.2089 -0.0187602 -0.271165 0.0275864 0.26092 477 0
480.831 9.4866 -0.0320466 11.1999 -0.0150806 -0.111651 0.0459949 0.259185 478 0
481.727 9.45682 -0.0332531 11.1992 -0.01036 -0.00953674 0.0590076 0.258304 479 0
482.622 9.42629 -0.0340819 11.1782 -0.00968747 -0.262046 0.00840707 0.258071 480 0
483.516 9.39512 -0.0348569 11.123 -0.00992812 -0.68965 -0.00300802 0.275405 481 0
484.405 9.3634 -0.0356511 11.0798 -0.0117177 -0.540733 -0.0223698 0.263578 482 0
485.291 9.33098 -0.0365885 11.0317 -0.0102603 -0.601172 0.0182178 0.262962 483 0
486.173 9.29797 -0.0374094 10.9912 -0.00734736 -0.506234 0.0364115 0.260159 484 0
487.051 9.26457 -0.0379972 10.9577 -0.00336656 -0.418234 0.0497599 0.260165 485 0
487.927 9.23103 -0.0382665 10.9214 -0.00254495 -0.453901 0.0102701 0.264191 486 0
488.8 9.19743 -0.0384701 10.8727 -0.00339019 -0.609219 -0.0105655 0.265416 487 0
489.67 9.16374 -0.0387413 10.8078 -0.00472905 -0.810301 -0.0167357 0.266597 488 0
490.534 9.12993 -0.0391196 10.7512 -0.00410557 -0.70833 0.00779345 0.269368 489 0
491.393 9.09601 -0.0394481 10.6871 -0.00201791 -0.800836 0.0260958 0.266475 490 0
492.247 9.06215 -0.0396095 10.6308 0.00120485 -0.704455 0.0402845 0.264677 491 0
493.097 9.02855 -0.0395131 10.559 0.00199719 -0.896621 0.00990425 0.30194 492 0
493.941 8.99532 -0.0393533 10.4894 0.00128296 -0.869775 -0.00892791 0.308377 493 0
494.78 8.96239 -0.0392507 10.4043 -0.000336243 -1.06452 -0.02024 0.323944 494 0
495.611 8.92971 -0.0392776 10.3205 -0.000261345 -1.04709 0.00093622 0.309246 495 0
496.436 8.89727 -0.0392985 10.2442 0.0012102 -0.954199 0.0183943 0.305817 496 0
497.255 8.86515 -0.0392017 10.1592 0.000899408 -1.06277 -0.0038849 0.319131 497 0
498.067 8.83336 -0.0391297 10.0683 -0.000553723 -1.13622 -0.0181641 0.353048 498 0
498.872 8.80181 -0.039174 9.98517 -0.000542502 -1.0386 0.000140264 0.32927 499 0
499.67 8.77049 -0.0392174 9.91392 0.000745151 -0.890648 0.0160957 0.316398 500 0
500.463 8.73944 -0.0391578 9.83805 0.000174874 -0.948286 -0.00712846 0.355109 501 0
501.249 8.70864 -0.0391438 9.78772 -0.00214155 -0.629187 -0.0289553 0.389812 502 0
502.032 8.67787 -0.0393151 9.70766 -0.00684517 -1.00075 -0.0587952 0.451606 503 0
502.808 8.64692 -0.0398628 9.63429 -0.0101834 -0.917113 -0.0417275 0.358465 504 0
503.578 8.61557 -0.0406774 9.56431 -0.0113627 -0.874734 -0.0147412 0.333604 505 0
504.342 8.58376 -0.0415864 9.50005 -0.0133145 -0.803316 -0.0243974 0.386103 506 0
505.102 8.55136 -0.0426516 9.43619 -0.0126847 -0.798178 0.00787193 0.442387 507 0
505.856 8.5184 -0.0436664 9.38371 -0.0119847 -0.655973 0.0087504 0.441491 508 0
506.606 8.48492 -0.0446252 9.31662 -0.0116143 -0.838697 0.00463006 0.429656 509 0
507.35 8.45097 -0.0455543 9.28204 -0.0106217 -0.432253 0.012407 0.407145 510 0
508.092 8.41653 -0.046404 9.25261 -0.00950894 -0.367892 0.0139096 0.35873 511 0
508.831 8.38163 -0.0471647 9.2349 -0.00853545 -0.221324 0.0121685 0.368382 512 0
509.569 8.34629 -0.0478476 9.2378 -0.00970445 0.0362754 -0.0146124 0.394326 513 0
510.308 8.31037 -0.0486239 9.24093 -0.0108772 0.039041 -0.0146593 0.449878 514 0
511.046 8.2738 -0.0494941 9.25637 -0.00863849 0.193024 0.0279838 0.388561 515 0
511.786 8.23665 -0.0501852 9.268 -0.00717068 0.145435 0.0183476 0.430661 516 0
512.526 8.19903 -0.0507588 9.26751 -0.00549533 -0.0061512 0.0209419 0.40601 517 0
513.266 8.16109 -0.0511985 9.24745 -0.00169259 -0.250697 0.0475343 0.396921 518 0
514.005 8.12313 -0.0513339 9.20524 0.00919525 -0.527692 0.136098 0.323275 519 0
514.741 8.08589 -0.0505983 9.18739 0.0196064 -0.223076 0.130139 0.310304 520 0
515.475 8.04986 -0.0490297 9.15788 0.0287142 -0.368917 0.113847 0.305589 521 0
516.207 8.01564 -0.0467326 9.16473 0.0389889 0.0855684 0.128435 0.303896 522 0
516.939 7.98367 -0.0436135 9.17144 0.0463961 0.0838995 0.09259 0.302797 523 0
517.672 7.9544 -0.0399018 9.17495 0.0489439 0.043869 0.0318466 0.308412 524 0
518.406 7.928 -0.0359863 9.19403 0.0480663 0.238585 -0.010969 0.338064 525 0
519.141 7.90436 -0.032141 9.21691 0.0446418 0.285935 -0.0428071 0.391414 526 0
519.878 7.8833 -0.0285697 9.23701 0.0396593 0.251293 -0.0622808 0.476078 527 0
520.617 7.86453 -0.0253969 9.28242 0.033797 0.567555 -0.0732787 0.507127 528 0
521.359 7.84768 -0.0226931 9.26161 0.0315342 -0.260019 -0.028285 0.392091 529 0
522.1 7.83274 -0.0201704 9.28468 0.0322161 0.288343 0.00852426 0.325886 530 0
522.843 7.81967 -0.0175931 9.33229 0.0341978 0.595057 0.0247708 0.316278 531 0
523.589 7.80858 -0.0148573 9.38826 0.0358203 0.699604 0.0202806 0.314214 532 0
524.34 7.79957 -0.0119917 9.38259 0.0361374 -0.0708342 0.00396445 0.305972 533 0
525.091 7.79274 -0.00910068 9.33941 0.0351507 -0.539696 -0.0123333 0.302078 534 0
525.838 7.78804 -0.00628862 9.26634 0.0344656 -0.913358 -0.00856388 0.304527 535 0
526.579 7.78542 -0.00353137 9.19318 0.0334645 -0.914586 -0.0125147 0.304858 536 0
527.315 7.7848 -0.000854213 9.11939 0.0329658 -0.922346 -0.00623278 0.308895 537 0
528.044 7.7861 0.00178305 9.07848 0.029223 -0.511336 -0.0467849 0.308833 538 0
528.77 7.78909 0.0041209 9.07385 0.0221546 -0.0578761 -0.0883562 0.32262 539 0
529.496 7.79337 0.00589326 9.07911 0.0133855 0.0656724 -0.109613 0.326781 540 0
530.223 7.79843 0.0069641 9.11356 0.00436283 0.430703 -0.112784 0.373644 541 0
530.952 7.80376 0.00731313 9.1442 -0.00326264 0.383008 -0.0953184 0.417318 542 0
531.683 7.80892 0.00705212 9.14863 -0.00633916 0.0553727 -0.0384564 0.42243 543 0
532.415 7.81371 0.00654499 9.13078 -0.00881999 -0.223207 -0.0310104 0.444116 544 0
533.146 7.81797 0.00583939 9.12309 -0.00764306 -0.0960827 0.0147117 0.341175 545 0
533.875 7.82179 0.00522794 9.13829 -0.0036871 0.19002 0.0494495 0.317909 546 0
534.606 7.82539 0.00493297 9.17133 0.00132256 0.413013 0.0626208 0.310328 547 0
535.34 7.82909 0.00503878 9.19096 0.00560601 0.245297 0.0535431 0.309271 548 0
536.075 7.83313 0.00548726 9.18007 0.00729634 -0.136101 0.0211291 0.302192 549 0
536.81 7.83758 0.00607097 9.15442 0.00786425 -0.320613 0.00709894 0.304141 550 0
537.542 7.84249 0.00670011 9.15872 0.0046061 0.0537276 -0.040727 0.310484 551 0
538.275 7.84767 0.00706859 9.18555 -0.00121299 0.335455 -0.0727386 0.330981 552 0
539.01 7.85279 0.00697155 9.2133 -0.00136929 0.346851 -0.00195381 0.309322 553 0
539.747 7.85785 0.00686201 9.25605 -0.00399341 0.534344 -0.0328014 0.314829 554 0
540.487 7.8627 0.00654254 9.3091 -0.00265144 0.663161 0.0167745 0.315132 555 0
541.232 7.86741 0.00633042 9.34264 -0.00256929 0.419235 0.00102697 0.311571 556 0
541.979 7.87199 0.00612488 9.35313 -0.00293103 0.131154 -0.00452176 0.321888 557 0
542.727 7.87639 0.0058904 9.3764 -0.000752864 0.290775 0.027227 0.308842 558 0
543.478 7.88077 0.00583017 9.36779 0.00299424 -0.107539 0.0468388 0.308318 559 0
544.227 7.88532 0.00606971 9.38275 0.00160068 0.187027 -0.0174194 0.307315 560 0
544.978 7.88997 0.00619776 9.43021 -0.00199449 0.593257 -0.0449397 0.313302 561 0
545.732 7.89452 0.0060382 9.48813 -0.00502685 0.723922 -0.0379045 0.320789 562 0
546.491 7.8988 0.00563606 9.49787 -0.00635995 0.121796 -0.0166638 0.340513 563 0
547.251 7.9027 0.00512726 9.47513 -0.00745314 -0.284255 -0.0136648 0.355479 564 0
548.009 7.90613 0.00453101 9.48456 -0.00507458 0.117815 0.0297319 0.318253 565 0
548.768 7.90926 0.00412504 9.53254 -0.0015181 0.59979 0.0444561 0.308624 566 0
549.53 7.91232 0.00400359 9.58383 0.00170642 0.641119 0.0403065 0.305439 567 0
550.297 7.91549 0.00414011 9.59309 0.00271009 0.115705 0.0125458 0.302993 568 0
551.064 7.91883 0.00435691 9.56107 0.00388184 -0.40015 0.0146469 0.302199 569 0
551.829 7.9224 0.00466746 9.48996 0.00528761 -0.888932 0.0175721 0.30275 570 0
552.588 7.92627 0.00509047 9.46105 0.00293361 -0.361431 -0.029425 0.307071 571 0
553.345 7.9303 0.00532516 9.47716 -0.00190524 0.20144 -0.0604856 0.319954 572 0
554.103 7.93422 0.00517274 9.51965 -0.00598143 0.531101 -0.0509525 0.333084 573 0
554.865 7.9378 0.00469423 9.50932 -0.00891457 -0.129163 -0.0366643 0.440868 574 0
555.626 7.94082 0.00398106 9.53442 -0.00774322 0.313759 0.0146419 0.334794 575 0
556.388 7.94339 0.0033616 9.61767 -0.00470585 1.04069 0.0379671 0.315958 576 0
557.158 7.94569 0.00298513 9.68898 -0.00326252 0.891423 0.0180417 0.312806 577 0
557.933 7.9478 0.00272413 9.73713 -0.00292041 0.60184 0.00427639 0.310449 578 0
558.712 7.94974 0.0024905 9.62457 -0.00314994 -1.40703 -0.00286914 0.308861 579 0
559.482 7.95146 0.0022385 9.58267 -0.00192913 -0.523806 0.0152601 0.307556 580 0
560.249 7.95306 0.00208417 9.64914 0.00131191 0.830936 0.040513 0.308337 581 0
561.02 7.95475 0.00218913 9.67444 0.00407918 0.316203 0.0345909 0.300991 582 0
561.794 7.95669 0.00251546 9.62721 0.00630704 -0.590336 0.0278483 0.305296 583 0
562.565 7.95902 0.00302002 9.63823 0.00481372 0.137806 -0.0186666 0.304406 584 0
563.336 7.96165 0.00340512 9.72549 0.000959301 1.09074 -0.0481802 0.309999 585 0
564.114 7.96436 0.00348187 9.80898 -0.000981341 1.04357 -0.024258 0.305831 586 0
564.898 7.96703 0.00340336 9.87222 -0.00145482 0.790501 -0.00591846 0.305554 587 0
565.688 7.96962 0.00328697 9.98992 -0.00357212 1.47125 -0.0264663 0.30717 588 0
566.487 7.97202 0.0030012 10.0854 -0.00373296 1.19396 -0.0020105 0.31117 589 0
567.294 7.9742 0.00270257 10.1591 -0.00321052 0.920975 0.0065305 0.305574 590 0
568.107 7.97619 0.00244573 10.2096 -0.00249234 0.631285 0.0089773 0.304978 591 0
568.924 7.97802 0.00224634 10.3165 -0.00354819 1.33622 -0.0131981 0.308326 592 0
569.749 7.97964 0.00196248 10.4472 -0.0045824 1.63372 -0.0129277 0.350637 593 0
570.585 7.98098 0.00159589 10.5663 -0.00444808 1.48811 0.00167903 0.320918 594 0
571.43 7.98203 0.00124004 10.6558 -0.00441507 1.11923 0.000412558 0.33759 595 0
572.283 7.98278 0.000886839 10.7083 -0.0044094 0.656044 7.08969e-05 0.308225 596 0
573.139 7.98324 0.000534086 10.7249 -0.00448743 0.207174 -0.000975339 0.315854 597 0
573.997 7.98339 0.000175092 10.633 -0.00513839 -1.14874 -0.00813705 0.316968 598 0
574.848 7.98319 -0.000235979 10.5581 -0.00534208 -0.935876 -0.00254609 0.325879 599 0
575.692 7.98263 -0.000663346 10.4437 -0.00577943 -1.43033 -0.00546683 0.363317 600 0
576.528 7.98169 -0.0011257 10.2894 -0.00656607 -1.92772 -0.00983298 0.371937 601 0
577.351 7.98033 -0.00165099 10.2225 -0.00447313 -0.837004 0.0261618 0.339734 602 0
578.169 7.97869 -0.00200884 10.308 -0.000745188 1.06881 0.0465992 0.310651 603 0
578.994 7.97698 -0.00206845 10.4157 0.000999421 1.34611 0.0218076 0.309457 604 0
579.827 7.97532 -0.0019885 10.5243 0.00149874 1.35717 0.00624145 0.310939 605 0
580.669 7.97375 -0.0018686 10.63 0.00135442 1.32238 -0.00180395 0.32042 606 0
581.519 7.97225 -0.00176024 10.7164 0.000940644 1.07893 -0.00517222 0.282573 607 0
582.376 7.97081 -0.00168499 10.7866 0.000477651 0.878239 -0.00578741 0.292704 608 0
583.239 7.96939 -0.00164678 10.4666 -0.00568249 -4 -0.0770017 0.361421 609 0
584.077 7.96763 -0.00210138 10.3321 -0.00450916 -1.68167 0.0146666 0.36087 610 0
584.903 7.96559 -0.00246211 10.1707 -0.00432232 -2.01677 0.00233542 0.366338 611 0
585.717 7.96331 -0.0028079 9.97642 -0.00494301 -2.429 -0.00775856 0.361489 612 0
586.515 7.96075 -0.00320334 9.75139 -0.00624887 -2.81283 -0.0163232 0.376947 613 0
587.295 7.95786 -0.00370325 9.50913 -0.00810437 -3.0283 -0.0231938 0.420643 614 0
588.056 7.95455 -0.0043516 9.26379 -0.0103969 -3.06667 -0.028656 0.425483 615 0
588.797 7.95071 -0.00518335 9.02892 -0.013097 -2.9359 -0.033752 0.394353 616 0
589.519 7.94621 -0.00623111 8.81655 -0.0163877 -2.65464 -0.0411336 0.425923 617 0
590.225 7.94089 -0.00754212 8.64097 -0.0215782 -2.19479 -0.0648811 0.485607 618 0
590.916 7.93448 -0.00926838 8.52479 -0.0260854 -1.45226 -0.0563395 0.483612 619 0
591.598 7.92674 -0.0113552 8.4407 -0.0271795 -1.05109 -0.0136771 0.438046 620 0
592.273 7.9176 -0.0135296 8.39333 -0.0282863 -0.59216 -0.0138348 0.403219 621 0
592.944 7.907 -0.0157925 8.38619 -0.0314698 -0.089252 -0.0397939 0.440973 622 0
593.615 7.89472 -0.0183101 8.37669 -0.0316534 -0.118756 -0.00229431 0.419442 623 0
594.285 7.88075 -0.0208423 8.06431 -0.0162788 -3.90469 0.192183 0.323594 624 0
594.93 7.86647 -0.0221446 8.14797 -0.0212009 1.04566 -0.0615272 0.364431 625 0
595.582 7.85093 -0.0238407 7.85657 -0.0138003 -3.64245 0.0925085 0.316379 626 0
596.21 7.83525 -0.0249447 8.05302 -0.0151854 2.45562 -0.0173142 0.389413 627 0
596.854 7.8184 -0.0261596 7.88673 -0.0256365 -2.07866 -0.130639 0.431838 628 0
597.485 7.8006 -0.0282105 8.17257 -0.0387591 3.57298 -0.164033 0.35254 629 0
598.138 7.78013 -0.0313112 8.48411 -0.0492706 3.89429 -0.131393 0.211794 630 0
598.817 7.75621 -0.0352529 8.6633 -0.0542008 2.23994 -0.0616279 0.307899 631 0
599.509 7.72878 -0.0395889 8.87231 -0.0570824 2.61263 -0.0360203 0.11835 632 0
600.218 7.69745 -0.0441555 9.08301 -0.0601371 2.63367 -0.0381838 0.115788 633 0
600.944 7.66188 -0.0489665 9.26887 -0.0635593 2.32322 -0.0427773 0.115849 634 0
601.684 7.62182 -0.0540512 9.47127 -0.0652723 2.53004 -0.0214125 0.114187 635 0
602.441 7.57694 -0.059273 9.64431 -0.0674098 2.16306 -0.0267185 0.111748 636 0
603.211 7.52708 -0.0646658 9.81077 -0.0693387 2.08071 -0.0241114 0.112149 637 0
603.994 7.47202 -0.0702129 9.98507 -0.0702258 2.17869 -0.0110889 0.109489 638 0
604.79 7.4115 -0.075831 10.1582 -0.0709499 2.16401 -0.0090519 0.172797 639 0
605.6 7.34534 -0.0815069 10.2535 -0.0618183 1.19133 0.114146 0.296744 640 0
606.417 7.27451 -0.0864524 10.4307 -0.0582095 2.2151 0.0451094 0.276467 641 0
607.248 7.19859 -0.0911092 10.5568 -0.0570619 1.57653 0.0143453 0.280111 642 0
608.089 7.11791 -0.0956741 10.2368 -0.035629 -4 0.267911 0.287151 643 0
608.904 7.03736 -0.0985244 10.4295 -0.0357369 2.40783 -0.00134883 0.194851 644 0
609.734 6.95291 -0.101383 10.6089 -0.0360153 2.24305 -0.00347919 0.107791 645 0
610.578 6.86458 -0.104265 10.7566 -0.0365537 1.84685 -0.00673044 0.203578 646 0
611.434 6.77252 -0.107189 10.9327 -0.0325723 2.20054 0.0497678 0.184713 647 0
612.303 6.67668 -0.109795 11.0889 -0.0294044 1.95221 0.0395979 0.185271 648 0
613.185 6.5774 -0.112147 11.233 -0.0265183 1.80123 0.0360762 0.181578 649 0
614.077 6.47494 -0.114269 11.3601 -0.0241278 1.58957 0.0298812 0.176955 650 0
614.98 6.36958 -0.116199 11.4854 -0.0213088 1.56579 0.0352377 0.177333 651 0
615.893 6.26149 -0.117903 11.598 -0.0194039 1.40721 0.0238111 0.144918 652 0
616.814 6.15092 -0.119456 11.7052 -0.0170845 1.34094 0.0289926 0.147278 653 0
617.743 6.03806 -0.120823 11.8132 -0.0157858 1.34974 0.0162347 0.163972 654 0
618.681 5.92297 -0.122085 11.912 -0.0124099 1.23432 0.042198 0.147372 655 0
619.627 5.80597 -0.123078 12.0027 -0.0111038 1.13359 0.0163268 0.131505 656 0
620.58 5.68724 -0.123966 12.098 -0.00846389 1.19169 0.0329987 0.131844 657 0
621.54 5.56692 -0.124644 12.1866 -0.00669687 1.10776 0.0220877 0.122165 658 0
622.508 5.4452 -0.125179 12.2674 -0.00453231 1.00996 0.0270569 0.119164 659 0
623.481 5.32232 -0.125542 12.3482 -0.00162412 1.00956 0.0363524 0.114158 660 0
624.461 5.1985 -0.125672 12.427 0.00258096 0.985682 0.0525635 0.073592 661 0
625.448 5.07409 -0.125465 12.5088 0.00792005 1.02183 0.0667386 0.072441 662 0
626.441 4.9495 -0.124832 12.5623 0.0112708 0.669658 0.0418841 0.072615 663 0
627.438 4.82527 -0.12393 12.6171 0.0141129 0.684118 0.0355262 0.072582 664 0
628.44 4.70163 -0.122801 12.675 0.0169365 0.724614 0.0352955 0.074129 665 0
629.446 4.57878 -0.121446 12.7312 0.0199915 0.701523 0.0381872 0.072489 666 0
630.457 4.45701 -0.119847 12.7959 0.0236683 0.809467 0.0459602 0.073489 667 0
631.474 4.33654 -0.117953 12.8602 0.0275721 0.803697 0.0487974 0.072087 668 0
632.496 4.21773 -0.115748 12.9155 0.0312224 0.690556 0.0456288 0.074144 669 0
633.522 4.10096 -0.11325 12.9556 0.0343785 0.501549 0.0394517 0.072778 670 0
634.553 3.98667 -0.1105 13.0117 0.0373363 0.701058 0.0369727 0.07333 671 0
635.587 3.87497 -0.107513 13.0274 0.0399637 0.196862 0.0328423 0.073475 672 0
636.624 3.76645 -0.104316 13.0442 0.0423454 0.209403 0.0297708 0.072564 673 0
637.662 3.66131 -0.100928 13.0592 0.0442483 0.18748 0.0237858 0.072343 674 0
638.702 3.55973 -0.0973881 13.0593 0.0451908 0.00195503 0.0117817 0.072313 675 0
639.742 3.4619 -0.0937728 13.0705 0.0457106 0.139391 0.00649751 0.072184 676 0
640.784 3.3678 -0.0901159 13.0798 0.0461142 0.116575 0.00504502 0.121126 677 0
641.826 3.27748 -0.0864268 13.0592 0.046634 -0.257015 0.006497 0.143192 678 0
642.867 3.19118 -0.0826961 13.0328 0.046213 -0.330734 -0.00526211 0.186705 679 0
643.907 3.1089 -0.078999 12.9769 0.0449014 -0.698698 -0.0163943 0.245306 680 0
644.942 3.03069 -0.0754069 12.9204 0.0430948 -0.705624 -0.0225832 0.241876 681 0
645.973 2.95637 -0.0719593 12.8733 0.0414787 -0.58943 -0.0202008 0.244942 682 0
647 2.88574 -0.0686411 12.8421 0.0399726 -0.389576 -0.0188268 0.23666 683 0
648.025 2.81855 -0.0654432 12.8047 0.0385234 -0.467908 -0.0181148 0.243643 684 0
649.048 2.75471 -0.0623614 12.77 0.0362797 -0.433064 -0.0280462 0.243051 685 0
650.068 2.694 -0.059459 12.7728 0.0354493 0.034976 -0.01038 0.239594 686 0
651.088 2.63617 -0.0566231 12.7586 0.0340913 -0.177789 -0.0169745 0.244864 687 0
652.107 2.58119 -0.0538957 12.7437 0.0324918 -0.186229 -0.0199941 0.24194 688 0
653.125 2.52892 -0.0512964 12.7013 0.0314499 -0.529742 -0.0130235 0.241856 689 0
654.14 2.47937 -0.0487804 12.6951 0.0290388 -0.0782967 -0.0301393 0.273288 690 0
655.154 2.43221 -0.0464573 12.7241 0.0277647 0.362861 -0.0159264 0.237967 691 0
656.171 2.38719 -0.0442361 12.7475 0.0260062 0.292957 -0.0219809 0.243255 692 0
657.19 2.34421 -0.0421556 12.7951 0.0249816 0.594282 -0.0128075 0.201812 693 0
658.213 2.30312 -0.0401571 12.8334 0.0236616 0.47946 -0.0164996 0.204762 694 0
659.239 2.26384 -0.0382642 12.8747 0.0220095 0.515556 -0.0206523 0.203115 695 0
660.268 2.22625 -0.0365034 12.9258 0.0191576 0.638545 -0.0356484 0.199248 696 0
661.302 2.1901 -0.0349708 13.005 0.0167568 0.990999 -0.0300096 0.181461 697 0
662.342 2.15512 -0.0336303 13.1104 0.014641 1.31691 -0.0264476 0.139765 698 0
663.39 2.12108 -0.032459 13.2228 0.0121482 1.40564 -0.0311599 0.134781 699 0
664.447 2.08778 -0.0314871 13.3366 0.00979498 1.42174 -0.0294154 0.126115 700 0
665.514 2.05502 -0.0307035 13.4321 0.00650009 1.19359 -0.0411862 0.117805 701 0
666.588 2.02259 -0.0301835 13.5045 0.000975529 0.905752 -0.069057 0.071732 702 0
667.668 1.99007 -0.0301055 13.6094 -0.00533646 1.31035 -0.0788999 0.072519 703 0
668.756 1.95684 -0.0305324 13.7331 -0.0102627 1.54645 -0.0615774 0.072444 704 0
669.854 1.9224 -0.0313534 13.8629 -0.0140282 1.6223 -0.0470694 0.072587 705 0
670.962 1.88639 -0.0324757 14.0001 -0.0197661 1.71534 -0.0717237 0.072392 706 0
672.082 1.84825 -0.034057 14.1413 -0.0283275 1.76483 -0.107018 0.0746 707 0
673.212 1.80717 -0.0363232 14.298 -0.0378673 1.95936 -0.119248 0.072124 708 0
674.355 1.76217 -0.0393525 14.483 -0.0462941 2.31227 -0.105335 0.214288 709 0
675.513 1.71229 -0.0430561 14.7524 -0.0528348 3.36785 -0.0817587 0.113764 710 0
676.692 1.65651 -0.0472829 14.4324 -0.137982 -4 -1.06434 0.907782 711 0
677.844 1.58921 -0.0583214 14.7524 -0.119521 4 0.230763 0.407763 712 0
679.022 1.50916 -0.0678831 15.0724 -0.103164 4 0.204462 0.358552 713 0
680.224 1.41744 -0.0761362 15.3924 -0.0896694 4 0.168679 0.351083 714 0
681.451 1.31497 -0.0833097 15.7124 -0.0788169 4 0.135656 0.34386 715 0
682.703 1.20248 -0.0896151 16.0324 -0.0700364 4.00001 0.109756 0.340902 716 0
683.98 1.08054 -0.095218 16.3524 -0.0636812 4 0.0794411 0.335558 717 0
685.282 0.949529 -0.100312 16.6583 -0.059606 3.82323 0.0509399 0.329918 718 0
686.607 0.809749 -0.105081 16.9195 -0.0572733 3.26478 0.0291587 0.284265 719 0
687.952 0.661611 -0.109663 17.1149 -0.0568724 2.44226 0.00501089 0.269627 720 0
689.313 0.505573 -0.114213 17.251 -0.0582408 1.70188 -0.0171054 0.2721 721 0
690.683 0.341906 -0.118872 17.329 -0.0611279 0.974846 -0.0360878 0.28926 722 0
692.059 0.17077 -0.123762 17.3511 -0.0634029 0.276041 -0.028438 0.303609 723 0
693.435 -0.00756917 -0.128834 17.3131 -0.0660605 -0.474644 -0.03322 0.29867 724 0
694.808 -0.192774 -0.134119 17.2217 -0.06802 -1.14284 -0.0244938 0.223787 725 0
696.172 -0.384429 -0.139561 16.9017 -0.0681935 -4 -0.00216914 0.401476 726 0
697.51 -0.579823 -0.145016 16.5817 -0.0587095 -4 0.118551 0.408256 727 0
698.822 -0.777682 -0.149713 16.2745 -0.0510482 -3.83921 0.0957665 0.455352 728 0
700.108 -0.977131 -0.153797 16.0125 -0.0422098 -3.27511 0.110479 0.469801 729 0
701.374 -1.17764 -0.157174 15.8546 -0.0321489 -1.97436 0.125762 0.451722 730 0
702.626 -1.3794 -0.159746 15.7172 -0.0198278 -1.71753 0.154014 0.416666 731 0
703.867 -1.58137 -0.161332 15.5866 -0.00832413 -1.63211 0.143795 0.397254 732 0
705.097 -1.78249 -0.161998 15.4832 0.00255463 -1.29253 0.135984 0.35381 733 0
706.32 -1.98203 -0.161793 15.3965 0.0141919 -1.08434 0.145466 0.369002 734 0
707.536 -2.17906 -0.160658 15.3214 0.0250532 -0.938022 0.135767 0.346926 735 0
708.746 -2.37271 -0.158654 15.2441 0.0339024 -0.967073 0.110614 0.350809 736 0
709.951 -2.56211 -0.155942 15.172 0.0412948 -0.900936 0.092405 0.340662 737 0
711.15 -2.74666 -0.152638 15.0909 0.0488288 -1.01324 0.0941756 0.297172 738 0
712.344 -2.92556 -0.148732 14.991 0.055538 -1.2486 0.083865 0.286725 739 0
713.531 -3.098 -0.144289 14.8898 0.0615438 -1.26561 0.0750721 0.295435 740 0
714.711 -3.26348 -0.139365 14.7949 0.0665406 -1.18672 0.0624596 0.260663 741 0
715.884 -3.42165 -0.134042 14.4749 0.086424 -4 0.248543 0.321263 742 0
717.032 -3.56847 -0.127128 14.4855 0.0857582 0.133717 -0.00832239 0.149424 743 0
718.183 -3.7075 -0.120267 14.5002 0.0848209 0.183666 -0.0117161 0.073831 744 0
719.336 -3.83886 -0.113482 14.518 0.0838251 0.221395 -0.0124481 0.072369 745 0
720.49 -3.96264 -0.106776 14.5303 0.0831833 0.153852 -0.00802185 0.07322 746 0
721.647 -4.07883 -0.100121 14.5293 0.0826705 -0.0118494 -0.00641048 0.072975 747 0
722.804 -4.18736 -0.0935073 14.5274 0.0819774 -0.023818 -0.008664 0.072753 748 0
723.962 -4.28828 -0.0869491 14.526 0.0810082 -0.0178099 -0.0121149 0.073475 749 0
725.12 -4.38169 -0.0804685 14.5259 0.0798267 -0.00114441 -0.0147678 0.073198 750 0
726.279 -4.4677 -0.0740823 14.5255 0.0784708 -0.00522137 -0.0169491 0.074778 751 0
727.439 -4.54643 -0.0678047 14.528 0.0769877 0.031507 -0.0185395 0.072119 752 0
728.599 -4.61803 -0.0616456 14.5359 0.0754264 0.0983357 -0.0195157 0.072437 753 0
729.76 -4.68267 -0.0556115 14.5527 0.0734512 0.210559 -0.0246905 0.072562 754 0
730.922 -4.74055 -0.0497354 14.5751 0.0707736 0.280368 -0.0334696 0.071582 755 0
732.087 -4.79192 -0.0440736 14.5937 0.0680495 0.2321 -0.0340517 0.072606 756 0
733.254 -4.83701 -0.0386296 14.611 0.0654072 0.216377 -0.0330283 0.072485 757 0
734.422 -4.87604 -0.033397 14.6233 0.0628677 0.154114 -0.0317435 0.072496 758 0
735.592 -4.90922 -0.0283676 14.6385 0.0601341 0.189209 -0.0341699 0.072786 759 0
736.762 -4.93681 -0.0235569 14.6506 0.0574964 0.151527 -0.0329718 0.072422 760 0
737.934 -4.95902 -0.0189572 14.6604 0.0551496 0.122285 -0.0293344 0.072137 761 0
739.107 -4.97608 -0.0145452 14.6769 0.0529699 0.206876 -0.027247 0.071675 762 0
740.281 -4.98819 -0.0103076 14.6904 0.0507085 0.168824 -0.0282674 0.073004 763 0
741.456 -4.99553 -0.00625092 14.7286 0.0492423 0.476491 -0.0183275 0.073516 764 0
742.634 -4.99826 -0.00231153 14.7352 0.0480212 0.0823617 -0.0152633 0.072379 765 0
743.813 -4.99645 0.00153016 14.7325 0.0478827 -0.0334859 -0.00173184 0.07288 766 0
744.992 -4.99013 0.00536078 14.7222 0.0482311 -0.128448 0.00435542 0.07321 767 0
746.17 -4.97928 0.00921927 14.6987 0.048823 -0.293696 0.00739894 0.072894 768 0
747.345 -4.96384 0.0131251 14.6706 0.049769 -0.351143 0.0118248 0.073276 769 0
748.519 -4.94377 0.0171066 14.6387 0.0507617 -0.399244 0.0124084 0.072852 770 0
749.69 -4.91898 0.0211676 14.6025 0.0518345 -0.451946 0.0134107 0.072394 771 0
750.858 -4.88941 0.0253143 14.5826 0.052112 -0.249314 0.00346797 0.072268 772 0
752.024 -4.85502 0.0294833 14.5693 0.0520096 -0.165296 -0.0012794 0.072632 773 0
753.188 -4.81581 0.0336441 14.5653 0.0517284 -0.0503302 -0.00351476 0.073355 774 0
754.353 -4.7718 0.0377823 14.5525 0.051202 -0.160825 -0.00658021 0.07282 775 0
755.516 -4.72306 0.0418785 14.547 0.0502445 -0.0679851 -0.0119697 0.072836 776 0
756.679 -4.66966 0.0458981 14.5428 0.0487849 -0.0524521 -0.0182438 0.07225 777 0
757.841 -4.61175 0.0498008 14.5334 0.0468056 -0.117755 -0.0247416 0.0724 778 0
759.002 -4.54952 0.0535453 14.5366 0.0444027 0.0395894 -0.0300364 0.07279 779 0
760.163 -4.48316 0.0570975 14.545 0.0416257 0.105512 -0.0347131 0.073043 780 0
761.324 -4.41289 0.0604276 14.5574 0.0384321 0.155234 -0.0399189 0.072172 781 0
762.486 -4.33898 0.0635021 14.5758 0.0350943 0.230193 -0.0417235 0.073041 782 0
763.65 -4.26172 0.0663097 14.6148 0.0305966 0.487304 -0.0562208 0.072996 783 0
764.816 -4.18139 0.0687574 14.6084 0.0257868 -0.0798821 -0.0601224 0.072497 784 0
765.982 -4.09869 0.0708204 14.6463 0.0202119 0.473297 -0.0696858 0.07219 785 0
767.151 -4.01389 0.0724373 14.677 0.0143546 0.38321 -0.0732172 0.072885 786 0
768.322 -3.92757 0.0735857 14.7102 0.00895433 0.415659 -0.0675029 0.072718 787 0
769.495 -3.84021 0.074302 14.7385 0.00371764 0.353134 -0.0654586 0.072549 788 0
770.671 -3.75233 0.0745994 14.7695 -0.00102374 0.387657 -0.0592672 0.072713 789 0
771.849 -3.66437 0.0745175 14.7848 -0.00510878 0.191844 -0.051063 0.073764 790 0
773.029 -3.57679 0.0741088 14.8238 -0.00863163 0.486791 -0.0440357 0.074969 791 0
774.212 -3.4898 0.0734183 14.864 -0.0112964 0.502872 -0.0333096 0.07202 792 0
775.398 -3.40365 0.0725146 14.9059 -0.0133806 0.524449 -0.0260525 0.072131 793 0
776.587 -3.31853 0.0714441 14.9535 -0.014524 0.594735 -0.0142928 0.07367 794 0
777.78 -3.23452 0.0702822 15.0016 -0.0153913 0.601554 -0.0108402 0.072085 795 0
778.978 -3.15172 0.0690509 15.0514 -0.0160346 0.621295 -0.00804135 0.072427 796 0
780.179 -3.07018 0.0677681 15.0986 -0.015989 0.590241 0.000569364 0.072862 797 0
781.384 -2.98993 0.066489 15.1436 -0.015243 0.56268 0.00932534 0.073502 798 0
782.593 -2.91091 0.0652696 15.1878 -0.0141403 0.552642 0.0137829 0.07265 799 0
783.806 -2.83303 0.0641384 15.2329 -0.0131623 0.563371 0.0122261 0.072471 800 0
785.022 -2.75621 0.0630854 15.2798 -0.0125865 0.586045 0.00719751 0.07321 801 0
786.242 -2.68037 0.0620785 15.3327 -0.0124512 0.662231 0.00169027 0.072378 802 0
787.466 -2.60549 0.0610824 15.3861 -0.0125546 0.667393 -0.00129171 0.072393 803 0
788.695 -2.53159 0.060078 15.4414 -0.0130527 0.691485 -0.00622654 0.07336 804 0
789.928 -2.45871 0.0590338 15.495 -0.0136458 0.669765 -0.00741379 0.072686 805 0
791.165 -2.38692 0.0579421 15.5502 -0.0144063 0.689805 -0.00950653 0.072186 806 0
792.407 -2.31631 0.0567896 15.6005 -0.0150007 0.628555 -0.00742916 0.073216 807 0
793.654 -2.24697 0.0555896 15.6453 -0.0154388 0.55964 -0.00547621 0.073391 808 0
794.903 -2.17897 0.0543545 15.6857 -0.0156512 0.505328 -0.00265541 0.072815 809 0
796.156 -2.11237 0.0531024 15.7192 -0.0157441 0.419331 -0.00116187 0.073116 810 0
797.412 -2.0472 0.0518428 15.7455 -0.0157334 0.328684 0.00013453 0.07217 811 0
798.67 -1.98351 0.0505842 15.7643 -0.0156358 0.23433 0.00121931 0.072346 812 0
799.93 -1.92132 0.0493333 15.7754 -0.0154685 0.138533 0.00209123 0.07212 813 0
801.19 -1.86064 0.0480958 15.7989 -0.0154247 0.294876 0.000547385 0.120851 814 0
802.453 -1.80144 0.0468618 15.7961 -0.0153232 -0.0355005 0.0012699 0.072576 815 0
803.715 -1.74379 0.045636 15.7492 -0.0135555 -0.5867 0.022096 0.073804 816 0
804.974 -1.68767 0.0445515 15.7217 -0.0116721 -0.343311 0.0235426 0.071852 817 0
806.231 -1.63283 0.0436178 15.6765 -0.0113419 -0.564778 0.00412753 0.073083 818 0
807.484 -1.57928 0.0427104 15.6088 -0.011213 -0.846553 0.00161049 0.073157 819 0
808.731 -1.52709 0.0418134 15.5473 -0.0110884 -0.768495 0.00155797 0.072637 820 0
809.974 -1.4762 0.0409263 15.476 -0.0107214 -0.891781 0.00458669 0.073432 821 0
811.211 -1.4266 0.0400686 15.4122 -0.010814 -0.797248 -0.00115706 0.072283 822 0
812.443 -1.37828 0.0392035 15.3326 -0.0104384 -0.994682 0.00469546 0.072957 823 0
813.669 -1.33123 0.0383684 15.2558 -0.0104868 -0.960696 -0.000605569 0.074199 824 0
814.888 -1.28543 0.0375295 15.1964 -0.0118077 -0.742531 -0.0165116 0.071968 825 0
816.103 -1.24097 0.0365848 15.1416 -0.0113346 -0.684881 0.00591408 0.07236 826 0
817.314 -1.19776 0.0356781 15.0943 -0.0124344 -0.590956 -0.0137477 0.074054 827 0
818.521 -1.15589 0.0346833 15.0455 -0.0126376 -0.610006 -0.00253925 0.072845 828 0
819.724 -1.11536 0.0336723 14.9981 -0.0131509 -0.592756 -0.00641646 0.072798 829 0
820.923 -1.07623 0.0326202 14.971 -0.0131245 -0.338459 0.000329735 0.073336 830 0
822.12 -1.03843 0.0315703 14.9363 -0.0128558 -0.434208 0.00335944 0.073527 831 0
823.314 -1.00194 0.0305418 14.893 -0.0115352 -0.541389 0.0165076 0.074312 832 0
824.505 -0.966654 0.029619 14.86 -0.0107281 -0.411868 0.0100884 0.072401 833 0
825.693 -0.932468 0.0287608 14.8199 -0.00929143 -0.501478 0.0179581 0.074725 834 0
826.879 -0.899255 0.0280174 14.7817 -0.00750439 -0.477612 0.0223381 0.072395 835 0
828.061 -0.866837 0.0274171 14.7224 -0.00669795 -0.740457 0.0100804 0.072553 836 0
829.238 -0.83518 0.0268813 14.6601 -0.00617254 -0.779629 0.00656762 0.07256 837 0
830.41 -0.804237 0.0263874 14.6185 -0.00630111 -0.51949 -0.00160706 0.072453 838 0
831.58 -0.77397 0.0258834 14.5655 -0.00639231 -0.662875 -0.00114003 0.072437 839 0
832.744 -0.744409 0.025372 14.5173 -0.00662376 -0.602627 -0.00289308 0.073387 840 0
833.905 -0.715561 0.0248421 14.4701 -0.00662527 -0.589097 -1.88767e-05 0.072811 841 0
835.063 -0.687419 0.0243121 14.4303 -0.00671041 -0.498235 -0.00106432 0.072796 842 0
836.217 -0.659975 0.0237752 14.4118 -0.00647577 -0.231099 0.00293303 0.072615 843 0
837.369 -0.633164 0.0232572 14.436 -0.00613859 0.302947 0.0042148 0.07331 844 0
838.524 -0.606874 0.0227661 14.4672 -0.00645272 0.389719 -0.00392667 0.073488 845 0
839.681 -0.581124 0.0222499 14.5004 -0.00720632 0.415277 -0.00941997 0.073659 846 0
840.841 -0.555984 0.0216733 14.5373 -0.00819279 0.460398 -0.0123308 0.072371 847 0
842.004 -0.531543 0.0210179 14.5719 -0.0086455 0.433278 -0.00565891 0.073189 848 0
843.169 -0.507849 0.0203263 14.5963 -0.00856765 0.304759 0.000973116 0.073008 849 0
844.337 -0.484916 0.0196409 14.6181 -0.00821584 0.272524 0.0043976 0.07239 850 0
845.506 -0.462717 0.0189836 14.6385 -0.00770408 0.255477 0.006397 0.0738 851 0
846.677 -0.441208 0.0183673 14.6652 -0.00782099 0.33356 -0.00146136 0.07233 852 0
847.85 -0.420395 0.0177416 14.6896 -0.0084008 0.305068 -0.00724769 0.073032 853 0
849.025 -0.400336 0.0170695 14.7138 -0.00910959 0.302494 -0.0088598 0.073752 854 0
850.202 -0.381102 0.0163408 14.7384 -0.0097468 0.306773 -0.00796518 0.072449 855 0
851.381 -0.362755 0.015561 14.7558 -0.00964488 0.217533 0.00127399 0.072163 856 0
852.561 -0.345297 0.0147894 14.7709 -0.00912618 0.188971 0.00648375 0.073039 857 0
853.742 -0.328685 0.0140593 14.7833 -0.00853281 0.155139 0.00741717 0.072468 858 0
854.925 -0.312865 0.0133767 14.7951 -0.00783224 0.14745 0.00875706 0.074243 859 0
856.109 -0.297774 0.0127501 14.804 -0.00701495 0.1109 0.0102161 0.072689 860 0
857.293 -0.283339 0.0121889 14.8151 -0.00693853 0.138593 0.000955339 0.073479 861 0
858.478 -0.269551 0.0116339 14.8268 -0.0072403 0.146759 -0.00377215 0.073146 862 0
859.664 -0.256438 0.0110546 14.8385 -0.00736963 0.146568 -0.00161661 0.072515 863 0
860.851 -0.244016 0.0104651 14.8441 -0.00724664 0.0698209 0.00153733 0.074012 864 0
862.038 -0.232277 0.00988533 14.8557 -0.00673913 0.144482 0.00634391 0.072694 865 0
863.227 -0.22117 0.0093462 14.8649 -0.00579763 0.114775 0.0117688 0.072996 866 0
864.416 -0.210607 0.00888239 14.8647 -0.00446292 -0.0019908 0.0166839 0.073546 867 0
865.605 -0.200469 0.00852536 14.8606 -0.002807 -0.0513196 0.020699 0.072535 868 0
866.794 -0.190601 0.0083008 14.855 -0.000845318 -0.0696301 0.024521 0.072546 869 0
867.982 -0.180816 0.00823317 14.8495 0.00133427 -0.0686407 0.0272449 0.073074 870 0
869.17 -0.170909 0.00833991 14.8542 0.00413034 0.0589728 0.0349509 0.0734 871 0
870.359 -0.160606 0.00867034 14.8432 0.00706191 -0.137758 0.0366446 0.07236 872 0
871.546 -0.149639 0.00923529 14.8465 0.0105313 0.0407338 0.0433673 0.072259 873 0
872.734 -0.13767 0.0100778 14.8334 0.0132012 -0.163841 0.0333737 0.073295 874 0
873.92 -0.124458 0.0111339 14.8249 0.0156559 -0.106168 0.0306843 0.072577 875 0
875.106 -0.109768 0.0123864 14.824 0.0176817 -0.0114799 0.0253227 0.072834 876 0
876.292 -0.093402 0.0138009 14.8259 0.0197296 0.0242591 0.0255977 0.072519 877 0
877.478 -0.0751618 0.0153793 14.8099 0.0206779 -0.199747 0.0118545 0.072427 878 0
878.662 -0.0549816 0.0170335 14.7888 0.0214535 -0.263584 0.00969456 0.072227 879 0
879.845 -0.0327999 0.0187498 14.7686 0.0220618 -0.253499 0.00760343 0.07327 880 0
881.027 -0.00856375 0.0205147 14.7658 0.0224828 -0.034225 0.00526246 0.072663 881 0
882.208 0.0177921 0.0223133 14.766 0.0228176 0.00249147 0.00418606 0.072617 882 0
883.388 0.046304 0.0241388 14.7643 0.0231443 -0.0217199 0.00408331 0.073189 883 0
884.569 0.0769988 0.0259903 14.7631 0.023836 -0.0149727 0.00864563 0.072913 884 0
885.75 0.109942 0.0278972 14.7543 0.0247054 -0.109768 0.0108678 0.072434 885 0
886.93 0.145198 0.0298736 14.7428 0.0254267 -0.144076 0.00901604 0.08185 886 0
888.108 0.182825 0.0319077 14.7275 0.0255677 -0.191212 0.00176297 0.075813 887 0
889.286 0.222821 0.0339532 14.7121 0.0251681 -0.192618 -0.00499461 0.080208 888 0
890.462 0.265143 0.0359666 14.702 0.0242726 -0.126159 -0.0111937 0.07501 889 0
891.638 0.309718 0.0379084 14.6915 0.0229888 -0.130713 -0.0160477 0.074277 890 0
892.812 0.356422 0.0397475 14.6833 0.0213889 -0.102365 -0.0199996 0.074069 891 0
893.986 0.405108 0.0414586 14.6761 0.0194466 -0.0910163 -0.0242777 0.074178 892 0
895.159 0.455595 0.0430144 14.6798 0.0172296 0.0474334 -0.0277135 0.073022 893 0
896.332 0.507713 0.0443927 14.6652 0.0149358 -0.183356 -0.028672 0.074318 894 0
897.504 0.561178 0.0455876 14.6683 0.0123357 0.038588 -0.0325016 0.074012 895 0
898.676 0.615812 0.0465745 14.7173 0.00987795 0.612354 -0.0307215 0.07524 896 0
899.852 0.671557 0.0473647 14.7382 0.00640786 0.261498 -0.0433762 0.074232 897 0
901.03 0.727985 0.0478773 14.7479 0.00202414 0.121927 -0.0547964 0.079361 898 0
902.208 0.784642 0.0480393 14.7479 -0.00224059 -0.000679493 -0.0533091 0.07884 899 0
903.387 0.841087 0.04786 14.7431 -0.0061924 -0.0602961 -0.0493977 0.078106 900 0
904.565 0.89693 0.0473646 14.7435 -0.00984164 0.00524521 -0.0456155 0.078148 901 0
905.743 0.951847 0.0465773 14.7472 -0.0131946 0.0467777 -0.0419115 0.074225 902 0
906.922 1.00553 0.0455217 14.7626 -0.0161113 0.192904 -0.0364591 0.073641 903 0
908.101 1.05776 0.0442328 14.7878 -0.0182117 0.313997 -0.026255 0.074679 904 0
909.283 1.10835 0.0427759 14.8103 -0.0187942 0.282049 -0.00728129 0.074386 905 0
910.467 1.15723 0.0412723 14.8302 -0.0189698 0.248873 -0.00219478 0.084634 906 0
911.653 1.20439 0.0397548 14.8548 -0.0201237 0.307179 -0.0144236 0.077829 907 0
912.84 1.24971 0.0381449 14.8693 -0.0221123 0.180757 -0.0248578 0.07808 908 0
914.029 1.29297 0.0363759 14.8665 -0.0207738 -0.0344992 0.0167314 0.076015 909 0
915.218 1.33424 0.034714 14.8717 -0.0195392 0.0642538 0.0154328 0.074974 910 0
916.407 1.37368 0.0331509 14.8804 -0.0181623 0.108731 0.0172107 0.075956 911 0
917.596 1.41141 0.0316979 14.8909 -0.016776 0.131905 0.0173285 0.074729 912 0
918.787 1.44756 0.0303558 14.9115 -0.0154693 0.257468 0.0163343 0.073881 913 0
919.98 1.48229 0.0291182 14.932 -0.0143408 0.255966 0.0141057 0.074473 914 0
921.174 1.5157 0.027971 14.9371 -0.013046 0.0634193 0.0161859 0.073771 915 0
922.368 1.54787 0.0269273 14.9651 -0.0116936 0.350285 0.0169041 0.086615 916 0
923.565 1.57899 0.0259918 14.9943 -0.0104474 0.365376 0.0155777 0.07727 917 0
924.764 1.60916 0.025156 15.0299 -0.00949833 0.445175 0.0118634 0.078511 918 0
925.966 1.63849 0.0243962 15.0699 -0.00921077 0.500274 0.00359449 0.079979 919 0
927.171 1.66701 0.0236593 15.108 -0.00795951 0.475943 0.0156408 0.079415 920 0
928.38 1.69484 0.0230225 15.1475 -0.0068935 0.4933 0.0133251 0.078396 921 0
929.591 1.72206 0.0224711 15.1894 -0.00588225 0.523508 0.0126406 0.07453 922 0
930.806 1.7488 0.0220005 15.233 -0.00484936 0.545537 0.0129111 0.074106 923 0
932.024 1.77513 0.0216125 15.2821 -0.00523886 0.613618 -0.00486871 0.0755 924 0
933.247 1.80104 0.0211934 15.3311 -0.00524367 0.612295 -6.01925e-05 0.074322 925 0
934.473 1.82652 0.0207739 15.38 -0.00492744 0.611556 0.00395288 0.074553 926 0
935.703 1.85159 0.0203797 15.4272 -0.00446439 0.589919 0.0057882 0.075712 927 0
936.937 1.8763 0.0200226 15.4745 -0.00361493 0.591195 0.0106182 0.074654 928 0
938.175 1.90073 0.0197334 15.5208 -0.00261526 0.579059 0.012496 0.074335 929 0
939.416 1.92497 0.0195242 15.5613 -0.000204151 0.506604 0.0301388 0.073376 930 0
940.661 1.94925 0.0195078 15.6004 0.00202533 0.487947 0.0278685 0.074235 931 0
941.909 1.9738 0.0196699 15.6412 0.00388379 0.510061 0.0232307 0.074125 932 0
943.16 1.9988 0.0199806 15.6798 0.005785 0.483298 0.0237651 0.073801 933 0
944.414 2.02444 0.0204434 15.7144 0.00764749 0.431335 0.0232811 0.07343 934 0
945.671 2.05091 0.0210552 15.7441 0.0093563 0.372183 0.0213601 0.073522 935 0
946.93 2.07837 0.0218037 15.7685 0.0108677 0.305152 0.0188926 0.073935 936 0
948.191 2.10697 0.0226731 15.7872 0.0121509 0.233769 0.0160397 0.074104 937 0
949.454 2.13683 0.0236451 15.7999 0.0131791 0.157928 0.0128521 0.074375 938 0
950.717 2.16805 0.0246995 15.8063 0.0137154 0.0798583 0.00670401 0.073958 939 0
951.981 2.20066 0.0257967 15.8065 0.013881 0.0023365 0.00207 0.075276 940 0
953.245 2.23468 0.0269072 15.8006 0.0139617 -0.0729918 0.00100899 0.073334 941 0
954.509 2.2701 0.0280241 15.7899 0.0139309 -0.134397 -0.000384497 0.074615 942 0
955.772 2.30691 0.0291386 15.7725 0.013755 -0.217521 -0.00219902 0.073864 943 0
957.033 2.34505 0.030239 15.7318 0.0150699 -0.508118 0.0164355 0.114352 944 0
958.291 2.38462 0.0314446 15.691 0.0160187 -0.50956 0.0118611 0.107015 945 0
959.545 2.4257 0.0327261 15.6502 0.0166248 -0.510454 0.00757577 0.073209 946 0
960.797 2.46833 0.0340561 15.6107 0.0170507 -0.494361 0.00532398 0.074033 947 0
962.045 2.51255 0.0354201 15.5733 0.0169187 -0.467443 -0.00165021 0.072952 948 0
963.29 2.55836 0.0367736 15.537 0.0163272 -0.453472 -0.00739347 0.072454 949 0
964.532 2.60568 0.0380798 15.502 0.0157273 -0.437069 -0.00749924 0.073442 950 0
965.771 2.65445 0.039338 15.4657 0.0151068 -0.453961 -0.00775624 0.073691 951 0
967.007 2.7046 0.0405465 15.432 0.0145003 -0.421131 -0.0075813 0.073203 952 0
968.241 2.75608 0.0417065 15.4008 0.0139075 -0.390673 -0.00740931 0.073912 953 0
969.472 2.80882 0.0428191 15.3708 0.0139262 -0.374901 0.000233424 0.07323 954 0
970.7 2.86282 0.0439332 15.3426 0.014216 -0.35249 0.00362271 0.110069 955 0
971.926 2.91812 0.0450705 15.3163 0.0144253 -0.328469 0.00261597 0.17852 956 0
973.15 2.97474 0.0462245 15.2915 0.0145619 -0.309658 0.00170752 0.17874 957 0
974.372 3.03269 0.0473895 15.2687 0.0146289 -0.28559 0.000836886 0.179164 958 0
975.592 3.09198 0.0485598 15.2494 0.0146147 -0.241244 -0.000177184 0.2135 959 0
976.811 3.15263 0.049729 15.2315 0.0143424 -0.222826 -0.00340372 0.175368 960 0
978.028 3.21459 0.0508764 15.2146 0.0142341 -0.21137 -0.0013532 0.1446 961 0
979.243 3.27788 0.0520151 15.1993 0.0140639 -0.191271 -0.00212841 0.239938 962 0
980.458 3.34246 0.0531402 15.1851 0.0138467 -0.178123 -0.00271433 0.239639 963 0
981.671 3.40833 0.0542479 15.1718 0.0135813 -0.165582 -0.00331789 0.241156 964 0
982.882 3.47546 0.0553345 15.1595 0.0132732 -0.153947 -0.00385039 0.239072 965 0
984.093 3.54382 0.0563963 15.1486 0.0129289 -0.136328 -0.00430415 0.239497 966 0
985.303 3.61338 0.0574306 15.138 0.0125477 -0.13268 -0.00476476 0.239547 967 0
986.512 3.6841 0.0584344 15.1282 0.0121347 -0.122237 -0.00516351 0.238931 968 0
987.72 3.75596 0.0594052 15.119 0.0116912 -0.115645 -0.00554365 0.239921 969 0
988.928 3.8289 0.0603405 15.1104 0.0112216 -0.107229 -0.00586899 0.239794 970 0
990.134 3.90288 0.0612382 15.1023 0.0107331 -0.101805 -0.00610724 0.239843 971 0
991.34 3.97785 0.0620969 15.0949 0.0102223 -0.091362 -0.00638473 0.239011 972 0
992.545 4.05378 0.0629147 15.088 0.00969525 -0.0870466 -0.00658795 0.240307 973 0
993.75 4.1306 0.0636903 15.0816 0.00915199 -0.0796556 -0.00679068 0.268887 974 0
994.954 4.20828 0.0644224 15.0756 0.0085972 -0.0747681 -0.00693488 0.270204 975 0
996.157 4.28675 0.0651102 15.0701 0.00803498 -0.0692368 -0.00702774 0.270984 976 0
997.36 4.36596 0.065753 15.0649 0.00746616 -0.0654221 -0.00711036 0.271804 977 0
998.563 4.44587 0.0663503 15.0599 0.00689401 -0.0620842 -0.00715181 0.27642 978 0
999.765 4.52641 0.0669018 15.0554 0.00631339 -0.0557899 -0.00725781 0.26895 979 0
1000.97 4.60754 0.0674069 15.0513 0.00573139 -0.0515938 -0.00727499 0.270856 980 0
