1.12 10 0 14.3289 -0.0181836 4.11161 -0.227294 0.097565 1 5
2.26631 9.99833 -0.00145468 14.6523 -0.0361949 4.04232 -0.225142 0.104496 2 5
3.43849 9.99323 -0.00435028 14.9437 -0.0521427 3.64182 -0.199347 0.106352 3 5
4.63394 9.98305 -0.00852169 15.2479 -0.0666469 3.80359 -0.181302 0.103184 4 5
5.85366 9.96615 -0.0138534 15.3124 -0.0803501 0.805151 -0.17129 0.102401 5 4
7.07839 9.9413 -0.0202814 15.4121 -0.093745 1.24727 -0.167437 0.102952 6 4
8.31089 9.90706 -0.0277811 15.5649 -0.106238 1.90996 -0.156156 0.101094 7 4
9.55526 9.86189 -0.0362801 15.7696 -0.116945 2.5578 -0.133844 0.10246 8 4
10.8155 9.80434 -0.0456357 15.9449 -0.125187 2.19193 -0.103029 0.102467 9 4
12.0891 9.73339 -0.0556506 16.1242 -0.131407 2.24144 -0.0777446 0.103017 10 4
13.3762 9.6481 -0.0661632 16.3319 -0.135701 2.59607 -0.0536751 0.102106 11 4
14.6789 9.54757 -0.0770193 16.6147 -0.132021 3.53522 0.0459982 0.104598 12 5
16.003 9.43131 -0.0875809 16.8182 -0.131976 2.54352 0.000558607 0.100697 13 5
17.342 9.29948 -0.098139 17.0222 -0.130694 2.54924 0.0160299 0.101157 14 5
18.6957 9.15189 -0.108595 17.2171 -0.128294 2.43618 0.0299983 0.098457 15 5
20.0634 8.98856 -0.118858 17.356 -0.125129 1.73683 0.0395652 0.098047 16 5
21.4404 8.81013 -0.128868 17.4978 -0.120987 1.77193 0.0517687 0.099524 17 5
22.8268 8.61681 -0.138547 17.5896 -0.104733 1.14861 0.203178 0.10482 18 8
24.2188 8.4108 -0.146926 17.6817 -0.0893829 1.15037 0.191878 0.101313 19 8
25.6166 8.19371 -0.154077 17.81 -0.08645 1.60379 0.0366612 0.100408 20 5
27.0229 7.96532 -0.160993 17.9401 -0.0827552 1.62597 0.0461848 0.104432 21 5
28.438 7.72589 -0.167613 18.0198 -0.0666025 0.997472 0.201908 0.101487 22 9
29.8581 7.47782 -0.172941 18.1317 -0.0635163 1.39832 0.0385778 0.0996 23 5
31.2857 7.22095 -0.178023 18.1872 -0.0478146 0.69325 0.196271 0.103171 24 8
32.7167 6.95782 -0.181848 18.2365 -0.0277587 0.616622 0.250699 0.104692 25 6
34.151 6.6908 -0.184068 18.287 -0.0148769 0.631166 0.161023 0.102655 26 8
35.5889 6.42132 -0.185259 18.3827 -0.0156054 1.19567 -0.00910711 0.101845 27 5
37.034 6.14863 -0.186507 18.4493 -0.0151222 0.83344 0.00604093 0.101846 28 4
38.484 5.87319 -0.187717 18.4798 0.00284274 0.380445 0.224561 0.105221 29 6
39.9365 5.59763 -0.187489 18.5031 0.017049 0.291967 0.177579 0.107871 30 7
41.3912 5.32371 -0.186125 18.5318 0.0272401 0.358033 0.127389 0.102139 31 8
42.8487 5.05253 -0.183946 18.5555 0.0388133 0.296783 0.144665 0.101004 32 7
44.3089 4.78555 -0.180841 18.5832 0.048965 0.345898 0.126895 0.102052 33 7
45.7724 4.52389 -0.176924 18.6133 0.0578135 0.376058 0.110606 0.101382 34 7
47.2394 4.2686 -0.172299 18.6975 0.0482657 1.053 -0.119348 0.100807 35 5
48.714 4.01784 -0.168438 18.7269 0.0534795 0.367069 0.0651727 0.101092 36 9
50.192 3.773 -0.164159 18.7552 0.0582294 0.354123 0.0593737 0.098882 37 9
51.6734 3.5347 -0.159501 18.7774 0.0660652 0.27802 0.0979471 0.100153 38 7
53.1578 3.30395 -0.154216 18.8027 0.0727431 0.316238 0.0834744 0.112835 39 7
54.6455 3.08155 -0.148396 18.8096 0.0581824 0.0858307 -0.182009 0.11782 40 4
56.1347 2.866 -0.143742 18.8285 0.0660524 0.235915 0.098376 0.105872 41 7
57.6266 2.65811 -0.138458 18.853 0.0727858 0.30694 0.0841669 0.103074 42 7
59.1216 2.45865 -0.132635 18.8806 0.0752017 0.344777 0.0301987 0.109994 43 9
60.6199 2.26791 -0.126619 18.9591 0.0827217 0.981069 0.0940004 0.101739 44 6
62.1258 2.08634 -0.120001 18.9922 0.083332 0.413513 0.00762865 0.098295 45 9
63.6354 1.91451 -0.113334 19.0708 0.089379 0.982213 0.0755875 0.10096 46 6
65.1525 1.75281 -0.106184 19.1441 0.0941505 0.91691 0.0596434 0.100741 47 6
66.6765 1.60197 -0.0986519 19.3632 0.102456 2.73912 0.103814 0.101775 48 5
68.2193 1.46204 -0.0904554 19.5625 0.108079 2.49126 0.0702952 0.122649 49 5
69.779 1.33415 -0.0818091 19.7418 0.111691 2.24085 0.0451452 0.108355 50 5
71.3542 1.21916 -0.0728738 19.9001 0.113308 1.97878 0.0202131 0.100638 51 5
72.9429 1.11764 -0.0638092 19.9999 0.112304 1.2476 -0.0125483 0.10323 52 3
74.5405 1.02997 -0.0548249 20.0842 0.109768 1.05383 -0.0317018 0.098183 53 3
76.1456 0.956015 -0.0460434 20.0827 0.102399 -0.0187397 -0.0921048 0.100893 54 9
77.751 0.895216 -0.0378515 20.1325 0.0977524 0.621748 -0.0580885 0.107227 55 2
79.3609 0.846855 -0.0300313 20.1971 0.0920286 0.808072 -0.0715472 0.100814 56 3
80.9763 0.810231 -0.022669 20.1891 0.0832538 -0.0998259 -0.109686 0.104705 57 7
82.5912 0.784376 -0.0160087 20.1824 0.0774854 -0.0838995 -0.0721048 0.109575 58 9
84.2057 0.768537 -0.00980984 20.1766 0.0712696 -0.0731707 -0.0776977 0.104255 59 7
85.8198 0.761906 -0.00410828 20.1647 0.0649641 -0.147724 -0.0788182 0.109575 60 8
87.433 0.763662 0.00108885 20.1422 0.0546568 -0.282121 -0.128841 0.102635 61 0
89.0443 0.772463 0.0054614 20.1171 0.0447809 -0.313044 -0.12345 0.104023 62 0
90.6536 0.787017 0.00904387 20.0883 0.0353785 -0.360107 -0.11753 0.113111 63 0
92.2606 0.8061 0.0118741 20.0558 0.0264722 -0.406957 -0.111328 0.103726 64 0
93.8649 0.828548 0.0139919 20.0586 0.0174909 0.0348806 -0.112266 0.099929 65 2
95.4694 0.853245 0.0153912 20.0185 0.0097009 -0.50025 -0.0973755 0.097834 66 0
97.0707 0.879136 0.0161673 19.9765 0.00246381 -0.525999 -0.0904637 0.101388 67 0
98.6686 0.905287 0.0163644 19.9315 -0.00422531 -0.561619 -0.083614 0.102083 68 0
100.263 0.93084 0.0160264 19.8827 -0.0103178 -0.610447 -0.0761562 0.106682 69 0
101.853 0.955018 0.0152009 19.8886 -0.0157179 0.0737667 -0.0675012 0.098933 70 2
103.444 0.977203 0.0139435 19.8351 -0.0206898 -0.668097 -0.0621481 0.099573 71 0
105.031 0.996701 0.0122883 19.7848 -0.0251176 -0.629807 -0.0553485 0.098334 72 0
106.614 1.01297 0.0102789 19.7875 -0.0288505 0.0339746 -0.0466611 0.104731 73 2
108.197 1.02559 0.00797086 19.7409 -0.0322521 -0.582695 -0.0425193 0.099913 74 0
109.776 1.0341 0.0053907 19.708 -0.0366253 -0.410199 -0.054665 0.099988 75 6
111.352 1.03798 0.00246068 19.6666 -0.0389513 -0.518107 -0.029075 0.101391 76 0
112.926 1.03695 -0.000655424 19.6206 -0.0408519 -0.574327 -0.0237585 0.122928 77 0
114.495 1.03079 -0.00392358 19.5844 -0.0423973 -0.452709 -0.0193174 0.100667 78 0
116.062 1.01933 -0.00731537 19.547 -0.0435714 -0.467467 -0.0146758 0.103101 79 0
117.626 1.00244 -0.0108011 19.5098 -0.0444163 -0.465012 -0.0105616 0.099288 80 0
119.186 0.980036 -0.0143544 19.4782 -0.0464757 -0.395751 -0.025742 0.097994 81 6
120.744 0.951877 -0.0180724 19.4926 -0.0467586 0.180125 -0.00353679 0.100475 82 2
122.303 0.917864 -0.0218131 19.5125 -0.0362409 0.249219 0.131472 0.101452 83 10
123.864 0.879292 -0.0247124 19.5351 -0.0265961 0.28224 0.120559 0.099496 84 10
125.426 0.837351 -0.0268401 19.5525 -0.0179553 0.216889 0.108011 0.101881 85 7
126.99 0.793127 -0.0282765 19.5736 -0.0118919 0.264096 0.0757921 0.104396 86 9
128.555 0.747366 -0.0292279 19.4508 -0.027539 -1.53522 -0.195589 0.12836 87 5
130.11 0.698465 -0.031431 19.3006 -0.048824 -1.87678 -0.266063 0.104775 88 5
131.653 0.643915 -0.0353369 19.1217 -0.073002 -2.23675 -0.302224 0.110015 89 5
133.182 0.580942 -0.0411771 19.1235 -0.0567963 0.023365 0.202571 0.109052 90 10
134.71 0.511019 -0.0457208 19.1208 -0.0360576 -0.0349522 0.259233 0.106718 91 7
136.238 0.436699 -0.0486054 19.1156 -0.0169257 -0.0645399 0.239149 0.099723 92 7
137.765 0.36033 -0.0499594 19.0785 -0.00368125 -0.463843 0.165556 0.097917 93 9
139.29 0.283661 -0.0502539 19.147 0.017062 0.856876 0.259291 0.097393 94 6
140.82 0.208805 -0.048889 19.2067 0.0350354 0.745964 0.224667 0.096428 95 6
142.355 0.138017 -0.0460861 19.1966 0.0466619 -0.126266 0.145331 0.098286 96 7
143.889 0.0729931 -0.0423532 19.173 0.0522288 -0.29552 0.0695866 0.095611 97 9
145.422 0.0144532 -0.0381749 19.2121 0.0649884 0.48964 0.159495 0.097785 98 6
146.958 -0.0362205 -0.0329758 19.2989 0.0785223 1.08416 0.169174 0.096621 99 2
148.501 -0.0774288 -0.026694 19.3899 0.0886125 1.13823 0.126128 0.097259 100 3
150.052 -0.107838 -0.019605 19.4083 0.0842224 0.230074 -0.0548758 0.100078 101 9
151.605 -0.127816 -0.0128672 19.4601 0.0896382 0.647116 0.0676969 0.098354 102 2
153.161 -0.136684 -0.0056962 19.51 0.0916774 0.623798 0.0254903 0.09571 103 2
154.722 -0.134127 0.001638 19.5268 0.084108 0.209904 -0.0946178 0.09493 104 8
156.284 -0.121058 0.00836663 19.5425 0.0783554 0.195813 -0.071907 0.093799 105 9
157.847 -0.098178 0.0146351 19.5638 0.074717 0.266814 -0.0454806 0.095355 106 10
159.412 -0.0659196 0.0206124 19.5804 0.0691106 0.207448 -0.0700795 0.09522 107 9
160.978 -0.0249758 0.0261413 19.6066 0.0596308 0.327086 -0.118498 0.100211 108 6
162.546 0.0235023 0.0309117 19.6323 0.0498973 0.321627 -0.121668 0.100082 109 6
164.116 0.0783101 0.0349035 19.6623 0.0405074 0.375557 -0.117374 0.098376 110 6
165.687 0.138296 0.0381441 19.7143 0.0314234 0.649047 -0.11355 0.103175 111 3
167.263 0.202402 0.040658 19.7661 0.0222308 0.647903 -0.114907 0.102549 112 3
168.843 0.269486 0.0424364 19.8443 0.0131929 0.977016 -0.112973 0.098574 113 4
170.429 0.338509 0.0434919 19.9412 0.00483103 1.21169 -0.104523 0.099758 114 5
172.023 0.408486 0.0438784 20.0027 -0.00292535 0.768948 -0.0969548 0.098066 115 4
173.622 0.478304 0.0436443 20.0616 -0.0100072 0.736547 -0.0885231 0.107327 116 4
175.225 0.547044 0.0428437 20.1427 -0.0164503 1.01352 -0.0805384 0.104204 117 5
176.835 0.613943 0.0415277 20.2227 -0.0221328 0.999594 -0.0710314 0.101248 118 5
178.452 0.678246 0.0397571 20.2955 -0.027149 0.909805 -0.0627023 0.103443 119 5
180.074 0.739256 0.0375852 20.3624 -0.0315515 0.836444 -0.0550319 0.101542 120 5
181.702 0.796359 0.0350611 20.4348 -0.0353804 0.905037 -0.0478612 0.102382 121 5
183.336 0.84904 0.0322306 20.4924 -0.0386824 0.719619 -0.0412752 0.100131 122 5
184.975 0.896798 0.029136 20.5515 -0.0415055 0.739145 -0.0352884 0.096508 123 5
186.618 0.939237 0.0258156 20.6079 -0.0438824 0.705147 -0.0297117 0.099545 124 5
188.266 0.976007 0.022305 20.6629 -0.0458295 0.687385 -0.0243379 0.126262 125 5
189.919 1.00682 0.0186386 20.6064 -0.0479219 -0.705886 -0.0261558 0.099868 126 1
191.568 1.03122 0.0148049 20.604 -0.0493356 -0.0297785 -0.0176707 0.100515 127 3
193.216 1.04912 0.010858 20.5761 -0.0505041 -0.348926 -0.0146068 0.098223 128 2
194.862 1.06034 0.00681771 20.5499 -0.0513149 -0.328064 -0.0101348 0.105443 129 2
196.506 1.0648 0.00271252 20.5229 -0.0518318 -0.337791 -0.00646156 0.102386 130 2
198.148 1.06245 -0.00143402 20.4969 -0.0520539 -0.324011 -0.00277548 0.109496 131 2
199.787 1.05327 -0.00559833 20.4766 -0.0520028 -0.254226 0.000638142 0.109334 132 2
201.425 1.03728 -0.00975856 20.4565 -0.0517171 -0.251508 0.0035712 0.105521 133 2
203.062 1.01454 -0.0138959 20.4324 -0.0512107 -0.301266 0.00632992 0.098794 134 2
204.696 0.985131 -0.0179928 20.441 -0.0506956 0.107765 0.00643949 0.098965 135 3
206.331 0.949078 -0.0220484 20.4202 -0.0499669 -0.260305 0.0091081 0.106539 136 2
207.964 0.906534 -0.0260458 20.4189 -0.0494042 -0.0155687 0.00703428 0.100654 137 3
209.597 0.857539 -0.0299981 20.3956 -0.0485411 -0.292087 0.0107883 0.101742 138 2
211.228 0.802267 -0.0338814 20.3718 -0.0476303 -0.296521 0.0113847 0.104536 139 2
212.856 0.740854 -0.0376918 20.347 -0.0465973 -0.310254 0.0129135 0.105352 140 2
214.482 0.673452 -0.0414196 20.3907 -0.046019 0.546002 0.00722883 0.106019 141 5
216.112 0.599905 -0.0451011 20.4325 -0.0452542 0.522923 0.00955984 0.114716 142 5
217.745 0.520296 -0.0487215 20.4733 -0.0443 0.509262 0.0119266 0.113302 143 5
219.38 0.434732 -0.0522655 20.442 -0.0427668 -0.39072 0.0191657 0.107321 144 2
221.013 0.343711 -0.0556868 20.4179 -0.0411825 -0.301886 0.0198036 0.104989 145 2
222.644 0.247425 -0.0589814 20.4421 -0.0398034 0.302696 0.0172383 0.111915 146 4
224.276 0.145826 -0.0621657 20.4682 -0.0383126 0.326085 0.018636 0.107886 147 4
225.91 0.03909 -0.0652307 20.5177 -0.0367536 0.619626 0.0194874 0.113951 148 5
227.548 -0.0727205 -0.068171 20.5117 -0.0349876 -0.0760317 0.0220751 0.1081 149 3
229.184 -0.18908 -0.07097 20.5028 -0.0331645 -0.110769 0.0227879 0.109558 150 3
230.82 -0.309729 -0.0736231 20.4749 -0.0312751 -0.348306 0.0236182 0.102251 151 2
232.453 -0.434301 -0.0761251 20.4007 -0.0292451 -0.927353 0.0253751 0.099896 152 0
234.08 -0.562229 -0.0784648 20.3777 -0.0273275 -0.288057 0.02397 0.101368 153 2
235.705 -0.693565 -0.0806509 20.3546 -0.0253854 -0.288677 0.0242759 0.099097 154 2
237.328 -0.828048 -0.0826818 20.3314 -0.0234479 -0.290108 0.0242183 0.099225 155 2
238.949 -0.965418 -0.0845576 20.2559 -0.0214408 -0.943804 0.025089 0.098775 156 0
240.563 -1.10505 -0.0862729 20.2356 -0.0194421 -0.253892 0.0249841 0.10096 157 2
242.176 -1.24705 -0.0878282 20.2174 -0.0174341 -0.227761 0.0250997 0.099409 158 2
243.787 -1.39116 -0.089223 20.2922 -0.0133771 0.935841 0.0507126 0.103048 159 5
245.404 -1.53754 -0.0902931 20.3247 -0.0103043 0.406075 0.0384095 0.104254 160 4
247.023 -1.68549 -0.0911175 20.3833 -0.00831697 0.732899 0.0248419 0.107438 161 5
248.647 -1.83495 -0.0917828 20.377 -0.00651708 -0.0792503 0.0224985 0.103962 162 3
250.27 -1.98521 -0.0923042 20.3755 -0.0050996 -0.0190496 0.0177186 0.100793 163 3
251.893 -2.13612 -0.0927122 20.3561 -0.00261168 -0.242472 0.0310989 0.110563 164 6
253.514 -2.28722 -0.0929211 20.3577 -0.000475131 0.0196695 0.0267069 0.11182 165 3
255.136 -2.43839 -0.0929591 20.3955 0.00249898 0.473404 0.0371764 0.107274 166 4
256.761 -2.58953 -0.0927592 20.4373 0.00615567 0.521636 0.0457087 0.110582 167 4
258.389 -2.74017 -0.0922667 20.4789 0.00962676 0.520539 0.0433886 0.114517 168 4
260.02 -2.88986 -0.0914966 20.5459 0.0127768 0.837135 0.0393752 0.123581 169 5
261.657 -3.03837 -0.0904745 20.5278 0.0158047 -0.225687 0.037849 0.106863 170 2
263.293 -3.18468 -0.0892101 20.5384 0.018387 0.132179 0.0322788 0.10355 171 3
264.929 -3.32865 -0.0877391 20.553 0.0206325 0.182986 0.0280689 0.130186 172 3
266.568 -3.47003 -0.0860885 20.559 0.0225568 0.0745058 0.024053 0.101746 173 3
268.207 -3.60849 -0.084284 20.6221 0.0240602 0.788879 0.018793 0.101691 174 5
269.851 -3.74421 -0.0823592 20.6036 0.0254894 -0.23067 0.0178647 0.103329 175 2
271.494 -3.87646 -0.08032 20.5807 0.0266451 -0.287271 0.0144472 0.106205 176 2
273.135 -4.00506 -0.0781884 20.5584 0.0293734 -0.277734 0.0341029 0.107923 177 7
274.775 -4.12967 -0.0758385 20.492 0.0300256 -0.830078 0.00815305 0.105753 178 0
276.41 -4.24995 -0.0734365 20.4659 0.0342311 -0.326562 0.0525681 0.10672 179 8
278.043 -4.3656 -0.070698 20.4399 0.0379782 -0.325394 0.0468385 0.109033 180 8
279.675 -4.47616 -0.0676598 20.4179 0.0392958 -0.274634 0.01647 0.108098 181 7
281.305 -4.58147 -0.0645161 20.3901 0.0423508 -0.347829 0.0381886 0.101341 182 8
282.933 -4.68112 -0.061128 20.3709 0.0429403 -0.240302 0.0073683 0.099492 183 7
284.56 -4.77508 -0.0576928 20.3776 0.0394029 0.0840902 -0.0442179 0.113298 184 3
286.188 -4.86395 -0.0545406 20.3661 0.0400053 -0.143147 0.00753067 0.106103 185 7
287.815 -4.94756 -0.0513401 20.3515 0.0364088 -0.183463 -0.0449566 0.104789 186 2
289.441 -5.02638 -0.0484274 20.3288 0.0390773 -0.283504 0.0333565 0.10351 187 8
291.066 -5.10003 -0.0453013 20.3089 0.0393165 -0.248814 0.00298936 0.103181 188 7
292.689 -5.1685 -0.0421559 20.2879 0.0393872 -0.262213 0.000884524 0.102065 189 7
294.311 -5.23179 -0.039005 20.2228 0.0350975 -0.813389 -0.053621 0.106328 190 0
295.927 -5.29034 -0.0361972 20.2149 0.0373036 -0.0993013 0.0275763 0.102945 191 8
297.544 -5.34404 -0.0332129 20.1547 0.0329559 -0.751781 -0.0543469 0.10258 192 0
299.155 -5.39333 -0.0305764 20.1447 0.0290667 -0.12548 -0.0486155 0.113715 193 2
300.766 -5.43885 -0.0282511 20.1342 0.0295039 -0.131369 0.0054653 0.101061 194 7
302.376 -5.48055 -0.0258907 20.1294 0.025654 -0.0593662 -0.0481237 0.102703 195 2
303.986 -5.51894 -0.0238384 20.1304 0.0297365 0.012207 0.0510311 0.115669 196 9
305.596 -5.55349 -0.0214595 20.1224 0.0317711 -0.099659 0.0254329 0.102027 197 8
307.206 -5.58395 -0.0189178 20.1137 0.0334701 -0.109291 0.0212379 0.100142 198 8
308.815 -5.61008 -0.0162402 20.1061 0.0332255 -0.0948906 -0.00305814 0.102182 199 7
310.423 -5.63192 -0.0135822 20.071 0.0273099 -0.439501 -0.0739448 0.105418 200 1
312.029 -5.65022 -0.0113974 20.0117 0.0221476 -0.740719 -0.0645288 0.102548 201 0
313.63 -5.66563 -0.00962557 20.0229 0.0159503 0.139952 -0.077466 0.104007 202 3
315.231 -5.67901 -0.00834955 20.0106 0.0106898 -0.153351 -0.0657561 0.103504 203 2
316.832 -5.691 -0.00749436 20.0149 0.013909 0.0529289 0.0402397 0.100407 204 8
318.433 -5.70122 -0.00638164 19.9745 0.00890246 -0.504112 -0.0625819 0.102835 205 1
320.031 -5.71028 -0.00566944 19.9663 0.00385835 -0.102401 -0.0630514 0.105895 206 2
321.629 -5.71884 -0.00536078 19.9994 -0.00152345 0.413799 -0.0672724 0.108029 207 4
323.228 -5.72762 -0.00548265 19.9858 -0.00583737 -0.170159 -0.053924 0.106893 208 2
324.827 -5.73713 -0.00594964 20.0129 -0.0106893 0.338316 -0.060649 0.135816 209 4
326.428 -5.74802 -0.00680478 20.0673 -0.015545 0.680208 -0.0606963 0.103455 210 5
328.034 -5.76094 -0.00804838 20.0655 -0.0191633 -0.022316 -0.0452292 0.101145 211 3
329.639 -5.77632 -0.00958145 20.0911 -0.0228185 0.320148 -0.0456901 0.104002 212 4
331.246 -5.79466 -0.0114069 20.0936 -0.0139807 0.0313044 0.110473 0.106088 213 9
332.853 -5.81479 -0.0125254 20.0334 -0.0175195 -0.752473 -0.044236 0.102186 214 1
334.456 -5.83711 -0.013927 19.9503 -0.0203008 -1.03872 -0.0347655 0.099395 215 0
336.052 -5.86193 -0.015551 19.8726 -0.0227611 -0.97239 -0.0307535 0.111023 216 0
337.641 -5.88955 -0.0173719 19.8748 -0.0263319 0.0277042 -0.0446352 0.099716 217 3
339.231 -5.92052 -0.0194784 19.8098 -0.0280829 -0.812507 -0.0218872 0.129519 218 0
340.815 -5.95494 -0.0217251 19.792 -0.030489 -0.222158 -0.0300768 0.10287 219 2
342.398 -5.9932 -0.0241642 19.7502 -0.0320096 -0.522542 -0.0190075 0.105782 220 1
343.978 -6.03542 -0.026725 19.7025 -0.0422577 -0.596333 -0.128102 0.133672 221 1
345.553 -6.08287 -0.0301056 19.5515 -0.0229158 -1.88692 0.241775 0.104312 222 10
347.117 -6.13281 -0.0319388 19.5557 -0.0272189 0.0525713 -0.0537886 0.10679 223 6
348.68 -6.18618 -0.0341164 19.5502 -0.0357345 -0.0686646 -0.106445 0.107204 224 3
350.243 -6.24399 -0.0369751 19.566 -0.0367511 0.197363 -0.0127074 0.10648 225 6
351.807 -6.30646 -0.0399152 19.5993 -0.0417612 0.415277 -0.0626264 0.103237 226 4
353.374 -6.37426 -0.0432561 19.6118 -0.0400313 0.156927 0.0216232 0.102761 227 6
354.941 -6.44712 -0.0464586 19.6182 -0.04417 0.0795126 -0.051733 0.104409 228 3
356.508 -6.52555 -0.0499922 19.6356 -0.0399965 0.218034 0.0521688 0.104934 229 6
358.077 -6.60907 -0.0531919 19.6622 -0.0375845 0.332665 0.0301497 0.100388 230 7
359.647 -6.69742 -0.0561987 19.7025 -0.0378484 0.50323 -0.00329926 0.100405 231 4
361.221 -6.79072 -0.0592266 19.7508 -0.0367025 0.60389 0.0143243 0.101503 232 4
362.798 -6.88888 -0.0621628 19.8249 -0.0331865 0.925756 0.0439499 0.101453 233 5
364.38 -6.9916 -0.0648177 19.8597 -0.0298995 0.435328 0.0410873 0.102034 234 4
365.966 -7.0983 -0.0672096 19.8914 -0.0255046 0.39618 0.0549365 0.102272 235 4
367.553 -7.20842 -0.06925 19.9603 -0.018697 0.862026 0.0850948 0.101838 236 5
369.146 -7.32129 -0.0707458 20.0294 -0.0115029 0.863051 0.0899269 0.102134 237 5
370.744 -7.43603 -0.071666 20.0898 -0.00401398 0.755095 0.0936112 0.101512 238 5
372.347 -7.55162 -0.0719871 20.1099 0.00200867 0.251651 0.0752831 0.102559 239 7
373.952 -7.66708 -0.0718264 20.1648 0.00950347 0.685835 0.093685 0.10393 240 5
375.561 -7.78162 -0.0710661 20.1685 0.0146552 0.0465155 0.0643972 0.100935 241 7
377.171 -7.8943 -0.0698937 20.172 0.0194362 0.043869 0.0597617 0.103161 242 7
378.781 -8.0045 -0.0683388 20.2594 0.0251719 1.09184 0.0716969 0.105595 243 9
380.398 -8.11192 -0.0663251 20.329 0.0305834 0.870705 0.067643 0.106462 244 9
382.021 -8.21573 -0.0638784 20.3317 0.0354747 0.0333548 0.061141 0.108917 245 8
383.644 -8.31496 -0.0610404 20.3272 0.0399951 -0.0560522 0.0565053 0.115863 246 8
385.268 -8.40896 -0.0578408 20.3208 0.0441742 -0.0807047 0.0522387 0.116271 247 8
386.891 -8.4972 -0.0543069 20.301 0.0480088 -0.247502 0.0479322 0.104472 248 8
388.513 -8.57913 -0.0504662 20.3242 0.0514085 0.290799 0.0424972 0.102322 249 9
390.137 -8.65447 -0.0463535 20.3113 0.0545399 -0.161624 0.0391416 0.107195 250 8
391.761 -8.72268 -0.0419903 20.3284 0.0572073 0.214148 0.0333434 0.100389 251 9
393.386 -8.78351 -0.0374137 20.3107 0.059736 -0.221157 0.0316078 0.113168 252 8
395.01 -8.83653 -0.0326349 20.3188 0.0618186 0.100255 0.0260327 0.106611 253 9
396.635 -8.88153 -0.0276894 20.2894 0.0637394 -0.366735 0.024011 0.111415 254 8
398.257 -8.9182 -0.0225902 20.2273 0.0580046 -0.775981 -0.0716859 0.102236 255 0
399.875 -8.94724 -0.0179498 20.2472 0.052467 0.248432 -0.0692194 0.10272 256 3
401.495 -8.96952 -0.0137525 20.2528 0.0452286 0.0694036 -0.0904805 0.101203 257 6
403.115 -8.98594 -0.0101342 20.3312 0.0402645 0.979924 -0.0620514 0.109235 258 5
404.742 -8.99718 -0.00691304 20.2658 0.036044 -0.816751 -0.0527558 0.106227 259 0
406.363 -9.00371 -0.00402952 20.2695 0.0414315 0.0464678 0.0673437 0.100059 260 10
407.984 -9.00487 -0.000715002 20.1964 0.0462827 -0.914168 0.0606396 0.101953 261 8
409.6 -9.00005 0.00298761 20.1705 0.0496546 -0.323367 0.0421488 0.106194 262 9
411.214 -8.98882 0.00695998 20.1469 0.0524722 -0.295782 0.0352201 0.100397 263 9
412.825 -8.97083 0.0111578 20.1235 0.0548083 -0.292182 0.0292017 0.112652 264 9
414.435 -8.94581 0.0155424 20.0551 0.0572652 -0.854349 0.0307116 0.109214 265 8
416.039 -8.91353 0.0201236 20.0366 0.0586837 -0.232172 0.0177311 0.104996 266 9
417.642 -8.87375 0.0248183 19.9777 0.0601871 -0.736046 0.0187927 0.10261 267 8
419.239 -8.8264 0.0296333 19.9449 0.0610413 -0.410199 0.0106764 0.104193 268 9
420.834 -8.77133 0.0345166 19.823 0.0656667 -1.52347 0.0578182 0.101105 269 8
422.418 -8.70828 0.0397699 19.7155 0.0684814 -1.34373 0.0351834 0.116925 270 8
423.994 -8.63694 0.0452485 19.6394 0.0700381 -0.951314 0.0194585 0.107253 271 8
425.563 -8.55708 0.0508515 19.6327 0.0687949 -0.083375 -0.0155399 0.111802 272 9
427.131 -8.46861 0.0563551 19.6232 0.0672452 -0.119066 -0.0193714 0.110051 273 9
428.698 -8.37176 0.0617347 19.5719 0.0667367 -0.641394 -0.00635553 0.104355 274 8
430.26 -8.26682 0.0670736 19.5262 0.0655737 -0.570679 -0.0145382 0.106142 275 8
431.818 -8.15394 0.0723195 19.5267 0.0629335 0.00543594 -0.033002 0.106352 276 9
433.376 -8.03323 0.0773542 19.4979 0.0611665 -0.358915 -0.0220871 0.104104 277 8
434.93 -7.90508 0.0822475 19.5309 0.0668259 0.411439 0.070742 0.107475 278 4
436.487 -7.76839 0.0875936 19.5599 0.0681237 0.363088 0.0162226 0.105966 279 4
438.045 -7.62301 0.0930435 19.5322 0.0641039 -0.34616 -0.0502478 0.103924 280 8
439.6 -7.46985 0.0981718 19.5055 0.0599892 -0.334311 -0.0514335 0.102898 281 0
441.152 -7.30946 0.102971 19.4716 0.0549027 -0.423026 -0.0635808 0.100662 282 0
442.701 -7.14254 0.107363 19.4368 0.0492626 -0.435972 -0.0705013 0.102721 283 0
444.246 -6.96982 0.111304 19.4247 0.0432249 -0.150156 -0.0754711 0.099924 284 1
445.79 -6.79187 0.114762 19.4232 0.0366962 -0.0195742 -0.0816091 0.105326 285 1
447.333 -6.60941 0.117698 19.3776 0.0294963 -0.57025 -0.0899983 0.123927 286 0
448.872 -6.42374 0.120058 19.4059 0.0261095 0.354648 -0.0423351 0.11657 287 9
450.413 -6.23459 0.122146 19.3844 0.0166114 -0.269485 -0.118727 0.103104 288 0
451.952 -6.04359 0.123475 19.3742 0.0078277 -0.126958 -0.109796 0.102109 289 0
453.49 -5.85174 0.124101 19.3678 -0.000270373 -0.0805855 -0.101226 0.100455 290 0
455.027 -5.65998 0.12408 19.3703 -0.00777678 0.0313759 -0.0938301 0.103744 291 0
456.565 -5.46915 0.123458 19.3726 -0.0148187 0.0290155 -0.0880236 0.103422 292 0
458.103 -5.28012 0.122272 19.4095 -0.0126855 0.461173 0.0266649 0.101981 293 10
459.645 -5.0923 0.121257 19.4048 -0.0198141 -0.0580311 -0.0891075 0.100013 294 0
461.186 -4.90697 0.119672 19.4356 -0.0192027 0.384116 0.00764187 0.09815 295 9
462.73 -4.72371 0.118136 19.4402 -0.0182776 0.0578642 0.0115637 0.098902 296 8
464.275 -4.54267 0.116674 19.4698 -0.0175529 0.369358 0.00905972 0.099121 297 9
465.822 -4.36353 0.11527 19.4691 -0.0167653 -0.00782013 0.0098445 0.106189 298 8
467.369 -4.18646 0.113928 19.4919 -0.0159338 0.284028 0.0103937 0.10046 299 9
468.919 -4.01117 0.112654 19.5035 -0.0151776 0.145435 0.00945207 0.098593 300 9
470.469 -3.83765 0.111439 19.5183 -0.0143799 0.184608 0.00997155 0.098664 301 9
472.021 -3.66579 0.110289 19.5227 -0.0140919 0.055337 0.00359968 0.110313 302 8
473.574 -3.49564 0.109162 19.5377 -0.0138076 0.18754 0.00355355 0.101333 303 8
475.128 -3.32707 0.108057 19.5519 -0.0119414 0.177217 0.023328 0.100825 304 7
476.683 -3.15987 0.107102 19.5712 -0.0102717 0.241327 0.0208707 0.098974 305 7
478.24 -2.99378 0.10628 19.6637 -0.00452689 1.15619 0.0718107 0.099568 306 2
479.804 -2.82747 0.105918 19.7049 -0.00168721 0.515986 0.035496 0.099652 307 0
481.372 -2.66102 0.105783 19.7476 0.000408053 0.532627 0.0261908 0.108616 308 0
482.943 -2.49417 0.105816 19.7699 0.00165057 0.279164 0.0155315 0.101222 309 0
484.515 -2.32692 0.105948 19.8494 0.00355143 0.993466 0.0237607 0.097273 310 4
486.094 -2.15854 0.106232 19.8968 0.00372303 0.593472 0.00214501 0.099414 311 2
487.677 -1.9893 0.10653 19.9723 0.00315536 0.943565 -0.00709587 0.097448 312 5
489.266 -1.819 0.106782 20.0193 0.00109999 0.587511 -0.0256921 0.097134 313 3
490.858 -1.64817 0.10687 20.0794 -0.00232329 0.751352 -0.0427911 0.098013 314 4
492.455 -1.47713 0.106684 20.1249 -0.00631908 0.56839 -0.0499473 0.097876 315 3
494.056 -1.3065 0.106179 20.103 -0.013426 -0.273466 -0.0888365 0.0959 316 7
495.656 -1.13778 0.105105 20.1173 -0.0193939 0.177956 -0.0745986 0.100406 317 6
497.257 -0.971418 0.103553 20.1861 -0.0244946 0.860739 -0.0637587 0.098996 318 4
498.863 -0.807638 0.101593 20.276 -0.0304663 1.12336 -0.0746468 0.098688 319 5
500.477 -0.647063 0.0991561 20.3573 -0.0364578 1.01612 -0.0748937 0.099618 320 5
502.098 -0.49057 0.0962395 20.422 -0.0421552 0.808835 -0.0712173 0.112314 321 5
503.725 -0.339066 0.0928671 20.4707 -0.047314 0.608897 -0.0644854 0.102625 322 4
505.356 -0.193373 0.089082 20.4926 -0.0520077 0.274181 -0.0586706 0.102738 323 3
506.99 -0.0543195 0.0849213 20.4764 -0.0562473 -0.203514 -0.0529953 0.102462 324 2
508.622 0.0772777 0.0804216 20.4952 -0.0598755 0.235009 -0.045352 0.098521 325 3
510.257 0.201166 0.0756315 20.4856 -0.063091 -0.119615 -0.0401941 0.099883 326 2
511.892 0.316747 0.0705842 20.4911 -0.0656941 0.0688553 -0.0325383 0.100057 327 3
513.528 0.423763 0.0653287 20.4752 -0.0679583 -0.199246 -0.0283031 0.128415 328 2
515.163 0.521808 0.0598921 20.448 -0.0697833 -0.339437 -0.0228127 0.101643 329 2
516.796 0.610606 0.0543094 20.4239 -0.0711305 -0.300813 -0.0168398 0.101631 330 2
518.428 0.690014 0.0486189 20.3979 -0.0720205 -0.32599 -0.0111246 0.100402 331 2
520.059 0.759928 0.0428573 20.4345 -0.0722853 0.457788 -0.00331057 0.100849 332 4
521.692 0.820522 0.0370745 20.5056 -0.0720934 0.889182 0.00239955 0.102579 333 5
523.332 0.871872 0.031307 20.5751 -0.0716247 0.868654 0.00585886 0.099118 334 5
524.977 0.913967 0.025577 20.639 -0.0709467 0.799227 0.00847457 0.098676 335 5
526.628 0.946824 0.0199013 20.6889 -0.0699909 0.62325 0.0119475 0.09792 336 5
528.283 0.970495 0.014302 20.6496 -0.0691357 -0.491881 0.0106893 0.099004 337 2
529.935 0.984985 0.00877118 20.62 -0.0681372 -0.369453 0.0124816 0.105747 338 2
531.585 0.990462 0.0033202 20.6024 -0.0669446 -0.219607 0.0149083 0.109901 339 2
533.233 0.987107 -0.00203536 20.5796 -0.0637482 -0.285029 0.0399538 0.11411 340 6
534.879 0.97536 -0.00713522 20.5601 -0.0623889 -0.243807 0.0169916 0.108163 341 2
536.524 0.955415 -0.0121263 20.533 -0.0594285 -0.33927 0.0370049 0.112022 342 6
538.166 0.927687 -0.0168806 20.5238 -0.0579733 -0.114441 0.0181899 0.107122 343 2
539.808 0.892359 -0.0215185 20.5057 -0.0562854 -0.226402 0.0210987 0.103253 344 2
541.448 0.849677 -0.0260213 20.4705 -0.053854 -0.440335 0.0303929 0.105498 345 6
543.085 0.800015 -0.0303296 20.4584 -0.0520328 -0.15099 0.0227657 0.115276 346 2
544.72 0.743574 -0.0344923 20.4352 -0.0498879 -0.290251 0.0268104 0.111754 347 6
546.354 0.680676 -0.0384833 20.4826 -0.0477784 0.593233 0.0263696 0.115338 348 4
547.991 0.611375 -0.0423056 20.469 -0.0457998 -0.170994 0.0247315 0.116062 349 2
549.627 0.536125 -0.0459696 20.5339 -0.043663 0.812149 0.02671 0.113424 350 5
551.268 0.454905 -0.0494626 20.5138 -0.0415914 -0.251436 0.0258951 0.102378 351 2
552.906 0.368312 -0.0527899 20.5286 -0.039394 0.184655 0.0274676 0.11822 352 3
554.546 0.276488 -0.0559414 20.4648 -0.0377037 -0.797272 0.0211286 0.101047 353 0
556.18 0.180019 -0.0589577 20.4858 -0.0354904 0.262189 0.027667 0.103797 354 3
557.816 0.0788067 -0.061797 20.4965 -0.0245872 0.133705 0.136289 0.102738 355 10
559.453 -0.0256774 -0.0637639 20.4794 -0.0233629 -0.213909 0.0153044 0.103623 356 2
561.087 -0.13313 -0.065633 20.4279 -0.0222351 -0.643444 0.0140969 0.104755 357 1
562.718 -0.243213 -0.0674118 20.3576 -0.0212673 -0.878525 0.012098 0.103001 358 0
564.343 -0.355682 -0.0691132 20.3828 -0.0200872 0.314379 0.0147506 0.101316 359 3
565.969 -0.470903 -0.0707201 20.381 -0.018802 -0.0218391 0.0160648 0.101066 360 2
567.595 -0.588561 -0.0722243 20.3679 -0.0174871 -0.163627 0.0164365 0.105275 361 2
569.22 -0.708417 -0.0736233 20.3502 -0.0161481 -0.222135 0.0167376 0.104733 362 6
570.844 -0.830266 -0.0749151 20.278 -0.0149672 -0.902152 0.0147611 0.10627 363 0
572.461 -0.95362 -0.0761125 20.354 -0.0137166 0.949955 0.0156326 0.10544 364 5
574.085 -1.07922 -0.0772098 20.429 -0.0124118 0.937772 0.0163107 0.108232 365 5
575.714 -1.20689 -0.0782028 20.4648 -0.0111416 0.447845 0.0158772 0.103215 366 4
577.346 -1.33625 -0.0790941 20.458 -0.00963605 -0.0857353 0.0188193 0.103834 367 7
578.978 -1.46682 -0.079865 20.4433 -0.00842873 -0.183439 0.0150915 0.10218 368 2
580.608 -1.5984 -0.0805393 20.3823 -0.00739429 -0.762725 0.0129305 0.100596 369 0
582.233 -1.73055 -0.0811308 20.3847 -0.00435297 0.02985 0.0380165 0.100909 370 2
583.858 -1.86327 -0.0814791 20.3662 -0.00263476 -0.231004 0.0214777 0.101318 371 6
585.482 -1.99622 -0.0816898 20.454 -0.000419699 1.09811 0.0276882 0.102654 372 5
587.113 -2.1298 -0.0817234 20.4551 0.0023996 0.0135899 0.0352413 0.099303 373 2
588.744 -2.26307 -0.0815315 20.4652 0.00487524 0.12536 0.0309455 0.09981 374 3
590.376 -2.39577 -0.0811414 20.4965 0.00709841 0.391626 0.0277896 0.101598 375 3
592.01 -2.52774 -0.0805736 20.5099 0.00925626 0.16799 0.0269731 0.100446 376 3
593.646 -2.65859 -0.0798331 20.5311 0.0112273 0.265193 0.0246384 0.100361 377 3
595.283 -2.78811 -0.0789349 20.5531 0.013025 0.27504 0.0224709 0.102462 378 3
596.923 -2.91606 -0.0778929 20.5743 0.0145588 0.264239 0.019172 0.103544 379 3
598.564 -3.04222 -0.0767282 20.619 0.0156737 0.559497 0.013937 0.103219 380 4
600.208 -3.1666 -0.0754743 20.6684 0.0165571 0.617218 0.0110427 0.101585 381 4
