1.12 10 0 14.1015 -0.00642267 1.2682 -0.0802833 0.955836 1 0
2.24812 9.99942 -0.000513813 14.2047 -0.0120337 1.29013 -0.0701375 0.513927 2 0
3.38449 9.99774 -0.00147651 14.3072 -0.0169695 1.28223 -0.0616981 0.679442 3 0
4.52906 9.9945 -0.00283407 14.4053 -0.0216731 1.22604 -0.0587945 0.672243 4 0
5.68148 9.98923 -0.00456791 14.5019 -0.0259753 1.20662 -0.0537779 0.579059 5 0
6.8416 9.98152 -0.00664594 14.5945 -0.0298858 1.158 -0.0488817 0.690995 6 0
8.00911 9.97097 -0.00903681 14.6813 -0.0337148 1.08476 -0.0478622 0.596466 7 0
9.18353 9.95719 -0.011734 14.7665 -0.0371583 1.06473 -0.0430429 0.715556 8 0
10.3647 9.93982 -0.0147067 14.8519 -0.0402157 1.0676 -0.0382184 0.694477 9 0
11.5527 9.91852 -0.0179239 14.9265 -0.0436048 0.933361 -0.0423638 0.668416 10 0
12.7465 9.89296 -0.0214123 14.9962 -0.0469543 0.871062 -0.0418685 0.653368 11 0
13.9458 9.86277 -0.0251686 15.072 -0.0495036 0.946736 -0.0318664 0.698911 12 0
15.1511 9.82765 -0.0291289 15.1314 -0.0533364 0.74352 -0.0479093 0.679399 13 5
16.3609 9.78723 -0.0333958 15.1856 -0.0563108 0.676548 -0.0371803 0.627483 14 5
17.5749 9.7412 -0.0379007 15.2521 -0.0576659 0.831461 -0.0169394 0.739403 15 0
18.794 9.68934 -0.042514 15.34 -0.0606488 1.09897 -0.0372857 0.701581 16 3
20.0198 9.63123 -0.0473659 15.4067 -0.0616196 0.834167 -0.0121355 0.567695 17 0
21.2506 9.56681 -0.0522954 15.4706 -0.0624442 0.798607 -0.0103073 0.685674 18 0
22.4863 9.49594 -0.057291 15.5575 -0.0640036 1.08587 -0.019493 0.652428 19 3
23.7284 9.41831 -0.0624113 15.6411 -0.0650001 1.04568 -0.0124551 0.761323 20 3
24.9769 9.33378 -0.0676113 15.7173 -0.0654109 0.95222 -0.00513569 0.828142 21 3
26.2309 9.24226 -0.0728441 15.7937 -0.0662305 0.954247 -0.0102445 0.732145 22 4
27.4906 9.14363 -0.0781426 15.8707 -0.0654553 0.962639 0.00969023 0.489589 23 3
28.7558 9.03789 -0.083379 15.9462 -0.0642585 0.94409 0.0149596 0.412462 24 3
30.0265 8.92511 -0.0885197 16.0208 -0.0626582 0.932229 0.0200034 0.473651 25 3
31.3026 8.80541 -0.0935323 16.0981 -0.0609625 0.965929 0.0211958 0.425876 26 3
32.5842 8.67888 -0.0984093 16.132 -0.0617492 0.423908 -0.00983379 0.531495 27 0
33.8679 8.54574 -0.103349 16.1643 -0.0621925 0.40431 -0.00554076 0.604221 28 0
35.1534 8.40593 -0.108325 16.1948 -0.0624924 0.381136 -0.00374825 0.523864 29 0
36.4407 8.25943 -0.113324 16.2227 -0.0625984 0.348377 -0.00132481 0.535479 30 0
37.7294 8.10621 -0.118332 16.2223 -0.0621468 -0.00445843 0.00564442 0.430304 31 0
39.0174 7.9466 -0.123304 16.235 -0.0617177 0.158334 0.00536349 0.440331 32 0
40.3055 7.78049 -0.128241 16.2523 -0.0612213 0.216627 0.0062055 0.47892 33 0
41.5942 7.6079 -0.133139 16.2739 -0.0606977 0.270271 0.00654459 0.493837 34 0
42.8837 7.42881 -0.137995 16.2995 -0.0598494 0.319338 0.0106042 0.552931 35 0
44.1744 7.24326 -0.142783 16.3239 -0.0589434 0.30582 0.0113246 0.493588 36 0
45.4661 7.05134 -0.147498 16.348 -0.0578893 0.300908 0.013176 0.595253 37 0
46.7589 6.85314 -0.152129 16.3758 -0.0565268 0.346804 0.0170321 0.409675 38 0
48.0529 6.64876 -0.156651 16.402 -0.0551324 0.32835 0.0174296 0.462047 39 0
49.3481 6.43833 -0.161062 16.4291 -0.0534878 0.33884 0.0205571 0.443196 40 0
50.6445 6.22201 -0.165341 16.455 -0.051713 0.322843 0.0221851 0.438976 41 0
51.942 5.99998 -0.169478 16.4793 -0.0498228 0.304723 0.0236272 0.477955 42 0
53.2406 5.77243 -0.173464 16.5035 -0.0478025 0.302243 0.0252545 0.427194 43 0
54.5402 5.53959 -0.177288 16.5251 -0.0455793 0.269628 0.0277893 0.445775 44 0
55.8406 5.3017 -0.180934 16.5451 -0.0432634 0.250697 0.0289496 0.461235 45 0
57.1418 5.05901 -0.184395 16.5641 -0.0409275 0.23706 0.0291978 0.485253 46 0
58.4436 4.81178 -0.18767 16.5826 -0.0383966 0.231147 0.0316364 0.468389 47 0
59.7462 4.56027 -0.190741 16.5947 -0.0358535 0.151062 0.0317887 0.509492 48 0
61.0489 4.30484 -0.19361 16.6044 -0.0332863 0.121617 0.0320899 0.520285 49 0
62.3518 4.04579 -0.196273 16.6078 -0.030636 0.0426769 0.0331287 0.500468 50 0
63.6543 3.7835 -0.198723 16.6037 -0.0280441 -0.0511646 0.0323988 0.586197 51 0
64.9558 3.51835 -0.200967 16.5975 -0.0253187 -0.077939 0.0340685 0.463056 52 0
66.2564 3.25066 -0.202992 16.585 -0.0225794 -0.156045 0.0342412 0.494642 53 0
67.5555 2.98083 -0.204799 16.5644 -0.0198448 -0.258017 0.0341817 0.519961 54 0
68.8525 2.70927 -0.206386 16.5295 -0.017166 -0.435877 0.0334852 0.488641 55 0
70.1464 2.43651 -0.20776 16.5475 -0.0153263 0.22521 0.0229965 0.520443 56 0
71.4414 2.16187 -0.208986 16.6792 -0.0135193 1.64557 0.022588 0.478768 57 2
72.7464 1.88362 -0.210067 16.8053 -0.0114528 1.57716 0.0258306 0.483561 58 2
74.061 1.60207 -0.210984 16.8905 -0.00914215 1.06499 0.0288832 0.507941 59 1
75.3821 1.31813 -0.211715 16.9554 -0.0106268 0.810242 -0.0185578 0.432831 60 1
76.708 1.03196 -0.212565 17.0342 -0.00679058 0.985909 0.0479524 0.536922 61 5
78.0399 0.743745 -0.213108 17.074 -0.0019312 0.49715 0.0607422 0.521294 62 4
79.3749 0.454648 -0.213263 17.098 0.00364497 0.299525 0.0697021 0.486847 63 4
80.7118 0.165535 -0.212971 17.1138 0.00942797 0.197816 0.0722876 0.52248 64 4
82.0502 -0.122836 -0.212217 17.1316 0.0152384 0.222683 0.0726309 0.523783 65 4
83.3903 -0.409874 -0.210998 17.1507 0.0208819 0.238419 0.0705431 0.528605 66 4
84.7324 -0.694989 -0.209327 17.1828 0.0259384 0.401592 0.0632069 0.520509 67 4
86.0776 -0.977848 -0.207252 17.2178 0.031376 0.436759 0.0679698 0.49416 68 5
87.4263 -1.2579 -0.204742 17.3152 0.0275131 1.21815 -0.0482872 0.519299 69 2
88.7832 -1.53655 -0.202541 17.3252 0.0339732 0.124526 0.0807521 0.441553 70 4
90.1416 -1.81167 -0.199823 17.3285 0.0410244 0.0412226 0.0881393 0.567565 71 4
91.5012 -2.08238 -0.196541 17.3345 0.0479109 0.0758886 0.0860821 0.510721 72 4
92.8623 -2.34797 -0.192708 17.3396 0.0543084 0.0638723 0.0799678 0.554604 73 4
94.2249 -2.60772 -0.188364 17.3487 0.0603561 0.113583 0.0755965 0.534079 74 4
95.5895 -2.86102 -0.183535 17.3712 0.0529704 0.280285 -0.0923212 0.575737 75 1
96.9569 -3.10885 -0.179298 17.399 0.0605647 0.347948 0.0949286 0.625477 76 5
98.3277 -3.35045 -0.174452 17.4495 0.0524466 0.631857 -0.101476 0.643008 77 2
99.7035 -3.58697 -0.170257 17.4573 0.0603726 0.0966549 0.0990742 0.563358 78 5
101.081 -3.81695 -0.165427 17.458 0.0683366 0.00972748 0.0995507 0.545244 79 5
102.46 -4.03941 -0.15996 17.4657 0.0758052 0.0952959 0.0933575 0.466299 80 5
103.841 -4.25359 -0.153896 17.4747 0.0827475 0.11251 0.086779 0.479362 81 5
105.223 -4.45873 -0.147276 17.5245 0.0697613 0.622749 -0.162328 0.378384 82 2
106.611 -4.65672 -0.141695 17.5572 0.0586326 0.408554 -0.139109 0.458743 83 3
108.003 -4.84855 -0.137004 17.5449 0.0493121 -0.15347 -0.116506 0.500185 84 1
109.394 -5.03476 -0.133059 17.5361 0.0417904 -0.110316 -0.0940219 0.582897 85 1
110.785 -5.21623 -0.129716 17.5682 0.036284 0.401545 -0.0688297 0.608924 86 2
112.179 -5.39398 -0.126813 17.6727 0.0250248 1.30589 -0.14074 0.621945 87 4
113.582 -5.56999 -0.124811 17.6437 0.0231085 -0.362396 -0.0239542 0.643076 88 3
114.983 -5.74311 -0.122963 17.7973 0.0158972 1.92063 -0.0901411 0.616917 89 5
116.396 -5.91594 -0.121691 17.8657 0.0113056 0.854373 -0.057395 0.626525 90 5
117.815 -6.08816 -0.120786 17.8085 0.0135563 -0.714421 0.0281341 0.603936 91 3
119.229 -6.25829 -0.119702 17.8453 0.0115494 0.459242 -0.0250871 0.600541 92 5
120.647 -6.42746 -0.118778 17.8857 0.00918154 0.505137 -0.029598 0.767288 93 5
122.068 -6.59597 -0.118044 17.8137 0.0137882 -0.899291 0.0575835 0.701823 94 1
123.483 -6.76224 -0.11694 17.6446 0.0155898 -2.11406 0.0225196 0.618098 95 0
124.885 -6.92519 -0.115693 17.5761 0.0206485 -0.856257 0.0632344 0.53288 96 1
126.282 -7.08519 -0.114041 17.5516 0.0273589 -0.306845 0.0838793 0.549444 97 2
127.678 -7.24192 -0.111853 17.5073 0.0332559 -0.553036 0.0737125 0.634941 98 2
129.07 -7.39455 -0.109192 17.4132 0.0406518 -1.17586 0.0924492 0.648241 99 3
130.455 -7.54186 -0.10594 17.3342 0.0455277 -0.988507 0.0609482 0.714584 100 3
131.835 -7.68347 -0.102298 17.2534 0.0495722 -1.00999 0.0505565 0.710906 101 3
133.208 -7.81897 -0.0983321 17.3033 0.0467932 0.624728 -0.0347379 0.690865 102 5
134.586 -7.94972 -0.0945886 17.3378 0.0469818 0.430584 0.00235839 0.779076 103 5
135.968 -8.07553 -0.0908301 17.2436 0.0547152 -1.17686 0.0966676 0.711943 104 3
137.342 -8.19464 -0.0864528 17.2763 0.055417 0.4076 0.00877236 0.746888 105 5
138.719 -8.30787 -0.0820195 17.3149 0.0566961 0.48306 0.0159882 0.690351 106 5
140.1 -8.41509 -0.0774838 17.377 0.0598821 0.776672 0.0398248 0.642828 107 4
141.487 -8.51606 -0.0726932 17.2528 0.0760812 -1.55303 0.202489 0.731112 108 2
142.864 -8.60792 -0.0666067 17.1088 0.089648 -1.80008 0.169586 0.702451 109 1
144.23 -8.68922 -0.0594349 16.9863 0.0905951 -1.53153 0.0118379 0.685072 110 4
145.587 -8.76011 -0.0521873 16.9322 0.0958286 -0.675678 0.0654193 0.692615 111 2
146.941 -8.8204 -0.044521 16.8075 0.0998489 -1.55828 0.0502536 0.58549 112 0
148.284 -8.86951 -0.0365331 16.7796 0.106277 -0.348687 0.0803569 0.627129 113 2
149.626 -8.90713 -0.0280309 16.7589 0.100524 -0.259256 -0.0719177 0.712054 114 3
150.967 -8.93393 -0.019989 16.7689 0.0947231 0.124693 -0.0725113 0.541601 115 3
152.308 -8.95058 -0.0124111 16.7533 0.0863791 -0.195313 -0.1043 0.562803 116 5
153.648 -8.95795 -0.00550078 16.8079 0.081902 0.682449 -0.0559645 0.530366 117 3
154.993 -8.95654 0.00105138 16.9186 0.0778078 1.38404 -0.0511776 0.484501 118 3
156.346 -8.94669 0.007276 17.0278 0.0796277 1.36473 0.0227495 0.538263 119 2
157.709 -8.9281 0.0136462 17.1569 0.0776366 1.61393 -0.0248892 0.51786 120 1
159.081 -8.90085 0.0198571 17.3311 0.0754076 2.17843 -0.0278624 0.518432 121 0
160.467 -8.86495 0.0258898 17.5289 0.0715455 2.47209 -0.0482765 0.557775 122 0
161.868 -8.82063 0.0316134 17.8489 0.0682083 4 -0.0417153 0.619764 123 3
163.295 -8.76771 0.0370701 18.0657 0.0628457 2.71041 -0.0670324 0.661775 124 0
164.739 -8.70689 0.0420977 18.3857 0.0609698 4 -0.0234477 0.716494 125 3
166.209 -8.63782 0.0469753 18.7057 0.0573396 4 -0.0453787 0.677998 126 5
167.703 -8.56069 0.0515625 19.0257 0.0564047 4 -0.0116859 0.676192 127 3
169.223 -8.47539 0.0560748 19.3457 0.0553239 4 -0.0135095 0.672007 128 3
170.768 -8.38181 0.0605007 19.6539 0.0540485 3.85153 -0.0159428 0.53795 129 3
172.337 -8.27996 0.0648246 19.9145 0.0526308 3.25737 -0.0177208 0.451551 130 3
173.926 -8.17006 0.0690351 20.1145 0.0508731 2.50115 -0.0219716 0.461022 131 3
175.531 -8.05253 0.0731049 20.3267 0.0459508 2.65212 -0.0615282 0.530095 132 5
177.152 -7.92779 0.076781 20.0894 0.0125356 -2.96586 -0.41769 0.581498 133 2
178.754 -7.80291 0.0777839 20.1339 0.0213227 0.555253 0.109839 0.289163 134 2
180.36 -7.67501 0.0794897 20.1836 0.0256336 0.622153 0.0538863 0.25232 135 5
181.969 -7.54349 0.0815404 20.2493 0.0288219 0.820279 0.0398533 0.147199 136 5
183.584 -7.40782 0.0838461 20.3076 0.0310791 0.728989 0.0282146 0.213199 137 5
185.202 -7.26774 0.0863324 20.3554 0.0350706 0.598311 0.0498948 0.242422 138 1
186.824 -7.12278 0.0891381 20.4043 0.0364005 0.611186 0.0166231 0.194008 139 5
188.45 -6.97273 0.0920501 20.4263 0.0388178 0.274658 0.0302162 0.260426 140 3
190.076 -6.81747 0.0951555 20.4885 0.0410872 0.777841 0.0283672 0.372734 141 2
191.707 -6.65638 0.0984425 20.5624 0.041104 0.923705 0.000210758 0.479344 142 2
