1.12 10 0 14.0735 -0.00747511 0.918305 -0.0934389 0.183406 1 0
2.24588 9.99933 -0.000598009 14.1508 -0.0121935 0.967157 -0.0589794 0.074998 2 0
3.37794 9.99755 -0.00157349 14.2294 -0.0163686 0.981605 -0.0521887 0.075998 3 0
4.51629 9.99426 -0.00288297 14.3007 -0.0209556 0.891829 -0.0573377 0.078252 4 0
5.66033 9.98905 -0.00455942 14.3516 -0.0261792 0.63591 -0.0652958 0.078456 5 0
6.80843 9.98141 -0.00665375 14.4382 -0.0289458 1.08323 -0.0345817 0.077439 6 0
7.96345 9.97105 -0.00896942 14.4961 -0.0314559 0.723696 -0.0313767 0.077279 7 0
9.12306 9.95773 -0.0114859 14.5501 -0.0326919 0.674307 -0.0154495 0.078898 8 0
10.287 9.94131 -0.0141012 14.6419 -0.0360572 1.14762 -0.0420671 0.116833 9 0
11.4581 9.92142 -0.0169858 14.7098 -0.0410914 0.849342 -0.062927 0.116267 10 0
12.6347 9.89756 -0.0202731 14.8037 -0.0432239 1.17339 -0.0266564 0.182985 11 0
13.8186 9.86946 -0.023731 14.8864 -0.0449924 1.0341 -0.0221058 0.14745 12 0
15.0091 9.83692 -0.0273304 14.9487 -0.048748 0.778222 -0.0469458 0.152629 13 0
16.2044 9.79958 -0.0312303 15.0415 -0.0500243 1.15961 -0.015953 0.187308 14 0
17.407 9.75719 -0.0352322 15.0966 -0.0537989 0.688648 -0.0471825 0.153873 15 0
18.6138 9.70945 -0.0395361 15.1504 -0.0570997 0.672448 -0.0412602 0.217906 16 0
19.8246 9.65601 -0.0441041 15.2044 -0.0600776 0.675106 -0.0372242 0.248984 17 0
21.0395 9.59655 -0.0489103 15.2568 -0.0625041 0.655031 -0.0303304 0.252884 18 0
22.2583 9.53078 -0.0539106 15.3063 -0.0646728 0.618577 -0.0271088 0.250811 19 0
23.4807 9.45847 -0.0590845 15.4004 -0.0643429 1.17638 0.00412287 0.249834 20 0
24.7101 9.37939 -0.0642319 15.4843 -0.064191 1.04951 0.00189887 0.268632 21 0
25.9459 9.29353 -0.0693672 15.5279 -0.0662006 0.544798 -0.0251199 0.252403 22 0
27.1847 9.20087 -0.0746632 15.6056 -0.0649539 0.971484 0.0155837 0.250264 23 0
28.4291 9.10127 -0.0798595 15.634 -0.0667613 0.35522 -0.0225928 0.282764 24 0
29.6753 8.99484 -0.0852004 15.6559 -0.0678271 0.273561 -0.0133223 0.281743 25 0
30.9227 8.88149 -0.0906266 15.6779 -0.068024 0.274122 -0.00246149 0.284619 26 0
32.1711 8.76118 -0.0960685 15.7014 -0.0679445 0.294626 0.000994373 0.285198 27 0
33.4208 8.6339 -0.101504 15.7253 -0.0676029 0.298572 0.00426946 0.291749 28 0
34.6716 8.49966 -0.106912 15.7482 -0.0671221 0.28553 0.00601066 0.288467 29 0
35.9235 8.35849 -0.112282 15.7716 -0.0663833 0.292635 0.00923425 0.288074 30 0
37.1765 8.21047 -0.117593 15.7865 -0.0657752 0.18661 0.00760146 0.290107 31 0
38.4299 8.0557 -0.122855 15.7984 -0.0650374 0.148487 0.00922279 0.294167 32 0
39.6835 7.89429 -0.128058 15.8145 -0.0640204 0.201952 0.012712 0.299821 33 0
40.9374 7.7263 -0.133179 15.8347 -0.0629212 0.251627 0.0137406 0.294797 34 0
42.1921 7.55177 -0.138213 15.8459 -0.061832 0.140035 0.0136151 0.289663 35 0
43.4468 7.37091 -0.14316 15.8692 -0.0604402 0.291562 0.0173967 0.285509 36 0
44.7025 7.18371 -0.147995 15.8894 -0.0587579 0.252295 0.0210296 0.293266 37 0
45.9588 6.99037 -0.152695 15.9133 -0.0570267 0.299001 0.0216396 0.286147 38 0
47.2162 6.79099 -0.157258 15.9378 -0.0551701 0.306678 0.0232072 0.289411 39 0
48.4746 6.58575 -0.161671 15.96 -0.053271 0.277257 0.0237387 0.294049 40 0
49.7338 6.37486 -0.165933 15.9844 -0.0512249 0.304556 0.025576 0.291258 41 0
50.9942 6.15848 -0.170031 16.0098 -0.0490514 0.318205 0.0271697 0.295496 42 0
52.2556 5.9368 -0.173955 16.0339 -0.046912 0.300884 0.0267422 0.294526 43 0
53.5181 5.71005 -0.177708 16.0583 -0.0446891 0.304794 0.0277863 0.294112 44 0
54.7817 5.47844 -0.181283 16.0799 -0.0422676 0.270557 0.0302685 0.29748 45 0
56.0463 5.24224 -0.184665 16.1055 -0.039802 0.319505 0.0308198 0.294578 46 0
57.312 5.00162 -0.187849 16.1387 -0.0371742 0.415039 0.0328476 0.29585 47 0
58.5797 4.75675 -0.190823 16.1668 -0.0347344 0.351524 0.0304975 0.298579 48 0
59.8489 4.50791 -0.193601 16.1955 -0.0321447 0.359201 0.0323714 0.303881 49 0
61.1197 4.25537 -0.196173 16.2241 -0.0295533 0.356674 0.0323929 0.306647 50 0
62.3921 3.99937 -0.198537 16.2509 -0.0269454 0.33505 0.0325983 0.309414 51 0
63.6661 3.74021 -0.200693 16.2799 -0.0242975 0.362515 0.0330989 0.302256 52 0
64.9418 3.4781 -0.202637 16.3063 -0.0217356 0.329781 0.0320233 0.303059 53 0
66.2192 3.21334 -0.204375 16.3316 -0.0191732 0.317001 0.0320299 0.317115 54 0
67.4981 2.94621 -0.205909 16.3442 -0.0168706 0.157309 0.0287824 0.308581 55 0
68.7776 2.67715 -0.207259 16.369 -0.0143672 0.309706 0.0312923 0.308374 56 0
70.0588 2.40621 -0.208408 16.3808 -0.0120756 0.147343 0.0286457 0.328125 57 0
71.3407 2.13383 -0.209374 16.4005 -0.0103054 0.246668 0.0221279 0.338203 58 0
72.6238 1.86007 -0.210199 16.4126 -0.00833659 0.151014 0.0246097 0.334775 59 0
73.9078 1.58524 -0.210866 16.4289 -0.00625907 0.204253 0.025969 0.330923 60 0
75.1928 1.30951 -0.211367 16.4401 -0.00399578 0.139213 0.0282911 0.341559 61 0
76.4787 1.03317 -0.211686 16.455 -0.00163584 0.186944 0.0294993 0.357367 62 0
77.7657 0.756414 -0.211817 16.3034 -0.00121871 -1.89488 0.0052141 0.375779 63 0
79.0408 0.482084 -0.211915 16.1449 -0.000315798 -1.98164 0.0112864 0.367691 64 0
80.3034 0.210388 -0.21194 15.9857 0.000903075 -1.99016 0.0152359 0.352741 65 0
81.5537 -0.058537 -0.211868 15.8824 0.00335588 -1.29169 0.03066 0.477101 66 0
82.796 -0.32539 -0.211599 15.8386 0.00567648 -0.546741 0.0290076 0.462449 67 0
84.0349 -0.590946 -0.211145 15.7923 0.00786593 -0.579035 0.0273681 0.491345 68 0
85.2704 -0.854948 -0.210516 15.7624 0.0101029 -0.373209 0.0279618 0.446112 69 0
86.5038 -1.11745 -0.209707 15.731 0.0122578 -0.393236 0.0269362 0.531237 70 0
87.7349 -1.37823 -0.208727 15.704 0.0144018 -0.337458 0.0268002 0.486342 71 0
88.9643 -1.63714 -0.207575 15.6685 0.016332 -0.44322 0.0241273 0.500514 72 0
90.1912 -1.89386 -0.206268 15.6438 0.0183979 -0.308859 0.0258242 0.49831 73 0
91.4165 -2.14838 -0.204796 15.6206 0.0204262 -0.290143 0.0253541 0.479308 74 0
92.6405 -2.40052 -0.203162 15.5999 0.0224222 -0.258839 0.0249501 0.493649 75 0
93.8633 -2.65013 -0.201368 15.5838 0.0244057 -0.201762 0.024793 0.483529 76 0
95.0853 -2.8971 -0.199416 15.5613 0.0263444 -0.280499 0.0242344 0.483005 77 0
96.306 -3.14114 -0.197308 15.4848 0.0280281 -0.956655 0.0210453 0.527585 78 0
97.5213 -3.38125 -0.195066 15.3196 0.0292515 -2.06506 0.0152927 0.375022 79 0
98.7242 -3.61599 -0.192726 15.1395 0.0316407 -2.25078 0.0298647 0.41327 80 0
99.9135 -3.84496 -0.190195 14.9603 0.0324966 -2.23966 0.0106993 0.386346 81 0
101.089 -4.06817 -0.187595 14.7785 0.0333049 -2.27361 0.0101031 0.373949 82 0
102.251 -4.28556 -0.184931 14.5919 0.0341703 -2.33235 0.0108183 0.379055 83 0
103.399 -4.49707 -0.182197 14.3997 0.0354565 -2.40215 0.0160771 0.39919 84 0
104.533 -4.70259 -0.179361 14.2098 0.0361711 -2.37396 0.00893218 0.403861 85 0
105.652 -4.90215 -0.176467 14.024 0.0366399 -2.32251 0.00586021 0.381737 86 0
106.757 -5.09587 -0.173536 13.8373 0.0370315 -2.33405 0.0048955 0.392532 87 0
107.848 -5.28378 -0.170573 13.6505 0.0373712 -2.33496 0.0042459 0.395074 88 0
108.925 -5.46593 -0.167583 13.4638 0.0377486 -2.33358 0.00471761 1.58362 89 0
109.987 -5.64238 -0.164564 13.2716 0.0386504 -2.40252 0.0112731 0.415532 90 0
111.035 -5.81307 -0.161472 13.09 0.0390845 -2.26948 0.00542533 0.404609 91 0
112.069 -5.9782 -0.158345 12.9001 0.0401275 -2.37439 0.0130373 0.411677 92 0
113.089 -6.13766 -0.155135 12.7212 0.0408616 -2.23545 0.00917693 1.37775 93 0
114.095 -6.29162 -0.151866 12.663 0.0412896 -0.728095 0.00534984 0.596302 94 0
115.097 -6.44157 -0.148562 12.5678 0.0415026 -1.18984 0.00266219 0.563067 95 0
116.092 -6.58708 -0.145242 12.5183 0.0418216 -0.618255 0.00398769 0.644329 96 0
117.083 -6.72871 -0.141897 12.4327 0.0419553 -1.07064 0.00167112 0.583929 97 0
118.068 -6.86606 -0.13854 12.3768 0.0423985 -0.698757 0.00554048 0.565448 98 0
119.049 -6.99947 -0.135148 12.297 0.0423932 -0.997043 -6.57979e-05 0.532948 99 0
120.025 -7.12872 -0.131757 12.2464 0.0424246 -0.632656 0.000391621 0.592619 100 0
120.996 -7.25413 -0.128363 12.1764 0.0423413 -0.875568 -0.00104085 0.57731 101 0
121.963 -7.37555 -0.124976 12.1162 0.0422816 -0.752401 -0.000746036 0.676515 102 0
122.925 -7.49312 -0.121593 12.0687 0.0421562 -0.592864 -0.00156816 0.68186 103 0
123.884 -7.607 -0.11822 12.0009 0.041917 -0.848508 -0.00298996 0.595799 104 0
124.837 -7.71704 -0.114867 11.9544 0.041702 -0.58043 -0.00268742 0.693671 105 0
125.788 -7.82348 -0.111531 11.9012 0.0414521 -0.665033 -0.003123 0.688121 106 0
126.734 -7.92631 -0.108215 11.8476 0.0411155 -0.670767 -0.00420813 0.634238 107 0
127.677 -8.02557 -0.104926 11.8011 0.040746 -0.580108 -0.00461875 0.681861 108 0
128.616 -8.12139 -0.101666 11.7481 0.0403265 -0.662661 -0.00524344 0.5888 109 0
129.551 -8.21376 -0.0984398 11.707 0.0398592 -0.514102 -0.005842 0.511767 110 0
130.484 -8.30283 -0.095251 11.655 0.0393719 -0.650406 -0.00609048 0.611586 111 0
131.412 -8.38859 -0.0921013 11.5384 0.0386361 -1.45682 -0.0091983 0.781784 112 0
132.332 -8.47064 -0.0890104 11.5444 0.0382289 0.0746369 -0.00508907 0.479075 113 0
133.252 -8.54992 -0.0859521 11.5146 0.0377094 -0.372565 -0.0064936 0.638271 114 0
134.17 -8.62624 -0.0829353 11.4962 0.0372014 -0.229919 -0.00635004 0.585232 115 0
135.086 -8.69969 -0.0799592 11.4489 0.0365789 -0.591016 -0.00778185 0.668341 116 0
136 -8.77018 -0.0770329 11.3783 0.0358621 -0.882554 -0.00896025 0.595463 117 0
136.907 -8.83763 -0.0741639 11.377 0.0353261 -0.0159383 -0.00669956 0.732851 118 0
137.815 -8.9025 -0.0713378 11.3415 0.0346718 -0.444734 -0.00817841 0.531876 119 0
138.72 -8.96466 -0.0685641 11.314 0.034044 -0.342679 -0.00784802 0.698866 120 0
139.624 -9.02421 -0.0658406 11.2731 0.0333336 -0.511527 -0.00887946 0.751142 121 0
140.524 -9.08115 -0.0631739 11.2371 0.0326128 -0.450587 -0.00901027 0.708094 122 0
141.421 -9.13556 -0.0605649 11.1654 0.0317913 -0.895953 -0.0102687 0.74177 123 0
142.313 -9.18736 -0.0580215 11.1684 0.0311129 0.0378966 -0.00848018 0.827294 124 0
143.205 -9.23695 -0.0555325 11.1112 0.0303096 -0.71553 -0.010041 0.682476 125 0
144.092 -9.28413 -0.0531077 11.111 0.0296315 -0.00216961 -0.0084766 0.941196 126 0
144.98 -9.32922 -0.0507372 11.0958 0.0289079 -0.190043 -0.00904456 0.889841 127 0
145.867 -9.37218 -0.0484246 11.0626 0.0281186 -0.414956 -0.00986606 0.937169 128 0
146.751 -9.41303 -0.0461751 11.0245 0.0273269 -0.476468 -0.00989733 1.23036 129 0
147.632 -9.45182 -0.043989 11.0133 0.0265927 -0.13988 -0.00917728 1.12462 130 0
148.512 -9.48869 -0.0418615 10.9908 0.0258286 -0.281632 -0.00955116 1.26407 131 0
149.391 -9.52367 -0.0397953 10.9657 0.0250508 -0.313962 -0.00972271 0.888453 132 0
150.267 -9.55682 -0.0377912 10.9349 0.0242706 -0.384235 -0.00975193 0.760235 133 0
151.142 -9.58817 -0.0358495 10.9104 0.0234726 -0.306129 -0.00997556 1.10914 134 0
152.014 -9.61782 -0.0339717 10.8896 0.022702 -0.260532 -0.00963232 1.01794 135 0
152.885 -9.64582 -0.0321556 10.8694 0.0218974 -0.252378 -0.0100568 0.796867 136 0
153.754 -9.67226 -0.0304038 10.8509 0.0211543 -0.230944 -0.00928908 1.00586 137 0
154.622 -9.69718 -0.0287114 10.8316 0.020408 -0.241506 -0.00932908 0.779108 138 0
155.488 -9.72064 -0.0270788 10.8142 0.0196438 -0.21745 -0.00955211 0.680833 139 0
156.353 -9.7427 -0.0255073 10.7949 0.0189154 -0.241554 -0.00910515 0.596021 140 0
157.216 -9.76342 -0.0239941 10.7814 0.0182035 -0.168824 -0.00889867 0.835626 141 0
158.078 -9.78286 -0.0225378 10.7551 0.0174735 -0.329006 -0.00912519 0.638823 142 0
158.939 -9.80105 -0.0211399 10.7405 0.0167508 -0.181973 -0.00903434 0.561481 143 0
159.798 -9.81806 -0.0197998 10.7191 0.0160245 -0.267911 -0.00907849 0.50834 144 0
160.655 -9.83394 -0.0185179 10.7 0.0153335 -0.238204 -0.00863696 0.539503 145 0
161.511 -9.84874 -0.0172912 10.6844 0.0146495 -0.195646 -0.00855029 0.672855 146 0
162.365 -9.86252 -0.0161192 10.6689 0.0139844 -0.193679 -0.00831413 0.640281 147 0
163.219 -9.87532 -0.0150005 10.6469 0.0133203 -0.274909 -0.00830044 0.572787 148 0
164.071 -9.88719 -0.0139349 10.6319 0.0126663 -0.186586 -0.00817524 0.643632 149 0
164.921 -9.89818 -0.0129216 10.6186 0.0120253 -0.166893 -0.00801242 0.538235 150 0
165.77 -9.90834 -0.0119595 10.5978 0.0114125 -0.260353 -0.00766069 0.683204 151 0
166.618 -9.9177 -0.0110465 10.5837 0.0108118 -0.175714 -0.00750795 0.557324 152 0
167.465 -9.92632 -0.0101816 10.5655 0.0102224 -0.227571 -0.00736791 0.613811 153 0
168.31 -9.93424 -0.0093638 10.5492 0.00963912 -0.204217 -0.00729085 0.503818 154 0
169.154 -9.94149 -0.00859267 10.5335 0.00907087 -0.195515 -0.00710314 0.587582 155 0
169.997 -9.94812 -0.007867 10.4698 0.0085092 -0.797045 -0.00702083 0.582839 156 0
170.834 -9.95414 -0.00718627 10.4653 0.00801153 -0.0553727 -0.00622089 0.783958 157 0
171.671 -9.95962 -0.00654534 10.4529 0.00755344 -0.155175 -0.00572618 0.744884 158 0
172.508 -9.96459 -0.00594107 10.4378 0.00705879 -0.189197 -0.00618316 0.69056 159 0
173.343 -9.96907 -0.00537637 10.4169 0.00658129 -0.261331 -0.00596877 0.733954 160 0
174.176 -9.97312 -0.00484986 10.4055 0.00611964 -0.142193 -0.00577061 0.806069 161 0
175.008 -9.97675 -0.00436029 10.3933 0.00568078 -0.152791 -0.00548573 0.691348 162 0
175.84 -9.97999 -0.00390583 10.3123 0.0052743 -1.01207 -0.00508094 0.537874 163 0
176.665 -9.98287 -0.00348389 10.3119 0.00486879 -0.00538826 -0.00506896 0.827176 164 0
177.49 -9.98542 -0.00309438 10.3091 0.0044824 -0.0344753 -0.00482989 0.948371 165 0
178.315 -9.98768 -0.00273579 10.2517 0.00412625 -0.7182 -0.0044518 0.826778 166 0
179.135 -9.98965 -0.00240569 10.2439 0.00378373 -0.0964284 -0.00428156 1.31432 167 0
179.954 -9.99137 -0.00210299 10.2284 0.00347072 -0.193882 -0.00391254 0.754535 168 0
180.772 -9.99287 -0.00182534 10.221 0.0031789 -0.0924945 -0.00364779 0.791823 169 0
181.59 -9.99415 -0.00157102 10.2175 0.0031159 -0.044179 -0.000787454 0.784192 170 0
182.408 -9.99523 -0.00132175 10.194 0.00283715 -0.294328 -0.00348438 0.631929 171 0
183.223 -9.99612 -0.00109478 10.1817 0.00260484 -0.15372 -0.00290394 0.616119 172 0
184.038 -9.99685 -0.000886391 10.1669 0.00236018 -0.184321 -0.00305818 0.688229 173 0
184.851 -9.99741 -0.000697577 10.1435 0.00212379 -0.29304 -0.00295498 0.778139 174 0
185.662 -9.99784 -0.000527674 10.1264 0.001906 -0.212896 -0.00272227 1.14358 175 0
186.473 -9.99815 -0.000375194 10.11 0.00182964 -0.205672 -0.00095452 0.782033 176 0
187.281 -9.99833 -0.000228822 10.0932 0.00164937 -0.210071 -0.00225344 0.810835 177 0
188.089 -9.99841 -9.6873e-05 10.0757 0.00147889 -0.218821 -0.00213089 0.886126 178 0
188.895 -9.99839 2.14386e-05 10.0592 0.00130188 -0.205493 -0.00221265 0.786944 179 0
189.7 -9.99829 0.000125589 10.0463 0.00113923 -0.161302 -0.00203316 0.821772 180 0
190.503 -9.99812 0.000216728 9.95238 0.000995078 -1.17437 -0.00180191 0.716382 181 0
191.299 -9.99788 0.000296334 9.9521 0.000784281 -0.00346899 -0.00263496 1.41528 182 0
192.096 -9.99759 0.000359076 9.95343 0.000603854 0.0166178 -0.00225534 1.78981 183 0
192.892 -9.99727 0.000407385 9.94866 0.000438425 -0.0596523 -0.00206786 1.35908 184 0
193.688 -9.99692 0.000442459 9.93971 0.00031326 -0.111902 -0.00156456 1.5159 185 0
194.483 -9.99655 0.00046752 9.93281 0.000212741 -0.0862122 -0.00125649 1.31175 186 0
195.278 -9.99616 0.000484539 9.92599 0.000123467 -0.0852942 -0.00111592 1.54616 187 0
196.072 -9.99577 0.000494416 9.91977 4.98195e-05 -0.0777364 -0.000920599 1.88413 188 0
196.865 -9.99537 0.000498402 9.91155 -4.15819e-05 -0.102699 -0.00114252 1.35369 189 0
197.658 -9.99498 0.000495075 9.89585 -0.000137243 -0.196278 -0.00119576 1.44756 190 0
198.45 -9.9946 0.000484096 9.88869 -0.000179047 -0.0894547 -0.000522555 1.47246 191 0
199.241 -9.99423 0.000469772 9.87317 -0.000217904 -0.194108 -0.000485704 2.5217 192 0
200.031 -9.99387 0.00045234 9.86317 -0.000248764 -0.124884 -0.000385759 2.31961 193 0
200.82 -9.99353 0.000432439 9.85363 -0.000178589 -0.119245 0.000877196 1.93068 194 0
201.608 -9.9932 0.000418152 9.79146 -0.00021062 -0.777233 -0.000400388 1.31971 195 0
202.391 -9.99288 0.000401302 9.81191 -0.00027442 0.255692 -0.000797503 1.65919 196 0
203.176 -9.99259 0.000379348 9.80544 -0.000300971 -0.0809431 -0.000331887 1.64119 197 0
203.961 -9.99231 0.000355271 9.80011 -0.00034068 -0.0666142 -0.000496368 2.06858 198 0
204.745 -9.99205 0.000328016 9.79299 -0.000346834 -0.088954 -7.69178e-05 2.34316 199 0
205.528 -9.99181 0.00030027 9.78509 -0.000346363 -0.0987768 5.87825e-06 1.59848 200 0
206.311 -9.9916 0.00027256 9.77062 -0.00034558 -0.180829 9.79089e-06 1.4719 201 0
207.093 -9.99141 0.000244914 9.66541 -0.000341425 -1.3151 5.19434e-05 1.63668 202 0
207.866 -9.99124 0.0002176 9.66009 -0.000263001 -0.0665903 0.000980293 1.63001 203 0
208.639 -9.99109 0.00019656 9.65579 -0.000284701 -0.0536919 -0.000271244 2.04715 204 0
209.411 -9.99096 0.000173784 9.66462 -0.000304766 0.110412 -0.000250812 1.65436 205 0
210.184 -9.99084 0.000149403 9.6673 -0.000305001 0.0334144 -2.94604e-06 1.06633 206 0
210.958 -9.99074 0.000125003 9.66363 -0.000311359 -0.0457883 -7.94691e-05 1.5392 207 0
211.731 -9.99067 0.000100094 9.65169 -0.000315469 -0.149322 -5.13701e-05 1.3343 208 0
212.503 -9.99061 7.48564e-05 9.64083 -0.000316301 -0.135756 -1.04017e-05 1.4245 209 0
213.274 -9.99057 4.95523e-05 9.62822 -0.000314416 -0.157642 2.35541e-05 1.12041 210 0
214.045 -9.99055 2.4399e-05 9.63415 -0.00030067 0.074172 0.000171834 2.02249 211 0
214.815 -9.99055 3.45428e-07 9.62762 -0.000256097 -0.0815749 0.000557155 2.37837 212 0
215.585 -9.99057 -2.01423e-05 9.62158 -0.000248612 -0.0756025 9.3563e-05 1.92034 213 0
216.355 -9.9906 -4.00313e-05 9.6123 -0.000245393 -0.115907 4.02422e-05 1.94372 214 0
217.124 -9.99064 -5.96627e-05 9.59241 -0.000235302 -0.248623 0.000126131 1.33086 215 0
217.892 -9.9907 -7.84869e-05 9.57646 -0.000225714 -0.199366 0.000119848 1.84754 216 0
218.658 -9.99078 -9.65441e-05 9.57572 -0.00018281 -0.00936985 0.000536311 1.5719 217 0
219.424 -9.99086 -0.000111169 9.57216 -0.000177936 -0.0443935 6.09241e-05 1.45353 218 0
220.19 -9.99096 -0.000125404 9.56315 -0.000168583 -0.112641 0.000116914 1.4601 219 0
220.955 -9.99106 -0.00013889 9.50295 -0.00015938 -0.752509 0.000115029 2.28149 220 0
221.715 -9.99118 -0.000151641 9.50813 -0.000155283 0.064683 5.12169e-05 1.34467 221 0
222.475 -9.9913 -0.000164063 9.50615 -0.000147998 -0.0247002 9.10653e-05 1.84353 222 0
223.236 -9.99144 -0.000175903 9.50351 -0.000141231 -0.0329971 8.4587e-05 1.98789 223 0
223.996 -9.99158 -0.000187202 9.50175 -6.95105e-05 -0.0219941 0.000896503 1.82967 224 0
224.756 -9.99173 -0.000192762 9.49601 -6.70011e-05 -0.0717282 3.13671e-05 1.75769 225 0
225.516 -9.99188 -0.000198123 9.48034 -6.35627e-05 -0.195873 4.29809e-05 1.82316 226 0
226.275 -9.99203 -0.000203208 9.47552 -5.88409e-05 -0.0602603 5.90223e-05 1.91504 227 0
227.033 -9.99219 -0.000207915 9.46745 3.93405e-05 -0.100958 0.00122727 1.61263 228 0
227.79 -9.99234 -0.000204768 9.46461 3.74556e-05 -0.0354767 -2.35615e-05 1.57481 229 0
228.547 -9.9925 -0.000201771 9.45432 3.2634e-05 -0.128591 -6.02694e-05 1.91437 230 0
229.303 -9.99265 -0.00019916 9.44336 2.90818e-05 -0.13696 -4.44034e-05 1.34398 231 0
230.059 -9.9928 -0.000196834 9.43162 0.000101322 -0.14683 0.000903 2.00621 232 0
230.813 -9.99294 -0.000188728 9.40973 9.25473e-05 -0.273609 -0.000109681 1.89774 233 0
231.566 -9.99308 -0.000181324 9.39737 7.93088e-05 -0.154507 -0.000165481 2.0563 234 0
232.318 -9.99321 -0.00017498 9.38982 6.75323e-05 -0.0943542 -0.000147207 2.23136 235 0
233.069 -9.99333 -0.000169577 9.38284 0.000160709 -0.0872612 0.00116471 1.95609 236 0
233.82 -9.99345 -0.00015672 9.37607 0.000138417 -0.0845909 -0.00027865 2.10158 237 0
234.57 -9.99356 -0.000145647 9.34471 0.000118851 -0.392008 -0.000244574 1.81865 238 0
235.318 -9.99366 -0.000136139 9.3414 9.92137e-05 -0.0414371 -0.000245471 2.04651 239 0
236.065 -9.99376 -0.000128202 9.3373 8.20643e-05 -0.0512362 -0.000214367 1.6911 240 0
236.812 -9.99385 -0.000121637 9.33166 6.70736e-05 -0.0704527 -0.000187384 1.94044 241 0
237.558 -9.99394 -0.000116271 9.32483 0.00014324 -0.0854373 0.000952081 1.73974 242 0
238.304 -9.99401 -0.000104812 9.31561 0.000255239 -0.115252 0.00139999 1.84626 243 0
239.05 -9.99408 -8.43924e-05 9.30647 0.00022396 -0.114238 -0.000390981 1.37074 244 0
239.794 -9.99413 -6.64756e-05 9.29648 0.000193158 -0.1248 -0.000385035 1.46991 245 0
240.538 -9.99416 -5.1023e-05 9.28898 0.000282628 -0.0937581 0.00111837 1.29747 246 0
241.281 -9.99419 -2.84127e-05 9.26092 0.000231645 -0.350726 -0.000637276 2.55621 247 0
242.022 -9.99419 -9.88111e-06 9.25689 0.000195714 -0.0504732 -0.000449137 1.08126 248 0
242.762 -9.99419 5.77605e-06 9.25011 0.000160056 -0.0846505 -0.000445727 1.61783 249 0
243.502 -9.99417 1.85806e-05 9.24909 0.000132949 -0.0127792 -0.000338841 1.19571 250 0
244.242 -9.99415 2.92165e-05 9.23678 0.000108714 -0.153863 -0.000302938 1.31201 251 0
244.981 -9.99413 3.79136e-05 9.22634 8.18798e-05 -0.13057 -0.000335428 1.66208 252 0
245.719 -9.99409 4.4464e-05 9.22066 5.90024e-05 -0.0710011 -0.000285967 1.50309 253 0
246.457 -9.99406 4.91842e-05 9.21356 3.59692e-05 -0.0886679 -0.000287915 1.41257 254 0
247.194 -9.99402 5.20617e-05 9.20541 1.96524e-05 -0.101852 -0.00020396 1.95031 255 0
247.93 -9.99398 5.36339e-05 9.16596 1.71978e-06 -0.493217 -0.000224158 2.0026 256 0
248.664 -9.99394 5.37715e-05 9.16145 -1.61042e-05 -0.0563622 -0.000222799 2.6112 257 0
249.397 -9.9939 5.24832e-05 9.15092 -3.14493e-05 -0.131643 -0.000191814 1.89146 258 0
250.129 -9.99386 4.99672e-05 9.14404 1.27281e-05 -0.085938 0.000552217 1.16294 259 0
250.86 -9.99383 5.09855e-05 9.13769 -2.77767e-06 -0.0794053 -0.000193822 0.900494 260 0
251.591 -9.99379 5.07633e-05 9.13162 -2.05829e-05 -0.075829 -0.000222566 1.37506 261 0
252.322 -9.99375 4.91166e-05 9.12767 -2.99164e-05 -0.0494719 -0.000116668 1.58324 262 0
253.052 -9.99372 4.67233e-05 9.11861 -4.45171e-05 -0.113225 -0.000182509 1.49695 263 0
253.782 -9.99369 4.31619e-05 9.11302 -5.65868e-05 -0.0698566 -0.000150871 2.3182 264 0
254.511 -9.99366 3.8635e-05 9.07291 -6.519e-05 -0.501382 -0.000107541 1.79681 265 0
255.236 -9.99364 3.34198e-05 9.07112 -7.21887e-05 -0.0223398 -8.74826e-05 1.85419 266 0
255.962 -9.99362 2.76447e-05 9.0644 -8.00306e-05 -0.0840545 -9.80242e-05 2.4014 267 0
256.687 -9.9936 2.12423e-05 9.06283 -7.60734e-05 -0.0196218 4.94651e-05 2.75943 268 0
257.412 -9.99359 1.51564e-05 9.02775 -8.10139e-05 -0.438523 -6.1756e-05 2.5107 269 0
258.134 -9.99358 8.67527e-06 9.03553 -8.35242e-05 0.0972509 -3.13786e-05 1.63266 270 0
258.857 -9.99358 1.99334e-06 9.03848 -8.87356e-05 0.0368953 -6.51432e-05 1.41089 271 0
259.58 -9.99359 -5.10551e-06 9.02295 -8.90147e-05 -0.19412 -3.489e-06 1.48881 272 0
260.302 -9.99359 -1.22267e-05 9.01883 -5.89085e-05 -0.0514865 0.000376328 0.787014 273 0
261.024 -9.99361 -1.69394e-05 9.01635 7.10976e-06 -0.0310421 0.000825228 1.52331 274 0
261.745 -9.99362 -1.63706e-05 9.00995 -1.00376e-06 -0.0799418 -0.000101419 0.752504 275 0
262.466 -9.99363 -1.64509e-05 9.00449 -1.124e-05 -0.0681877 -0.000127954 1.4826 276 0
263.186 -9.99364 -1.73501e-05 9.05357 -1.66556e-05 0.613475 -6.76944e-05 2.42557 277 0
263.91 -9.99366 -1.86825e-05 8.94789 -2.62913e-05 -1.32104 -0.000120447 1.71909 278 0
264.626 -9.99367 -2.07858e-05 8.94592 -3.42608e-05 -0.0246286 -9.96179e-05 1.50835 279 0
265.342 -9.99369 -2.35267e-05 8.94231 -4.03692e-05 -0.0450611 -7.63552e-05 2.68656 280 0
266.057 -9.99371 -2.67562e-05 8.93979 -4.51198e-05 -0.0315666 -5.93825e-05 1.53815 281 0
266.773 -9.99373 -3.03658e-05 8.93706 -4.96915e-05 -0.0341296 -5.71459e-05 1.32866 282 0
267.488 -9.99375 -3.43411e-05 8.93122 -5.43383e-05 -0.0730157 -5.80858e-05 1.19843 283 0
268.202 -9.99378 -3.86882e-05 8.92579 -5.74109e-05 -0.0678062 -3.8407e-05 1.23889 284 0
268.916 -9.99381 -4.32811e-05 8.92207 -5.90185e-05 -0.0465751 -2.00956e-05 0.846253 285 0
269.63 -9.99385 -4.80026e-05 8.60207 -5.1555e-05 -4 9.32941e-05 2.06372 286 0
270.318 -9.99388 -5.2127e-05 8.557 0.00116485 -0.563335 0.0152051 0.547385 287 0
271.003 -9.99385 4.10614e-05 8.237 0.00130082 -4 0.00169954 0.371822 288 0
271.662 -9.99376 0.000145127 7.917 0.00298614 -4 0.0210665 0.433655 289 0
272.295 -9.99352 0.000384018 7.95782 0.00270551 0.510275 -0.00350791 0.413357 290 0
272.932 -9.99313 0.000600458 7.94745 0.00244845 -0.12967 -0.00321316 0.293498 291 0
273.567 -9.99263 0.000796335 7.79524 0.00280207 -1.90265 0.00442028 0.356055 292 0
274.191 -9.99199 0.0010205 7.81933 0.00258654 0.301123 -0.0026942 0.344864 293 0
274.816 -9.99122 0.00122742 7.85078 0.00228437 0.393146 -0.00377707 0.317087 294 0
275.445 -9.99034 0.00141017 7.66368 0.002818 -2.33875 0.00667029 0.351406 295 0
276.058 -9.98933 0.00163561 7.705 0.00253851 0.51651 -0.00349362 0.328709 296 0
276.674 -9.9882 0.00183869 7.72851 0.00227181 0.293887 -0.00333364 0.210726 297 0
277.292 -9.98695 0.00202044 7.76413 0.00234677 0.445199 0.000936992 0.250279 298 0
277.913 -9.98558 0.00220818 7.68768 0.00288279 -0.95554 0.00670019 0.262794 299 0
278.528 -9.98408 0.0024388 7.70795 0.00261633 0.253326 -0.00333079 0.118729 300 0
279.145 -9.98245 0.00264811 7.74869 0.00285199 0.50928 0.00294582 0.243484 301 0
279.765 -9.98066 0.00287627 7.72365 0.00330695 -0.313044 0.00568695 0.190298 302 0
280.383 -9.97872 0.00314083 7.76898 0.00368673 0.566608 0.00474721 0.21124 303 0
281.004 -9.97659 0.00343576 7.7461 0.00427701 -0.286019 0.00737854 0.211598 304 0
281.624 -9.97425 0.00377792 7.7964 0.00502987 0.628781 0.00941074 0.129722 305 0
282.248 -9.97164 0.00418031 7.78745 0.00602381 -0.111812 0.0124243 0.172142 306 0
282.871 -9.96873 0.00466222 7.82316 0.00674477 0.446296 0.00901197 0.170644 307 0
283.497 -9.96548 0.0052018 7.86147 0.00703388 0.478911 0.00361396 0.191597 308 0
284.126 -9.96185 0.00576451 7.76825 0.0075107 -1.16523 0.00596016 0.20964 309 0
284.747 -9.9579 0.00636537 7.80721 0.00819467 0.487 0.00854961 0.153412 310 0
285.372 -9.95351 0.00702094 7.84431 0.00881001 0.463796 0.00769179 0.116349 311 0
285.999 -9.94866 0.00772574 7.883 0.0090554 0.483602 0.00306736 0.160507 312 0
286.63 -9.94334 0.00845017 7.90397 0.00915383 0.262052 0.00123034 0.234048 313 0
287.262 -9.93753 0.00918248 7.83768 0.00970646 -0.828624 0.00690799 0.218712 314 0
287.889 -9.93128 0.009959 7.92209 0.00908044 1.05512 -0.00782533 0.121141 315 0
288.523 -9.92451 0.0106854 7.8367 0.00977815 -1.06735 0.00872145 0.182571 316 0
289.15 -9.91732 0.0114677 7.9209 0.00911596 1.05255 -0.00827741 0.078214 317 0
289.783 -9.9096 0.012197 7.9329 0.00965233 0.149924 0.00670458 0.160415 318 0
290.418 -9.90137 0.0129691 7.95645 0.0101164 0.294489 0.00580064 0.14197 319 0
291.054 -9.8926 0.0137785 7.82304 0.0108683 -1.66768 0.00939872 0.205592 320 0
291.68 -9.88343 0.0146479 7.83701 0.00801776 0.174683 -0.0356314 0.123381 321 0
292.307 -9.87384 0.0152893 7.87279 0.00802291 0.447136 6.43427e-05 0.076914 322 0
292.937 -9.86381 0.0159312 7.95653 0.00735956 1.04678 -0.00829189 0.076956 323 0
293.573 -9.85329 0.0165199 7.99436 0.00773706 0.472856 0.00471873 0.176632 324 0
294.213 -9.84233 0.0171389 7.8739 0.00867494 -1.50575 0.0117236 0.205791 325 0
294.842 -9.8311 0.0178329 7.8856 0.00587908 0.146359 -0.0349483 0.120462 326 0
295.473 -9.81956 0.0183032 7.96929 0.00526996 1.04606 -0.007614 0.077722 327 0
296.111 -9.80762 0.0187248 8.00969 0.00563429 0.504994 0.00455414 0.174878 328 0
296.751 -9.79533 0.0191756 7.88735 0.00678814 -1.52924 0.0144231 0.205008 329 0
297.382 -9.78289 0.0197186 7.89903 0.00413681 0.145954 -0.0331417 0.120439 330 0
298.014 -9.77022 0.0200496 7.98268 0.00357301 1.04566 -0.00704746 0.077213 331 0
298.652 -9.75724 0.0203354 8.02111 0.00395133 0.480431 0.00472897 0.173578 332 0
299.294 -9.74399 0.0206515 7.89928 0.00528636 -1.52294 0.0166879 0.202776 333 0
299.926 -9.73067 0.0210744 7.91132 0.00277199 0.150514 -0.0314296 0.121763 334 0
300.558 -9.71719 0.0212962 7.99508 0.00225272 1.04704 -0.00649093 0.081228 335 0
301.198 -9.70345 0.0214764 8.03025 0.00264578 0.439638 0.00491327 0.171222 336 0
301.84 -9.68952 0.0216881 7.91155 0.00409916 -1.48373 0.0181673 0.203653 337 0
302.473 -9.67559 0.022016 7.9234 0.00167433 0.148028 -0.0303104 0.119593 338 0
303.107 -9.66155 0.0221499 8.00707 0.00117845 1.04594 -0.0061986 0.077299 339 0
303.747 -9.6473 0.0222442 8.04354 0.00157134 0.455809 0.00491116 0.16802 340 0
304.39 -9.63291 0.0223699 7.92412 0.00322332 -1.49271 0.0206498 0.202608 341 0
305.024 -9.61857 0.0226278 7.94778 0.00119336 0.295711 -0.0253746 0.119884 342 0
305.66 -9.60412 0.0227233 8.03126 0.000697006 1.04356 -0.00620437 0.07794 343 0
306.302 -9.58949 0.022779 7.99842 0.00130185 -0.410575 0.00756056 0.208266 344 0
306.942 -9.57484 0.0228832 8.01976 0.00197195 0.266856 0.0083762 0.076782 345 0
307.583 -9.56006 0.0230409 8.04453 0.00249669 0.309587 0.00655935 0.078383 346 0
308.227 -9.54511 0.0232407 8.07806 0.0030078 0.419116 0.00638878 0.076367 347 0
308.873 -9.52993 0.0234813 7.98339 0.00422992 -1.18341 0.0152766 0.208432 348 0
309.511 -9.51472 0.0238197 8.00028 0.00164198 0.211138 -0.0323493 0.114271 349 0
310.151 -9.4994 0.023951 8.08325 0.00108131 1.03718 -0.00700834 0.077011 350 0
310.798 -9.48385 0.0240375 7.97478 0.00278008 -1.35595 0.0212346 0.200861 351 0
311.435 -9.46838 0.0242599 7.99108 0.000307134 0.203747 -0.0309118 0.116731 352 0
312.074 -9.45285 0.0242845 8.07414 -0.00021011 1.03828 -0.00646555 0.076405 353 0
312.72 -9.43718 0.0242677 8.01413 0.000717021 -0.750077 0.0115891 0.207001 354 0
313.361 -9.42159 0.0243251 8.09693 0.000168953 1.03501 -0.00685085 0.078645 355 0
314.009 -9.40582 0.0243386 7.99048 0.00201186 -1.33065 0.0230363 0.202216 356 0
314.648 -9.39016 0.0244995 8.00836 -0.000365715 0.223506 -0.0297196 0.118098 357 0
315.288 -9.37449 0.0244703 8.09125 -0.000877619 1.03612 -0.0063988 0.076812 358 0
315.935 -9.35869 0.0244001 8.01712 0.000476176 -0.926685 0.0169224 0.171078 359 0
316.576 -9.34302 0.0244382 8.03149 -0.00156913 0.179672 -0.0255663 0.07763 360 0
317.219 -9.3274 0.0243126 8.11423 -0.00204058 1.03427 -0.00589319 0.076063 361 0
317.868 -9.31173 0.0241494 8.19643 -0.00249529 1.02746 -0.00568389 0.07737 362 0
318.523 -9.29602 0.0239498 8.05867 0.00108269 -1.72199 0.0447248 0.201491 363 0
319.168 -9.28053 0.0240364 8.14098 0.000481523 1.02882 -0.00751461 0.129521 364 0
319.819 -9.26485 0.0240749 8.02182 0.00302807 -1.48944 0.0318318 0.196659 365 0
320.46 -9.24925 0.0243171 8.05089 0.000667416 0.363314 -0.0295081 0.120287 366 0
321.104 -9.23355 0.0243705 8.06793 -0.00107894 0.213075 -0.0218294 0.080708 367 0
321.75 -9.21788 0.0242842 8.15026 -0.00160394 1.02909 -0.00656256 0.077733 368 0
322.401 -9.20213 0.0241559 8.02618 0.0014897 -1.55096 0.0386705 0.200214 369 0
323.043 -9.18655 0.0242751 8.05171 -0.000718079 0.319099 -0.0275972 0.123653 370 0
323.687 -9.17095 0.0242176 8.06813 -0.00218578 0.205183 -0.0183463 0.080828 371 0
324.332 -9.15543 0.0240428 8.10036 -0.000707524 0.402892 0.0184782 0.079071 372 0
324.98 -9.13989 0.0239862 8.1823 -0.00127141 1.02423 -0.00704852 0.078406 373 0
325.635 -9.12426 0.0238845 8.05961 0.00220139 -1.53358 0.0434099 0.196225 374 0
326.279 -9.10875 0.0240606 8.09245 0.000180418 0.41045 -0.0252621 0.12387 375 0
326.927 -9.09316 0.024075 8.11548 -0.00106333 0.28795 -0.0155469 0.078573 376 0
327.576 -9.07759 0.0239899 8.19717 -0.00163494 1.02116 -0.00714503 0.078038 377 0
328.231 -9.06194 0.0238591 8.07754 0.00211559 -1.49537 0.0468816 0.196434 378 0
328.877 -9.04642 0.0240284 8.11395 0.000299605 0.455129 -0.0226998 0.121347 379 0
329.526 -9.03081 0.0240523 8.1434 -0.000690151 0.368083 -0.012372 0.079399 380 0
330.177 -9.01517 0.0239971 8.22483 -0.00129382 1.01788 -0.00754586 0.078202 381 0
330.835 -8.99945 0.0238936 8.10741 0.00267079 -1.46781 0.0495576 0.194611 382 0
331.484 -8.98382 0.0241073 8.15328 0.00149925 0.573468 -0.0146443 0.120862 383 0
332.136 -8.96802 0.0242272 8.19446 0.00131372 0.514758 -0.00231914 0.077368 384 0
332.791 -8.95207 0.0243323 8.27503 0.000585647 1.0071 -0.00910088 0.077216 385 0
333.453 -8.93593 0.0243792 8.16103 0.00452777 -1.42503 0.0492766 0.195616 386 0
334.106 -8.91978 0.0247414 8.22273 0.00457766 0.771189 0.000623625 0.120466 387 0
334.763 -8.90326 0.0251076 8.27404 0.00576738 0.641477 0.0148715 0.077047 388 0
335.425 -8.88634 0.025569 8.35323 0.00479128 0.989783 -0.0122013 0.07646 389 0
336.093 -8.869 0.0259523 8.24245 0.00766229 -1.38466 0.0358876 0.160554 390 0
336.752 -8.85149 0.0265653 8.29374 0.00935876 0.641108 0.0212059 0.120557 391 0
337.415 -8.83337 0.027314 8.33178 0.0115823 0.475478 0.0277937 0.078573 392 0
338.082 -8.81454 0.0282406 8.41014 0.0103043 0.979519 -0.0159739 0.077484 393 0
338.754 -8.79499 0.0290649 8.43085 0.0104696 0.258863 0.00206605 0.080551 394 0
339.428 -8.77483 0.0299025 8.44474 0.00961731 0.173664 -0.010654 0.082796 395 0
340.104 -8.75411 0.0306719 8.41448 0.00941922 -0.378299 -0.00247605 0.078283 396 0
340.776 -8.73296 0.0314254 8.43416 0.00982466 0.246036 0.00506802 0.077746 397 0
341.451 -8.71123 0.0322114 8.45211 0.00934542 0.224304 -0.00599059 0.079542 398 0
342.127 -8.68895 0.032959 8.46404 0.00849055 0.14919 -0.0106858 0.082491 399 0
342.803 -8.66617 0.0336383 8.43973 0.00890925 -0.303924 0.00523365 0.076798 400 0
343.478 -8.64298 0.034351 8.46066 0.00865797 0.261688 -0.00314094 0.077035 401 0
344.154 -8.61927 0.0350436 8.49199 0.00831862 0.391591 -0.00424184 0.079754 402 0
344.833 -8.59502 0.0357091 8.41561 0.0104481 -0.954807 0.026619 0.079342 403 0
345.506 -8.57042 0.036545 8.43947 0.0101512 0.298309 -0.00371207 0.077744 404 0
346.181 -8.5452 0.0373571 8.46133 0.00935042 0.273287 -0.0100095 0.077738 405 0
346.857 -8.51941 0.0381051 8.36059 0.0115994 -1.25929 0.0281128 0.123298 406 0
347.526 -8.49331 0.0390331 8.26268 0.0114231 -1.22395 -0.00220423 0.200361 407 0
348.186 -8.46691 0.0399469 8.30044 0.00950279 0.472045 -0.0240039 0.126276 408 0
348.85 -8.43989 0.0407071 8.25249 0.00722783 -0.599301 -0.028437 0.158246 409 0
349.509 -8.41264 0.0412854 8.28573 0.00489334 0.415468 -0.0291811 0.077648 410 0
350.172 -8.38502 0.0416768 8.31969 0.00226259 0.424528 -0.0328844 0.076152 411 0
350.837 -8.35717 0.0418578 8.34287 -0.000324337 0.289714 -0.0323366 0.116885 412 0
351.503 -8.32926 0.0418319 8.3639 -0.00278036 0.26288 -0.0307003 0.154198 413 0
352.172 -8.30143 0.0416095 8.44571 -0.00362477 1.02257 -0.0105552 0.151371 414 0
352.847 -8.27352 0.0413195 8.30855 -0.00709852 -1.71453 -0.0434218 0.166656 415 0
353.511 -8.24644 0.0407516 8.33691 -0.00831419 0.354505 -0.0151959 0.123657 416 0
354.178 -8.21971 0.0400865 8.18208 -0.0097575 -1.93536 -0.0180414 0.200717 417 0
354.832 -8.19399 0.0393059 8.26424 -0.0103023 1.02699 -0.0068102 0.125937 418 0
355.492 -8.16855 0.0384817 8.10899 -0.0104498 -1.94057 -0.00184339 0.198594 419 0
356.141 -8.14414 0.0376457 8.15432 -0.0122854 0.56659 -0.0229451 0.125702 420 0
356.792 -8.12023 0.0366629 8.22577 -0.0132367 0.893211 -0.0118913 0.078336 421 0
357.45 -8.0968 0.0356039 8.2916 -0.0133233 0.82283 -0.00108231 0.112722 422 0
358.113 -8.0739 0.0345381 8.34885 -0.0135419 0.715661 -0.00273334 0.117325 423 0
358.781 -8.05155 0.0334547 8.39986 -0.0159767 0.637627 -0.0304345 0.151024 424 0
359.452 -8.02994 0.0321766 8.30434 -0.0171254 -1.19405 -0.0143592 0.208587 425 0
360.116 -8.00947 0.0308065 8.18601 -0.0178652 -1.47913 -0.0092475 0.237735 426 0
360.771 -7.99024 0.0293773 8.26889 -0.0179538 1.03598 -0.00110737 0.161869 427 0
361.432 -7.97176 0.027941 8.32381 -0.0204453 0.686538 -0.0311438 0.076789 428 0
362.098 -7.95424 0.0263054 8.33792 -0.021383 0.17637 -0.0117213 0.126014 429 0
362.765 -7.93784 0.0245947 8.34481 -0.023904 0.086081 -0.0315125 0.112448 430 0
363.432 -7.9227 0.0226824 8.3442 -0.0245309 -0.00755787 -0.00783533 0.127315 431 0
364.099 -7.90887 0.0207199 8.35279 -0.0264999 0.107312 -0.0246132 0.111717 432 0
364.767 -7.89644 0.0186 8.22084 -0.0264137 -1.64939 0.00107798 0.17216 433 0
365.425 -7.8856 0.0164869 8.23883 -0.0270152 0.224936 -0.00751857 0.214113 434 0
366.084 -7.87615 0.0143256 8.25764 -0.0275291 0.235093 -0.00642401 0.258073 435 0
366.745 -7.86815 0.0121233 8.34033 -0.0269624 1.03359 0.00708401 0.234116 436 0
367.412 -7.8615 0.00996633 8.30479 -0.0263008 -0.444186 0.00826987 0.162679 437 0
368.076 -7.85627 0.00786226 8.38712 -0.0257277 1.0291 0.00716322 0.203112 438 0
368.747 -7.85238 0.00580405 8.46875 -0.0251011 1.02046 0.00783321 0.292914 439 0
369.425 -7.84981 0.00379596 8.49706 -0.0238272 0.353873 0.0159231 0.148705 440 0
370.104 -7.84852 0.00188978 8.34256 -0.0244204 -1.93137 -0.00741512 0.170442 441 0
370.772 -7.84856 -6.38533e-05 8.37719 -0.0239677 0.432885 0.00565876 0.311014 442 0
371.442 -7.84989 -0.00198127 8.20807 -0.0229274 -2.11397 0.0130039 0.289408 443 0
372.099 -7.8524 -0.00381547 8.29077 -0.022243 1.03377 0.0085555 0.306402 444 0
372.762 -7.85611 -0.0055949 8.37286 -0.0215528 1.02607 0.0086267 0.288437 445 0
373.432 -7.86101 -0.00731913 8.39918 -0.0211076 0.32903 0.00556586 0.298211 446 0
374.104 -7.86706 -0.00900774 8.07918 -0.0179944 -4 0.0389151 0.387064 447 0
374.75 -7.87382 -0.0104473 8.09929 -0.0176415 0.251448 0.00441098 0.329605 448 0
375.398 -7.8815 -0.0118586 8.18285 -0.017107 1.04444 0.00668168 0.282034 449 0
376.052 -7.89016 -0.0132272 8.20485 -0.0172704 0.27504 -0.00204337 0.320087 450 0
376.709 -7.89975 -0.0146088 8.22954 -0.0173434 0.308609 -0.000912021 0.368191 451 0
377.367 -7.91028 -0.0159963 8.31184 -0.0166594 1.0288 0.00854998 0.341877 452 0
378.032 -7.9218 -0.017329 8.29987 -0.0161916 -0.149632 0.00584759 0.36662 453 0
378.696 -7.93417 -0.0186243 8.38166 -0.0155069 1.02232 0.00855866 0.320345 454 0
379.366 -7.94748 -0.0198649 8.18919 -0.0151508 -2.40588 0.00445065 0.429457 455 0
380.021 -7.96129 -0.021077 8.21168 -0.0150794 0.281107 0.000892533 0.39776 456 0
380.678 -7.97593 -0.0222833 8.23727 -0.0149397 0.319922 0.00174637 0.371387 457 0
381.337 -7.9914 -0.0234785 8.31923 -0.0141637 1.02448 0.00970024 0.350258 458 0
382.002 -8.00778 -0.0246116 8.33969 -0.0136106 0.255775 0.00691421 0.354046 459 0
382.669 -8.02492 -0.0257004 8.01969 -0.0106603 -4 0.0368788 0.378239 460 0
383.31 -8.04196 -0.0265533 8.04665 -0.0105873 0.336993 0.000912685 0.405983 461 0
383.954 -8.05959 -0.0274002 8.09546 -0.0101883 0.610125 0.00498681 0.360876 462 0
384.601 -8.07786 -0.0282153 8.13431 -0.00976847 0.485659 0.00524801 0.361644 463 0
385.252 -8.09673 -0.0289968 8.16022 -0.00964804 0.323832 0.00150535 0.369973 464 0
385.904 -8.11616 -0.0297686 8.24279 -0.00901794 1.03205 0.00787625 0.350032 465 0
386.563 -8.13626 -0.0304901 8.26464 -0.00890489 0.27318 0.00141311 0.387371 466 0
387.224 -8.15689 -0.0312025 8.34646 -0.00826542 1.02273 0.0079934 0.359295 467 0
387.892 -8.17816 -0.0318637 8.42766 -0.00762739 1.01496 0.00797531 0.356901 468 0
388.565 -8.20005 -0.0324739 8.4465 -0.00751758 0.235581 0.00137264 0.388976 469 0
389.241 -8.2224 -0.0330753 8.52699 -0.00687445 1.0061 0.00803911 0.356343 470 0
389.923 -8.24533 -0.0336252 8.41638 -0.00643831 -1.38265 0.00545185 0.394327 471 0
390.595 -8.26832 -0.0341403 8.49703 -0.00581121 1.00812 0.0078387 0.351587 472 0
391.275 -8.29183 -0.0346052 8.51486 -0.00565944 0.222933 0.00189715 0.400521 473 0
391.956 -8.31571 -0.035058 8.54939 -0.00516731 0.431573 0.00615159 0.364058 474 0
392.639 -8.33997 -0.0354713 8.22993 -0.00418665 -3.99327 0.0122583 0.407855 475 0
393.297 -8.36353 -0.0358063 8.25515 -0.00396294 0.315297 0.00279635 0.425829 476 0
393.957 -8.38739 -0.0361233 8.30406 -0.00355358 0.611341 0.00511696 0.392031 477 0
394.621 -8.41157 -0.0364076 8.32693 -0.00332549 0.285888 0.00285113 0.394918 478 0
395.287 -8.43599 -0.0366736 8.36948 -0.00287303 0.531912 0.00565582 0.35421 479 0
395.956 -8.4607 -0.0369035 8.39121 -0.00264065 0.271595 0.00290477 0.397935 480 0
396.627 -8.48561 -0.0371147 8.41436 -0.00238968 0.28944 0.00313708 0.401752 481 0
397.299 -8.51071 -0.0373059 8.49504 -0.00184258 1.00843 0.00683879 0.353813 482 0
397.978 -8.53616 -0.0374533 8.40546 -0.00153534 -1.11972 0.00384045 0.440702 483 0
398.65 -8.56142 -0.0375761 8.44379 -0.00111591 0.479138 0.00524287 0.350343 484 0
399.325 -8.58686 -0.0376654 8.46572 -0.00086109 0.274098 0.00318526 0.430989 485 0
400.002 -8.61241 -0.0377343 8.5106 -0.00049519 0.56107 0.00457375 0.420023 486 0
400.682 -8.63812 -0.0377739 8.59066 -4.96941e-06 1.00064 0.00612776 0.373676 487 0
401.369 -8.66407 -0.0377743 8.57396 0.000325337 -0.208712 0.00412883 0.421771 488 0
402.055 -8.68996 -0.0377483 8.25396 0.00146671 -4 0.0142671 0.391438 489 0
402.715 -8.7148 -0.0376309 8.2793 0.00164113 0.316799 0.00218027 0.442979 490 0
403.376 -8.73963 -0.0374997 8.32748 0.00191157 0.602257 0.00338047 0.315021 491 0
404.042 -8.76451 -0.0373467 8.35105 0.00208309 0.29453 0.00214406 0.405456 492 0
404.71 -8.78934 -0.0371801 8.37675 0.002263 0.321293 0.00224886 0.405041 493 0
405.379 -8.81413 -0.036999 8.45785 0.0026098 1.0137 0.00433504 0.359158 494 0
406.056 -8.83902 -0.0367903 8.4798 0.00277255 0.274479 0.0020343 0.417388 495 0
406.734 -8.86382 -0.0365685 8.51865 0.00303185 0.485539 0.00324131 0.387127 496 0
407.415 -8.88857 -0.0363259 8.53913 0.00318826 0.256073 0.00195512 0.454768 497 0
408.097 -8.91321 -0.0360708 8.60453 0.00355474 0.817406 0.00458094 0.395696 498 0
408.785 -8.93784 -0.0357865 8.68407 0.00384497 0.99436 0.00362784 0.357249 499 0
409.479 -8.96248 -0.0354789 8.76308 0.00412127 0.987542 0.0034538 0.417229 500 0
410.18 -8.98711 -0.0351492 8.66388 0.00421292 -1.24002 0.00114566 0.504575 501 0
410.873 -9.01124 -0.0348121 8.34388 0.00638326 -4 0.0271292 0.391945 502 0
411.54 -9.03413 -0.0343015 8.35427 0.00637726 0.129914 -7.49074e-05 0.414691 503 0
412.208 -9.05671 -0.0337913 8.43574 0.00644203 1.0184 0.000809622 0.359898 504 0
412.882 -9.07916 -0.0332759 8.45896 0.00636413 0.290251 -0.000973785 0.354992 505 0
413.559 -9.10133 -0.0327668 8.48638 0.00629927 0.342691 -0.000810699 0.449025 506 0
414.237 -9.12323 -0.0322629 8.55225 0.00623743 0.823343 -0.000773091 0.471343 507 0
414.921 -9.14496 -0.0317639 8.57355 0.00618215 0.26629 -0.000690995 0.459426 508 0
415.607 -9.1664 -0.0312693 8.60949 0.00619882 0.449228 0.00020843 0.40038 509 0
416.295 -9.1876 -0.0307734 8.28949 0.00738199 -4 0.0147896 0.397655 510 0
416.958 -9.20761 -0.0301828 8.29607 0.0072798 0.0822425 -0.00127746 0.434004 511 0
417.621 -9.22725 -0.0296004 8.37802 0.00723527 1.02439 -0.000556558 0.357516 512 0
418.291 -9.2467 -0.0290216 8.40322 0.00709428 0.315034 -0.00176243 0.398999 513 0
418.963 -9.26583 -0.0284541 8.4523 0.00699907 0.613546 -0.00119008 0.459927 514 0
419.639 -9.28469 -0.0278942 8.53316 0.00695894 1.01068 -0.000501587 0.387612 515 0
420.322 -9.30335 -0.0273374 8.36273 0.00679223 -2.13037 -0.00208385 0.477511 516 0
420.99 -9.32127 -0.0267941 8.3884 0.00667275 0.32084 -0.00149359 0.425712 517 0
421.661 -9.33889 -0.0262602 8.43872 0.00658941 0.629056 -0.00104171 0.41854 518 0
422.336 -9.35626 -0.0257331 8.51967 0.00655063 1.0119 -0.000484713 0.328384 519 0
423.017 -9.37344 -0.025209 8.32958 0.00638997 -2.37621 -0.00200836 0.479281 520 0
423.684 -9.3899 -0.0246978 8.35624 0.00627404 0.333309 -0.00144901 0.443007 521 0
424.352 -9.40607 -0.0241959 8.40739 0.00619673 0.639367 -0.000966422 0.419528 522 0
425.024 -9.42201 -0.0237002 8.48856 0.00615812 1.01467 -0.000482611 0.392724 523 0
425.703 -9.43777 -0.0232075 8.44474 0.00605866 -0.547779 -0.00124328 0.46078 524 0
426.379 -9.45312 -0.0227228 8.52566 0.00601645 1.01146 -0.000527583 0.431046 525 0
427.06 -9.46829 -0.0222415 8.55801 0.00591209 0.404441 -0.00130455 0.494699 526 0
427.745 -9.48319 -0.0217685 8.59975 0.00584553 0.521696 -0.000832015 0.432002 527 0
428.433 -9.49784 -0.0213009 8.27975 0.0084105 -4 0.0320622 0.39512 528 0
429.095 -9.5115 -0.0206281 8.30908 0.00807134 0.366676 -0.00423947 0.377702 529 0
429.76 -9.52479 -0.0199824 8.36284 0.00779981 0.671935 -0.00339421 0.342177 530 0
430.429 -9.53774 -0.0193584 8.38859 0.00748213 0.321889 -0.00397095 0.345802 531 0
431.099 -9.55033 -0.0187598 8.43045 0.00723961 0.52321 -0.00303146 0.38011 532 0
431.774 -9.56259 -0.0181806 8.51151 0.0070584 1.01324 -0.00226513 0.33907 533 0
432.455 -9.57458 -0.017616 8.43576 0.00680807 -0.94682 -0.00312919 0.431014 534 0
433.129 -9.5861 -0.0170713 8.46053 0.0065248 0.309634 -0.00354091 0.382535 535 0
433.806 -9.5973 -0.0165493 8.48911 0.00625674 0.357199 -0.0033507 0.386932 536 0
434.485 -9.6082 -0.0160488 8.56975 0.00610301 1.00803 -0.00192165 0.369038 537 0
435.171 -9.61887 -0.0155606 8.34758 0.00627025 -2.7771 0.00209057 0.375547 538 0
435.838 -9.62892 -0.0150589 8.375 0.00599575 0.342798 -0.00343128 0.364786 539 0
436.508 -9.63869 -0.0145793 8.42771 0.00577771 0.658834 -0.00272548 0.352275 540 0
437.182 -9.64821 -0.0141171 8.50878 0.00562671 1.01337 -0.00188755 0.338045 541 0
437.863 -9.65751 -0.0136669 8.24509 0.0053921 -3.29613 -0.0029326 0.423525 542 0
438.523 -9.66624 -0.0132356 8.28625 0.00524686 0.514531 -0.00181554 0.39294 543 0
439.186 -9.67474 -0.0128158 8.36831 0.00510752 1.02574 -0.00174168 0.283047 544 0
439.855 -9.68304 -0.0124072 8.46747 0.00489013 1.23953 -0.0027174 0.327071 545 0
440.532 -9.69118 -0.012016 8.49649 0.00466571 0.362694 -0.00280529 0.37186 546 0
441.212 -9.6991 -0.0116427 8.5478 0.00448959 0.641358 -0.00220141 0.394457 547 0
441.896 -9.70681 -0.0112836 8.62802 0.00437352 1.00279 -0.00145094 0.396532 548 0
442.586 -9.71436 -0.0109337 8.30802 0.00473744 -4 0.00454896 0.405641 549 0
443.251 -9.72137 -0.0105547 8.34391 0.00454671 0.448561 -0.00238409 0.394035 550 0
443.918 -9.72818 -0.010191 8.02391 0.0206697 -4 0.201537 0.398483 551 0
444.56 -9.73366 -0.00853738 8.07783 0.019779 0.674033 -0.0111333 0.229282 552 0
445.206 -9.73815 -0.00695506 8.13392 0.0189041 0.701106 -0.0109362 0.151574 553 0
445.857 -9.74169 -0.00544273 8.19093 0.0175256 0.712693 -0.0172314 0.152704 554 0
446.512 -9.74434 -0.00404069 8.27364 0.0167105 1.03379 -0.0101885 0.225674 555 0
447.174 -9.74613 -0.00270385 8.32696 0.0156456 0.666499 -0.0133117 0.150245 556 0
447.84 -9.7471 -0.0014522 8.44321 0.0146557 1.45313 -0.0123737 0.112861 557 0
448.516 -9.74729 -0.000279746 8.5237 0.013903 1.00617 -0.00940831 0.07644 558 0
449.198 -9.74672 0.000832494 8.60302 0.0131288 0.991535 -0.00967819 0.078595 559 0
449.886 -9.74542 0.00188279 8.68197 0.0123802 0.986862 -0.00935752 0.077667 560 0
450.58 -9.74343 0.00287321 8.69789 0.0106045 0.198913 -0.0221955 0.078698 561 0
451.276 -9.74084 0.00372157 8.74111 0.00973937 0.54028 -0.0108142 0.156748 562 0
451.975 -9.73769 0.00450072 8.81995 0.00915791 0.985503 -0.00726829 0.19484 563 0
452.681 -9.734 0.00523335 8.89791 0.00856957 0.974512 -0.00735427 0.077335 564 0
453.393 -9.72978 0.00591892 8.74989 0.0103281 -1.85027 0.0219818 0.173217 565 0
454.093 -9.72506 0.00674516 8.64726 0.012198 -1.28288 0.0233737 0.215948 566 0
454.785 -9.71972 0.00772101 8.6667 0.0104446 0.243008 -0.0219181 0.118235 567 0
455.478 -9.71379 0.00855657 8.71526 0.0097522 0.607026 -0.00865452 0.077881 568 0
456.175 -9.70728 0.00933675 8.75271 0.00851894 0.468135 -0.0154157 0.118382 569 0
456.875 -9.70026 0.0100183 8.83098 0.00787782 0.978327 -0.00801403 0.115449 570 0
457.582 -9.69274 0.0106485 8.71251 0.00957949 -1.48089 0.021271 0.174203 571 0
458.279 -9.68479 0.0114148 8.73346 0.0098437 0.261903 0.00330263 0.11788 572 0
458.977 -9.67626 0.0122023 8.8115 0.00909216 0.975513 -0.00939425 0.077742 573 0
459.682 -9.66715 0.0129297 8.82058 0.00641055 0.113535 -0.0335202 0.077439 574 0
460.388 -9.65766 0.0134426 8.83383 0.00426244 0.165653 -0.0268514 0.114471 575 0
461.094 -9.64792 0.0137836 8.86207 0.00424399 0.352979 -0.000230566 0.07854 576 0
461.803 -9.63791 0.0141231 8.72462 0.00702409 -1.71821 0.0347513 0.171444 577 0
462.501 -9.62766 0.014685 8.78588 0.00884199 0.765848 0.0227237 0.122736 578 0
463.204 -9.61684 0.0153924 8.80256 0.00624551 0.208449 -0.032456 0.076827 579 0
463.908 -9.60565 0.015892 8.88013 0.00558664 0.969648 -0.00823587 0.077239 580 0
464.618 -9.59404 0.0163389 8.74243 0.00888822 -1.72127 0.0412697 0.203844 581 0
465.318 -9.58212 0.01705 8.75756 0.00605532 0.189078 -0.0354113 0.121336 582 0
466.018 -9.56983 0.0175344 8.77043 0.00367195 0.160956 -0.0297921 0.075564 583 0
466.72 -9.55733 0.0178282 8.84834 0.00309969 0.973868 -0.00715327 0.07782 584 0
467.427 -9.54453 0.0180761 8.71742 0.00665203 -1.63656 0.0444043 0.203755 585 0
468.125 -9.53156 0.0186083 8.75113 0.00419534 0.421476 -0.0307086 0.122921 586 0
468.825 -9.51829 0.0189439 8.76263 0.00191711 0.143731 -0.0284779 0.075828 587 0
469.526 -9.50491 0.0190973 8.84059 0.00139253 0.974488 -0.00655719 0.078604 588 0
470.233 -9.49132 0.0192087 8.71204 0.00510014 -1.60686 0.0463451 0.202872 589 0
470.929 -9.47765 0.0196167 8.72575 0.00293976 0.171268 -0.0270047 0.122929 590 0
471.627 -9.46379 0.0198519 8.72967 -5.81384e-05 0.0491142 -0.0374738 0.079153 591 0
472.326 -9.44993 0.0198472 8.8086 -0.000466504 0.986516 -0.00510457 0.154719 592 0
473.03 -9.43598 0.0198099 8.81373 -0.00316465 0.0641465 -0.0337268 0.122348 593 0
473.735 -9.42219 0.0195568 8.93711 -0.00428559 1.54233 -0.0140118 0.233877 594 0
474.45 -9.40845 0.0192139 8.77663 -0.00443815 -2.00601 -0.00190698 0.168186 595 0
475.152 -9.39521 0.0188589 8.6222 -0.00290705 -1.9304 0.0191388 0.226605 596 0
475.842 -9.38236 0.0186263 8.48993 -0.000578963 -1.65336 0.0291011 0.218714 597 0
476.521 -9.36974 0.01858 8.50494 -0.00205925 0.187612 -0.0185036 0.119747 598 0
477.201 -9.35721 0.0184152 8.52631 -0.00306951 0.267065 -0.0126282 0.07585 599 0
477.883 -9.34482 0.0181697 8.54395 -0.00389703 0.220573 -0.010344 0.127753 600 0
478.566 -9.33262 0.0178579 8.57465 -0.00499993 0.383699 -0.0137863 0.245639 601 0
479.252 -9.32064 0.0174579 8.65453 -0.00519733 0.998473 -0.00246748 0.149478 602 0
479.945 -9.30884 0.0170421 8.66463 -0.007275 0.12635 -0.0259709 0.1508 603 0
480.638 -9.29743 0.0164601 8.79322 -0.00820319 1.6073 -0.0116023 0.219548 604 0
481.341 -9.28632 0.0158039 8.65269 -0.0078214 -1.75661 0.00477228 0.201982 605 0
482.033 -9.27581 0.0151782 8.5113 -0.00612433 -1.76731 0.0212135 0.214078 606 0
482.714 -9.26581 0.0146882 8.52942 -0.0069981 0.22639 -0.0109222 0.159831 607 0
483.396 -9.25617 0.0141284 8.55677 -0.00759728 0.341976 -0.00748975 0.154402 608 0
484.081 -9.24691 0.0135206 8.63654 -0.00767344 0.997126 -0.00095201 0.111741 609 0
484.772 -9.238 0.0129067 8.50607 -0.00459651 -1.63093 0.0384616 0.166322 610 0
485.452 -9.22946 0.012539 8.58639 -0.00477672 1.004 -0.00225261 0.124038 611 0
486.139 -9.22111 0.0121569 8.60437 -0.00559674 0.224745 -0.0102502 0.113943 612 0
486.827 -9.21305 0.0117091 8.62983 -0.00450258 0.318289 0.013677 0.077657 613 0
487.518 -9.20522 0.0113489 8.70939 -0.00466875 0.994456 -0.00207708 0.07624 614 0
488.214 -9.19757 0.0109754 8.78857 -0.00479463 0.989807 -0.00157356 0.19869 615 0
488.917 -9.19013 0.0105918 8.63235 -0.00468107 -1.95274 0.00141955 0.169052 616 0
489.608 -9.18307 0.0102174 8.48518 -0.00265348 -1.83964 0.0253448 0.216398 617 0
490.287 -9.17628 0.0100051 8.56547 -0.00291603 1.00356 -0.00328189 0.122721 618 0
490.972 -9.16958 0.00977179 8.64549 -0.00313745 1.0003 -0.00276775 0.076111 619 0
491.663 -9.163 0.00952079 8.72502 -0.00334257 0.994086 -0.00256393 0.0777 620 0
492.361 -9.15654 0.00925339 8.8041 -0.00351683 0.988579 -0.00217834 0.153727 621 0
493.066 -9.15022 0.00897204 8.88265 -0.00368117 0.981772 -0.00205425 0.236567 622 0
493.776 -9.14405 0.00867755 8.72342 -0.00402094 -1.99038 -0.00424714 0.172452 623 0
494.474 -9.13822 0.00835587 8.56398 -0.00251748 -1.99299 0.0187933 0.219062 624 0
495.159 -9.13264 0.00815447 8.42126 0.000347276 -1.78392 0.0358095 0.217207 625 0
495.833 -9.12712 0.00818226 8.50206 -2.64634e-05 1.01 -0.00467174 0.12389 626 0
496.513 -9.12156 0.00818014 8.51892 -0.00126202 0.210667 -0.0154445 0.077822 627 0
497.195 -9.11605 0.00807918 8.54211 -0.00215094 0.289857 -0.0111115 0.117011 628 0
497.878 -9.11065 0.0079071 8.57307 -0.00289949 0.387061 -0.00935688 0.080464 629 0
498.564 -9.10539 0.00767514 8.60042 -0.00381507 0.341928 -0.0114448 0.174475 630 0
499.252 -9.10032 0.00736994 8.62139 -0.00479783 0.262117 -0.0122844 0.267716 631 0
499.941 -9.0955 0.00698611 8.70123 -0.0048959 0.997901 -0.00122594 0.193663 632 0
500.637 -9.09091 0.00659444 8.55655 -0.00348256 -1.80845 0.0176668 0.177776 633 0
501.322 -9.08658 0.00631584 8.43943 -0.000675319 -1.46396 0.0350905 0.227665 634 0
501.997 -9.08236 0.00626181 8.46332 0.000589131 0.298595 0.0158056 0.125476 635 0
502.674 -9.07808 0.00630894 8.497 0.00106068 0.421 0.00589435 0.079669 636 0
503.354 -9.07374 0.00639379 8.57749 0.000683014 1.0061 -0.00472081 0.080024 637 0
504.04 -9.06931 0.00644844 8.65766 0.000348902 1.00218 -0.0041764 0.156633 638 0
504.733 -9.06483 0.00647635 8.73727 2.35912e-05 0.995123 -0.00406639 0.155681 639 0
505.432 -9.0603 0.00647824 8.74611 -0.00230787 0.110459 -0.0291433 0.163626 640 0
506.131 -9.0559 0.00629361 8.76748 -0.00359765 0.267076 -0.0161222 0.260494 641 0
506.833 -9.05168 0.00600579 8.65966 -0.00361997 -1.34773 -0.000279016 0.220213 642 0
507.526 -9.04772 0.00571619 8.51386 -0.00197072 -1.82245 0.0206157 0.219954 643 0
508.207 -9.04394 0.00555854 8.38863 0.000773936 -1.56542 0.0343082 0.223674 644 0
508.878 -9.04017 0.00562045 8.46974 0.000399324 1.01391 -0.00468264 0.123656 645 0
509.555 -9.03634 0.0056524 8.48833 -0.000617663 0.232315 -0.0127123 0.117402 646 0
510.234 -9.03253 0.00560299 8.51991 -0.00200253 0.394857 -0.0173108 0.16288 647 0
510.916 -9.02882 0.00544278 8.59991 -0.00227424 0.999987 -0.00339641 0.079274 648 0
511.604 -9.0252 0.00526084 8.4689 0.00106871 -1.63765 0.0417869 0.166649 649 0
512.281 -9.02158 0.00534634 8.54933 0.000669186 1.00541 -0.0049941 0.124197 650 0
512.965 -9.01789 0.00539988 8.57748 0.000697161 0.351763 0.000349691 0.16783 651 0
513.651 -9.01414 0.00545565 8.65742 0.000332312 0.999296 -0.00456061 0.083593 652 0
514.344 -9.01035 0.00548223 8.73677 -2.31242e-05 0.991941 -0.00444296 0.07804 653 0
515.043 -9.00652 0.00548038 8.81561 -0.000361585 0.985491 -0.00423076 0.079842 654 0
515.748 -9.00267 0.00545146 8.89395 -0.00068099 0.979233 -0.00399257 0.079051 655 0
516.46 -8.99883 0.00539698 8.97193 -0.000963083 0.974679 -0.00352615 0.158225 656 0
517.177 -8.99501 0.00531993 8.79856 -0.000256863 -2.16706 0.00882774 0.181217 657 0
517.881 -8.99128 0.00529938 8.64862 0.00309789 -1.87423 0.0419345 0.233073 658 0
518.573 -8.98744 0.00554721 8.63401 0.00348172 -0.182629 0.00479777 0.231415 659 0
519.264 -8.98342 0.00582575 8.71384 0.00300711 0.997829 -0.00593258 0.155981 660 0
519.961 -8.97919 0.00606632 8.5512 0.00312533 -2.03303 0.00147772 0.208375 661 0
520.645 -8.97487 0.00631635 8.40749 0.00521715 -1.79631 0.0261477 0.258599 662 0
521.318 -8.97034 0.00673372 8.4165 0.00216083 0.112629 -0.038204 0.126647 663 0
521.991 -8.96569 0.00690658 8.44675 0.00109379 0.378108 -0.013338 0.117743 664 0
522.667 -8.96097 0.00699409 8.38995 0.00139871 -0.71007 0.00381148 0.214814 665 0
523.338 -8.9562 0.00710598 8.40294 -0.000830714 0.162399 -0.0278678 0.077224 666 0
524.01 -8.95146 0.00703953 8.42947 -0.00230878 0.331712 -0.0184758 0.158133 667 0
524.685 -8.94684 0.00685482 8.45168 -0.00305598 0.277531 -0.00934007 0.203194 668 0
525.361 -8.94237 0.00661035 8.53245 -0.00329277 1.00969 -0.00295982 0.112382 669 0
526.043 -8.93804 0.00634692 8.4181 -0.000850573 -1.42938 0.0305275 0.164064 670 0
526.717 -8.93381 0.00627888 8.49906 -0.00118294 1.01193 -0.00415454 0.120714 671 0
527.397 -8.92961 0.00618424 8.57935 -0.00151334 1.00363 -0.00413003 0.078385 672 0
528.083 -8.92544 0.00606318 8.65934 -0.0018084 0.999868 -0.00368825 0.114962 673 0
528.776 -8.92134 0.00591851 8.68659 -0.0024531 0.340641 -0.00805872 0.117456 674 0
529.471 -8.91737 0.00572226 8.76605 -0.00267182 0.99324 -0.00273399 0.154371 675 0
530.172 -8.9135 0.00550851 8.59652 -0.00296219 -2.1191 -0.00362967 0.181991 676 0
530.859 -8.90988 0.00527154 8.67634 -0.00319054 0.997794 -0.00285438 0.130143 677 0
531.554 -8.9064 0.00501629 8.51675 -0.00138677 -1.9949 0.0225471 0.177882 678 0
532.235 -8.90306 0.00490535 8.59699 -0.00169333 1.00297 -0.003832 0.129022 679 0
532.923 -8.89977 0.00476989 8.45536 0.00125057 -1.77035 0.0367988 0.168146 680 0
533.599 -8.89648 0.00486993 8.53615 0.000842804 1.00981 -0.00509711 0.134977 681 0
534.282 -8.89311 0.00493736 8.61623 0.000434313 1.00102 -0.00510614 0.082497 682 0
534.971 -8.88968 0.0049721 8.69621 8.58136e-05 0.999737 -0.00435624 0.153806 683 0
535.667 -8.88622 0.00497897 8.52541 0.000106526 -2.13497 0.000258905 0.177815 684 0
536.349 -8.88282 0.00498749 8.37293 0.00219506 -1.90601 0.0261067 0.226209 685 0
537.019 -8.87936 0.00516309 8.45364 0.00169092 1.00892 -0.00630181 0.130086 686 0
537.695 -8.87577 0.00529837 8.534 0.00121787 1.00445 -0.00591316 0.076518 687 0
538.378 -8.87209 0.0053958 8.5701 0.0010839 0.451231 -0.00167457 0.077632 688 0
539.063 -8.86833 0.00548251 8.59937 0.000709643 0.365949 -0.00467823 0.11441 689 0
539.751 -8.86452 0.00553928 8.67913 0.000300967 0.997043 -0.00510846 0.078092 690 0
540.446 -8.86066 0.00556336 8.70509 -0.000606114 0.324488 -0.0113385 0.12231 691 0
541.142 -8.85682 0.00551487 8.78431 -0.000944115 0.990164 -0.00422501 0.14825 692 0
541.845 -8.853 0.00543934 8.61225 -7.27486e-05 -2.15075 0.0108921 0.180302 693 0
542.534 -8.84925 0.00543352 8.47198 0.00322643 -1.75333 0.0412397 0.227445 694 0
543.212 -8.84539 0.00569163 8.42254 0.00371454 -0.617981 0.00610145 0.259108 695 0
543.885 -8.84136 0.0059888 8.50353 0.00316807 1.0124 -0.00683093 0.076432 696 0
544.566 -8.83711 0.00624224 8.58387 0.00263208 1.00424 -0.0066999 0.078498 697 0
545.252 -8.83268 0.00645281 8.66381 0.00212482 0.99926 -0.00634068 0.079441 698 0
545.945 -8.82809 0.00662279 8.74323 0.00164175 0.99268 -0.00603842 0.07746 699 0
546.645 -8.82337 0.00675413 8.82215 0.00117244 0.986564 -0.00586632 0.114316 700 0
547.351 -8.81853 0.00684793 8.85454 0.000123883 0.404871 -0.013107 0.189857 701 0
548.059 -8.81368 0.00685784 8.68542 -0.00115551 -2.11402 -0.0159924 0.24366 702 0
548.754 -8.80898 0.0067654 8.52043 0.000394631 -2.06233 0.0193767 0.263018 703 0
549.435 -8.80434 0.00679697 8.38606 0.00367587 -1.67973 0.0410155 0.226736 704 0
550.106 -8.79959 0.00709104 8.46596 0.00302788 0.998831 -0.00809988 0.122596 705 0
550.784 -8.79462 0.00733327 8.31132 0.00521883 -1.93298 0.0273868 0.203453 706 0
551.448 -8.78946 0.00775078 8.3434 0.00479165 0.400972 -0.0053397 0.216081 707 0
552.116 -8.78404 0.00813411 8.35349 0.00155749 0.12604 -0.040427 0.077886 708 0
552.784 -8.77852 0.00825871 8.36763 -0.000717268 0.176775 -0.0284345 0.07844 709 0
553.453 -8.77303 0.00820133 8.38693 -0.00220942 0.24128 -0.018652 0.076975 710 0
554.124 -8.76764 0.00802457 8.40412 -0.00419322 0.214851 -0.0247974 0.153216 711 0
554.797 -8.76247 0.00768912 8.42353 -0.00626797 0.242639 -0.0259344 0.156523 712 0
555.471 -8.75763 0.00718768 8.4488 -0.00755498 0.315833 -0.0160876 0.161831 713 0
556.146 -8.75318 0.00658328 8.47015 -0.00852681 0.266898 -0.0121479 0.256935 714 0
556.824 -8.74918 0.00590114 8.41302 -0.00850846 -0.714123 0.000229408 0.200577 715 0
557.497 -8.74567 0.00522046 8.46725 -0.00879441 0.677955 -0.00357438 0.115148 716 0
558.174 -8.74261 0.00451691 8.32277 -0.00712037 -1.806 0.0209255 0.206282 717 0
558.84 -8.73998 0.00394728 8.2031 -0.00427421 -1.49589 0.035577 0.215674 718 0
559.497 -8.73761 0.00360534 8.28536 -0.00448889 1.02818 -0.00268346 0.122136 719 0
560.159 -8.73546 0.00324623 8.36723 -0.00467639 1.02345 -0.00234376 0.075772 720 0
560.829 -8.73354 0.00287212 8.44824 -0.00487353 1.01253 -0.00246429 0.077834 721 0
561.505 -8.73186 0.00248223 8.48345 -0.00535676 0.440216 -0.00604037 0.078305 722 0
562.183 -8.73047 0.00205369 8.56438 -0.00544369 1.01163 -0.00108663 0.192387 723 0
562.868 -8.72936 0.0016182 8.64468 -0.00553124 1.00369 -0.00109429 0.115126 724 0
563.56 -8.72855 0.0011757 8.68261 -0.00593574 0.474179 -0.00505629 0.196721 725 0
564.255 -8.72806 0.00070084 8.52115 -0.005972 -2.01827 -0.000453246 0.205503 726 0
564.936 -8.72791 0.00022308 8.36183 -0.00388967 -1.99156 0.0260292 0.22183 727 0
565.605 -8.72797 -8.8093e-05 8.23398 -0.000418977 -1.59812 0.0433836 0.219904 728 0
566.264 -8.72805 -0.000121611 8.31593 -0.000763064 1.02437 -0.00430109 0.122442 729 0
566.929 -8.72817 -0.000182656 8.39739 -0.00108666 1.01827 -0.00404488 0.078604 730 0
567.601 -8.72835 -0.000269589 8.4302 -0.000724772 0.410092 0.00452354 0.077069 731 0
568.275 -8.72857 -0.000327571 8.46314 -0.00112339 0.411797 -0.00498268 0.077438 732 0
568.952 -8.72885 -0.000417441 8.49198 -0.00182459 0.360489 -0.00876508 0.117064 733 0
569.632 -8.72924 -0.000563409 8.57289 -0.00203004 1.01135 -0.00256808 0.185421 734 0
570.318 -8.72973 -0.000725812 8.65323 -0.00222822 1.00427 -0.00247728 0.190276 735 0
571.01 -8.73036 -0.00090407 8.49295 -0.00196492 -2.00346 0.00329123 0.166582 736 0
571.689 -8.73108 -0.00106126 8.34046 0.000103106 -1.90618 0.0258504 0.219104 737 0
572.357 -8.73178 -0.00105302 8.42208 -0.000221208 1.02034 -0.00405392 0.124685 738 0
573.03 -8.7325 -0.00107071 8.28201 0.0021469 -1.7509 0.0296013 0.164023 739 0
573.693 -8.7331 -0.00089896 8.36384 0.00171685 1.02284 -0.00537556 0.126206 740 0
574.362 -8.73361 -0.000761612 8.44511 0.00130313 1.01585 -0.00517149 0.083202 741 0
575.038 -8.73405 -0.000657361 8.52607 0.000925664 1.01202 -0.00471835 0.128917 742 0
575.72 -8.73445 -0.000583308 8.55718 0.000656199 0.388849 -0.00336831 0.084993 743 0
576.404 -8.73481 -0.000530812 8.58672 -1.48156e-05 0.369287 -0.00838769 0.097072 744 0
577.091 -8.73518 -0.000531997 8.66698 -0.000300924 1.00324 -0.00357635 0.165975 745 0
577.785 -8.73557 -0.000556071 8.49668 9.05448e-05 -2.12868 0.00489336 0.230133 746 0
578.464 -8.73594 -0.000548828 8.34665 0.00275551 -1.87542 0.033312 0.242676 747 0
579.132 -8.73616 -0.000328387 8.24984 0.0057814 -1.21012 0.0378237 0.219823 748 0
579.792 -8.73607 0.000134125 8.33134 0.00514976 1.0187 -0.00789556 0.117745 749 0
580.459 -8.73571 0.000546105 8.28258 0.00519578 -0.609505 0.000575348 0.210157 750 0
581.121 -8.73507 0.000961768 8.29483 0.00245636 0.153148 -0.0342428 0.07699 751 0
581.785 -8.7343 0.00115828 8.31134 0.000631811 0.206447 -0.0228069 0.076452 752 0
582.45 -8.7335 0.00120882 8.33141 -0.000568302 0.250769 -0.0150014 0.113874 753 0
583.116 -8.73272 0.00116336 8.35012 -0.00231932 0.233948 -0.0218877 0.15592 754 0
583.784 -8.73207 0.000977812 8.43203 -0.00252471 1.02386 -0.0025674 0.196671 755 0
584.459 -8.73154 0.000775836 8.51337 -0.00270215 1.0167 -0.00221803 0.245094 756 0
585.14 -8.73116 0.000559664 8.59413 -0.00287136 1.00951 -0.00211515 0.247189 757 0
585.827 -8.73094 0.000329955 8.44439 -0.00372625 -1.87176 -0.0106861 0.202381 758 0
586.503 -8.73091 3.18545e-05 8.28622 -0.00274705 -1.97704 0.01224 0.220875 759 0
587.166 -8.73104 -0.000187909 8.36841 -0.00293812 1.02737 -0.0023884 0.126639 760 0
587.835 -8.73132 -0.000422959 8.45018 -0.00310164 1.02208 -0.00204403 0.146874 761 0
588.511 -8.73178 -0.00067109 8.31699 -0.00163385 -1.66481 0.0183474 0.167567 762 0
589.177 -8.73231 -0.000801799 8.20374 0.000850973 -1.41568 0.0310603 0.211435 763 0
589.833 -8.73279 -0.000733721 8.28642 0.00050259 1.03353 -0.00435479 0.120681 764 0
590.496 -8.73325 -0.000693513 8.36866 0.000178002 1.02792 -0.00405735 0.077068 765 0
591.165 -8.73371 -0.000679273 8.24274 0.00206129 -1.5739 0.0235411 0.168008 766 0
591.825 -8.73405 -0.00051437 8.32492 0.00163713 1.02724 -0.00530197 0.122707 767 0
592.491 -8.7343 -0.0003834 8.40602 0.00119492 1.01373 -0.00552759 0.077869 768 0
593.163 -8.73449 -0.000287806 8.48715 0.000809647 1.01411 -0.00481594 0.07641 769 0
593.842 -8.73464 -0.000223034 8.5182 0.000242644 0.38805 -0.00708755 0.079554 770 0
594.524 -8.73478 -0.000203623 8.59895 -6.38335e-05 1.00939 -0.00383097 0.15674 771 0
595.212 -8.73493 -0.000208729 8.4302 -0.000579794 -2.10937 -0.00644951 0.178279 772 0
595.886 -8.7351 -0.000255113 8.26634 0.0010457 -2.04824 0.0203187 0.231859 773 0
596.547 -8.73521 -0.000171457 8.34826 0.000653411 1.02402 -0.00490365 0.129937 774 0
597.215 -8.73529 -0.000119184 8.42981 0.000290668 1.01933 -0.00453428 0.079837 775 0
597.89 -8.73536 -9.59305e-05 8.44607 -0.00136787 0.203359 -0.0207318 0.117577 776 0
598.565 -8.7355 -0.00020536 8.4758 -0.000751769 0.371623 0.00770132 0.07618 777 0
599.243 -8.73568 -0.000265502 8.50968 -0.000681897 0.423431 0.000873401 0.079122 778 0
599.924 -8.73589 -0.000320054 8.59032 -0.000962146 1.00802 -0.00350311 0.11938 779 0
600.611 -8.73617 -0.000397025 8.42337 -0.000546363 -2.08683 0.00519729 0.179345 780 0
