14.9954 -7.91181e-18 -0.0574946 -9.88976e-17 0.562452 1
14.9906 2.96994e-18 -0.0597715 1.36022e-16 2.50367 2
14.9866 -3.29734e-18 -0.0507355 -7.8341e-17 2.1997 3
14.9828 1.62178e-17 -0.0467658 2.4394e-16 2.28995 4
14.9791 -7.64688e-09 -0.0463724 -9.5586e-08 2.46057 5
14.9753 -4.88258e-09 -0.0479221 3.45536e-08 0.810051 6
14.9748 8.49392e-08 -0.0056982 1.12277e-06 0.828984 7
14.9746 -6.04338e-07 -0.00214577 -8.61597e-06 0.914326 8
14.9742 -0.000105355 -0.00590086 -0.00130938 0.753285 9
14.9733 -0.000247767 -0.0111938 -0.00178015 0.921752 10
14.9722 -0.000481395 -0.0134468 -0.00292035 0.388426 11
14.9772 -0.00147079 0.0629544 -0.0123674 0.311238 12
14.982 -0.00252861 0.0590205 -0.0132228 0.280857 13
14.9852 -0.00366448 0.0402212 -0.0141984 0.307316 14
14.9942 -0.00567793 0.113094 -0.0251682 0.292852 15
15.0025 -0.00773581 0.103569 -0.0257235 0.248669 16
15.0104 -0.00978996 0.0979781 -0.0256769 0.176143 17
15.0158 -0.0118797 0.0679255 -0.0261219 0.133597 18
15.0268 -0.0149698 0.137568 -0.0386267 0.13839 19
15.0345 -0.0180385 0.0969291 -0.038358 0.131941 20
15.0414 -0.0210452 0.0860453 -0.0375837 0.136303 21
15.0461 -0.0239802 0.0578165 -0.0366879 0.122571 22
15.0502 -0.0267965 0.0524282 -0.0352032 0.130006 23
15.0528 -0.02949 0.0314832 -0.0336686 0.135444 24
15.0552 -0.0320265 0.0299335 -0.0317061 0.128688 25
15.0575 -0.0343819 0.02985 -0.0294437 0.176437 26
15.0703 -0.0321599 0.1598 0.0277753 0.130265 27
15.0817 -0.0302269 0.141835 0.0241632 0.149572 28
15.0921 -0.0285567 0.130355 0.0208765 0.132361 29
15.1086 -0.027902 0.206423 0.0081846 0.12589 30
15.1266 -0.0274156 0.224566 0.00607914 0.130403 31
15.1431 -0.027092 0.206721 0.00404555 0.135486 32
15.1584 -0.026909 0.190377 0.00228803 0.160487 33
15.1724 -0.0268476 0.174952 0.000767573 0.143119 34
15.1852 -0.0268916 0.160372 -0.000550458 0.137361 35
15.1969 -0.0270268 0.146616 -0.00169044 0.129266 36
15.2077 -0.0272474 0.135159 -0.00275692 0.136534 37
15.2202 -0.0274972 0.15552 -0.00312324 0.126676 38
15.2363 -0.0290834 0.201917 -0.0198274 0.124596 39
15.2522 -0.0306316 0.198102 -0.0193524 0.12704 40
15.2252 -0.019511 -0.337684 0.139008 0.317715 41
15.1956 -0.00963196 -0.368857 0.123488 0.322114 42
15.2025 -0.00536236 0.0861645 0.05337 0.340785 43
15.2133 -0.00123286 0.134587 0.0516189 0.320779 44
15.226 0.00272783 0.159085 0.0495086 0.219915 45
15.2417 0.00652563 0.195467 0.0474724 0.212569 46
15.2585 0.0101433 0.210369 0.0452212 0.208204 47
15.2736 0.0135821 0.18934 0.0429842 0.190444 48
15.2927 0.0167644 0.237858 0.039779 0.210533 49
15.3124 0.0196865 0.247061 0.0365271 0.253743 50
15.3328 0.0223225 0.254416 0.0329499 0.237803 51
15.3544 0.0247015 0.270045 0.0297363 0.283749 52
15.3758 0.0268534 0.267446 0.0268998 0.259453 53
15.399 0.0287325 0.289822 0.0234882 0.324984 54
15.4232 0.0303635 0.302434 0.0203873 0.260738 55
15.4444 0.0317321 0.265956 0.0171083 0.290456 56
15.4671 0.032869 0.282717 0.0142112 0.246716 57
15.5176 0.0286727 0.631392 -0.0524542 0.246141 58
15.5711 0.0243776 0.669646 -0.0536884 0.285487 59
15.6234 0.0199938 0.652993 -0.0547976 0.261129 60
15.6766 0.014342 0.665522 -0.0706482 0.171299 61
15.7282 0.00878196 0.64522 -0.0695001 0.142635 62
15.7779 0.00332822 0.620532 -0.0681718 0.137561 63
15.8245 -0.00200361 0.58217 -0.0666479 0.144546 64
15.8668 -0.00719305 0.529778 -0.0648679 0.131216 65
15.9041 -0.0122136 0.465322 -0.0627568 0.132583 66
15.9354 -0.0170321 0.392115 -0.0602319 0.153426 67
15.9604 -0.0216105 0.312603 -0.0572294 0.152359 68
15.9787 -0.0259083 0.228 -0.0537222 0.200575 69
15.999 -0.0288917 0.253534 -0.0372925 0.138636 70
16.0099 -0.0317834 0.136387 -0.0361464 0.135261 71
15.881 -0.0399007 -1.61085 -0.101466 0.246321 72
15.7321 -0.0479491 -1.86137 -0.100605 0.454309 73
15.5694 -0.0556469 -2.03409 -0.0962232 0.495803 74
15.3484 -0.0621316 -2.76194 -0.0810585 0.322702 75
15.1351 -0.0707865 -2.66677 -0.108187 0.308707 76
14.9542 -0.0755821 -2.26127 -0.0599451 0.344286 77
14.7913 -0.079308 -2.03555 -0.0465738 0.176414 78
14.6594 -0.0813856 -1.64886 -0.0259688 0.124385 79
14.5587 -0.0824806 -1.25855 -0.0136876 0.138409 80
14.4804 -0.0826934 -0.979698 -0.00266097 0.142142 81
14.4181 -0.0822077 -0.778699 0.00607222 0.156331 82
14.3856 -0.0817412 -0.405765 0.00583045 0.233041 83
14.3665 -0.0805774 -0.238955 0.0145478 0.270861 84
14.3589 -0.0788346 -0.0945449 0.0217854 0.305021 85
14.3616 -0.0766132 0.0333428 0.0277673 0.206439 86
14.3735 -0.074016 0.148404 0.032465 0.267371 87
14.3943 -0.0709905 0.26027 0.0378184 0.375857 88
14.4186 -0.0679514 0.303924 0.0379892 0.354593 89
14.4499 -0.0647207 0.390899 0.0403832 0.192493 90
14.4867 -0.0613442 0.4601 0.042207 0.146795 91
14.5277 -0.0578632 0.513279 0.0435117 0.151043 92
14.5718 -0.0543182 0.550294 0.0443134 0.15765 93
14.6163 -0.0507193 0.556505 0.0449862 0.166294 94
14.6597 -0.0471217 0.542855 0.0449695 0.202622 95
14.6998 -0.0435441 0.500762 0.0447196 0.171179 96
14.7215 -0.0395261 0.271213 0.0502251 0.213938 97
14.7525 -0.0360265 0.387335 0.0437448 0.226989 98
14.7497 -0.0340857 -0.0347972 0.0242601 0.275782 99
14.7443 -0.0322701 -0.0674963 0.0226954 0.310769 100
14.7319 -0.0305198 -0.155056 0.0218787 0.351601 101
14.7166 -0.0288867 -0.191522 0.0204142 0.339625 102
14.6975 -0.0273236 -0.238454 0.0195383 0.354689 103
14.6787 -0.0258485 -0.234473 0.0184393 0.329037 104
14.656 -0.0246116 -0.284326 0.015461 0.354996 105
14.6335 -0.0232933 -0.280821 0.016478 0.312455 106
14.6099 -0.0219019 -0.294721 0.0173928 0.348866 107
14.5874 -0.0206029 -0.282145 0.0162373 0.354822 108
14.5667 -0.0192711 -0.258219 0.0166486 0.301765 109
14.5483 -0.0178846 -0.230348 0.0173312 0.318572 110
14.5323 -0.0164323 -0.199294 0.0181535 0.353762 111
14.529 -0.0146867 -0.041759 0.0218197 0.35603 112
14.5167 -0.0122233 -0.153804 0.0307927 0.321199 113
14.4981 -0.00911216 -0.232875 0.038889 0.345019 114
14.4922 -0.00576911 -0.0736117 0.0417881 0.297185 115
14.4797 -0.00185046 -0.155663 0.0489832 0.275863 116
14.4769 0.00229102 -0.0348449 0.0517685 0.293173 117
14.4866 0.00665985 0.1212 0.0546104 0.333986 118
14.4927 0.0116517 0.0757456 0.0623984 0.3311 119
14.5101 0.0170111 0.218117 0.0669925 0.321146 120
14.5367 0.0225966 0.332618 0.0698183 0.29731 121
14.5696 0.0284355 0.410903 0.0729861 0.20747 122
14.6076 0.0349479 0.474715 0.0814048 0.12698 123
14.6522 0.041327 0.557148 0.0797391 0.155902 124
14.7026 0.0474964 0.630355 0.0771181 0.140322 125
14.7591 0.0533739 0.706172 0.073468 0.159011 126
14.8066 0.0585825 0.594211 0.0651077 0.124925 127
14.8487 0.0633393 0.526416 0.0594602 0.141498 128
14.886 0.067741 0.465477 0.0550211 0.142782 129
14.9302 0.0718685 0.55294 0.0515935 0.130863 130
14.9625 0.0756939 0.403917 0.0478184 0.131847 131
14.9912 0.0792535 0.358832 0.0444938 0.124069 132
15.0154 0.0825709 0.302541 0.0414675 0.475399 133
15.0408 0.0823359 0.317192 -0.00293637 0.136249 134
15.0549 0.0820806 0.17606 -0.00319174 0.137505 135
15.0658 0.0818193 0.1369 -0.00326661 0.118851 136
15.0732 0.0815447 0.0920653 -0.00343211 0.146959 137
15.0838 0.0821148 0.13268 0.00712629 0.137877 138
15.0904 0.0826217 0.0816464 0.0063356 0.127889 139
15.0948 0.0829939 0.0559568 0.00465307 0.132514 140
15.0968 0.0832693 0.0242591 0.00344282 0.138222 141
15.0985 0.083392 0.021553 0.00153296 0.145556 142
15.0978 0.0833747 -0.00844002 -0.000215508 0.127389 143
15.094 0.0832582 -0.0481725 -0.00145659 0.129002 144
15.0904 0.0829858 -0.0447512 -0.00340519 0.136857 145
15.0871 0.0836393 -0.0406027 0.00816854 0.122616 146
15.0789 0.0840585 -0.102508 0.00524037 0.141868 147
15.0746 0.0833124 -0.0545025 -0.0093258 0.143083 148
15.0701 0.0824464 -0.055635 -0.0108258 0.137131 149
15.0657 0.0814625 -0.0558019 -0.0122988 0.13807 150
15.0613 0.0803532 -0.0550985 -0.0138654 0.131936 151
15.0568 0.0791433 -0.0550985 -0.0151245 0.129994 152
15.0525 0.0778217 -0.0538111 -0.0165201 0.157045 153
15.0481 0.0764806 -0.05548 -0.0167639 0.314268 154
15.0437 0.0750473 -0.0549316 -0.017916 0.288992 155
15.0395 0.0735483 -0.0525594 -0.0187376 0.224926 156
15.0343 0.0721321 -0.0653148 -0.0177027 0.190884 157
15.0307 0.0705601 -0.0452042 -0.0196498 0.132909 158
15.0284 0.0688953 -0.0280976 -0.0208098 0.148353 159
15.0267 0.0672232 -0.0220299 -0.0209014 0.129251 160
15.0256 0.0655547 -0.0131369 -0.0208563 0.155386 161
15.0252 0.0638933 -0.00516176 -0.0207674 0.136217 162
15.0254 0.0622122 0.00216961 -0.0210138 0.123708 163
15.0263 0.0604752 0.0112891 -0.0217118 0.131773 164
15.0284 0.0586643 0.0271678 -0.0226371 0.151155 165
15.0249 0.056666 -0.0444293 -0.0249787 0.130842 166
15.0215 0.0546533 -0.0424027 -0.0251578 0.13417 167
15.0181 0.0526414 -0.0417829 -0.0251494 0.133467 168
15.0149 0.0506969 -0.0411749 -0.0243059 0.122938 169
15.0116 0.0488031 -0.0410199 -0.023673 0.149837 170
15.0086 0.0469374 -0.0372767 -0.023321 0.135762 171
15.0113 0.045687 0.0343323 -0.0156305 0.278155 172
15.0126 0.0445594 0.0162125 -0.0140948 0.290776 173
15.0133 0.0434961 0.00866652 -0.0132914 0.304268 174
15.0135 0.0424371 0.00265837 -0.0132371 0.140872 175
15.0135 0.0413692 9.53674e-05 -0.0133491 0.141016 176
15.0132 0.0402847 -0.00458956 -0.0135554 0.18361 177
15.0128 0.0391728 -0.00537634 -0.013899 0.334417 178
15.012 0.038041 -0.00884533 -0.0141481 0.342143 179
15.0114 0.0368645 -0.00777245 -0.0147059 0.138666 180
15.0104 0.0356671 -0.0130892 -0.0149671 0.133308 181
15.0091 0.0344305 -0.0156641 -0.0154582 0.130021 182
15.0079 0.0331418 -0.0156522 -0.0161081 0.120632 183
15.0065 0.0318178 -0.0176072 -0.0165508 0.128975 184
15.005 0.030454 -0.017643 -0.0170471 0.147036 185
15.0035 0.0290649 -0.0192881 -0.0173634 0.141507 186
15.002 0.027647 -0.0193 -0.0177237 0.13356 187
15.0003 0.026213 -0.0206709 -0.017926 0.185682 188
14.9987 0.0247046 -0.0200272 -0.0188543 0.240994 189
14.9969 0.0231542 -0.023067 -0.0193807 0.271262 190
14.9951 0.0215365 -0.0224233 -0.020221 0.284336 191
14.9934 0.0198478 -0.0206947 -0.0211088 0.27912 192
14.992 0.0180846 -0.0177383 -0.02204 0.255162 193
14.991 0.016247 -0.012815 -0.0229695 0.33216 194
14.9903 0.0143286 -0.00821352 -0.0239808 0.337572 195
14.9817 0.00946564 -0.107205 -0.0607866 0.193349 196
14.9818 0.00770512 0.000548363 -0.0220065 0.155017 197
14.9819 0.00280562 0.00104904 -0.0612438 0.151368 198
14.9814 -0.00190875 -0.00573397 -0.0589296 0.133205 199
14.9806 -0.00642741 -0.0105619 -0.0564832 0.137141 200
14.9794 -0.0107452 -0.0139713 -0.0539723 0.134729 201
14.9781 -0.014876 -0.0166655 -0.0516346 0.13979 202
14.9763 -0.0188069 -0.0225186 -0.0491362 0.134596 203
14.9729 -0.0227728 -0.0428081 -0.0495743 0.273507 204
14.9711 -0.0264592 -0.0224113 -0.0460797 0.30877 205
14.9675 -0.03007 -0.0447035 -0.0451355 0.251937 206
14.9636 -0.0335043 -0.0493407 -0.0429285 0.250079 207
14.9597 -0.0367438 -0.0484943 -0.0404934 0.32965 208
14.9533 -0.0398166 -0.0793695 -0.03841 0.356401 209
14.9491 -0.0426814 -0.0524044 -0.0358108 0.366715 210
14.9451 -0.0453356 -0.0503302 -0.0331769 0.328409 211
14.941 -0.0478007 -0.0519037 -0.0308136 0.215052 212
14.938 -0.0500194 -0.0376105 -0.0277346 0.13623 213
14.9343 -0.0520439 -0.045681 -0.0253053 0.137224 214
14.9322 -0.0538562 -0.0260592 -0.0226537 0.132346 215
14.9397 -0.0559466 0.0929832 -0.0261299 0.139996 216
14.9462 -0.0578854 0.0819325 -0.0242354 0.132333 217
14.9542 -0.0596075 0.0995755 -0.0215262 0.136128 218
14.9615 -0.0611542 0.0910163 -0.0193342 0.142084 219
14.968 -0.0625407 0.081408 -0.0173308 0.122276 220
14.9736 -0.0637701 0.070405 -0.0153676 0.135689 221
14.9789 -0.0648268 0.065887 -0.0132095 0.143127 222
14.9868 -0.0657385 0.0992656 -0.0113959 0.132616 223
14.9923 -0.0665018 0.0690699 -0.00954065 0.124386 224
14.9967 -0.0671103 0.0547528 -0.00760695 0.152164 225
15.0006 -0.0675916 0.0486851 -0.00601541 0.123414 226
15.0043 -0.0679666 0.0465512 -0.00468856 0.143034 227
15.0076 -0.0681745 0.0407815 -0.0025983 0.136693 228
15.0104 -0.0682556 0.0347137 -0.00101347 0.128691 229
15.0134 -0.0682023 0.0376105 0.000665616 0.139349 230
15.0132 -0.068065 -0.00231266 0.00171727 0.138693 231
15.016 -0.067768 0.0349998 0.00371169 0.154778 232
15.0196 -0.0669865 0.0450611 0.00976846 0.139295 233
15.0227 -0.0662393 0.0392437 0.00934079 0.147589 234
15.0253 -0.0654758 0.0316381 0.0095441 0.141762 235
15.0276 -0.0646192 0.0291467 0.010707 0.137922 236
15.031 -0.0636347 0.0418425 0.0123067 0.145733 237
15.0341 -0.0625682 0.039494 0.013331 0.119765 238
15.0232 -0.054495 -0.136149 0.100915 0.13115 239
15.0131 -0.0538575 -0.127018 0.00796895 0.136221 240
15.0186 -0.0530714 0.0691056 0.0098262 0.135467 241
15.02 -0.0529535 0.0172615 0.00147368 0.309667 242
15.0221 -0.052815 0.0260711 0.0017311 0.305278 243
14.9896 -0.0521649 -0.40561 0.0081263 0.267279 244
14.9688 -0.0502555 -0.260437 0.0238672 0.270091 245
14.9522 -0.0494129 -0.207162 0.0105332 0.270101 246
14.9353 -0.0482264 -0.211608 0.0148309 0.275934 247
14.9213 -0.0456684 -0.174701 0.0319748 0.264225 248
14.9003 -0.041557 -0.262094 0.0513928 0.30179 249
14.8802 -0.0369509 -0.251842 0.0575765 0.279751 250
14.8631 -0.0321069 -0.21379 0.060549 0.30883 251
14.8486 -0.0271362 -0.181592 0.0621338 0.332325 252
14.8386 -0.0221392 -0.124347 0.0624627 0.325159 253
14.8275 -0.0172209 -0.13845 0.0614786 0.334361 254
14.8171 -0.0124556 -0.130057 0.0595667 0.330415 255
14.8088 -0.00780644 -0.103641 0.0581146 0.32776 256
14.8014 -0.00333187 -0.0932813 0.0559321 0.341291 257
14.7905 0.00148084 -0.135255 0.0601589 0.444773 258
14.788 0.00580746 -0.0321507 0.0540827 0.40389 259
14.7859 0.00978885 -0.0257492 0.0497675 0.38194 260
14.7901 0.0137757 0.052619 0.0498359 0.336948 261
14.7955 0.0177685 0.0676036 0.0499093 0.187178 262
14.8015 0.0217526 0.0741601 0.0498018 0.179525 263
14.8085 0.0257028 0.0881434 0.0493772 0.158598 264
14.8195 0.0296287 0.137138 0.0490743 0.140611 265
14.8335 0.0335274 0.174963 0.0487331 0.142397 266
14.8475 0.0374129 0.175726 0.0485686 0.132433 267
14.8652 0.0410495 0.220835 0.0454582 0.134246 268
14.8859 0.0445352 0.258875 0.0435706 0.128752 269
14.9118 0.0478389 0.323594 0.0412962 0.12191 270
14.9393 0.0509287 0.344241 0.0386234 0.140026 271
14.9901 0.0513344 0.63417 0.00507031 0.244781 272
15.0422 0.0510196 0.651634 -0.00393414 0.237421 273
15.0957 0.0501409 0.669003 -0.0109838 0.305527 274
15.1526 0.0487775 0.710952 -0.0170431 0.281655 275
15.2103 0.0469607 0.720525 -0.0227093 0.359617 276
15.268 0.0447006 0.722182 -0.028252 0.32436 277
15.3254 0.0420024 0.717306 -0.0337268 0.354267 278
15.3809 0.0388669 0.694084 -0.0391937 0.343114 279
15.4343 0.0353267 0.666559 -0.0442536 0.211183 280
15.4846 0.0314248 0.629103 -0.0487727 0.140234 281
15.5322 0.0272041 0.594902 -0.0527594 0.165778 282
15.5795 0.0227194 0.591111 -0.0560587 0.133482 283
15.6225 0.0180329 0.537717 -0.0585811 0.138759 284
15.5978 0.0106039 -0.308001 -0.0928629 0.283304 285
15.5743 0.00318388 -0.294507 -0.09275 0.336483 286
15.5473 -0.00418821 -0.336778 -0.0921512 0.27128 287
15.521 -0.011428 -0.329804 -0.090497 0.319777 288
15.4917 -0.0184601 -0.365829 -0.087901 0.259063 289
15.4592 -0.0251723 -0.406051 -0.0839035 0.309812 290
15.4486 -0.018792 -0.132096 0.0797542 0.267158 291
15.4458 -0.0125475 -0.0354171 0.0780565 0.245462 292
15.4478 -0.00786736 0.0253916 0.0585014 0.253983 293
15.4544 -0.00353388 0.0816703 0.0541685 0.295384 294
15.3797 0.00194937 -0.933802 0.0685406 0.292984 295
15.3599 0.00653731 -0.247467 0.0573493 0.321605 296
15.3505 0.0109734 -0.117099 0.0554516 0.327069 297
15.3375 0.0149844 -0.162888 0.050137 0.170802 298
15.3303 0.0186617 -0.0899434 0.0459661 0.120401 299
15.3291 0.0224383 -0.014782 0.0472074 0.152485 300
15.3276 0.0261433 -0.0192642 0.0463131 0.130099 301
15.3274 0.0296771 -0.00245571 0.0441718 0.125663 302
15.3284 0.0329869 0.0129938 0.041373 0.125477 303
15.3303 0.0360353 0.0238061 0.0381042 0.145825 304
15.3328 0.0387968 0.0317812 0.0345193 0.133525 305
15.3354 0.0412191 0.0316381 0.0302794 0.123511 306
15.3371 0.0433106 0.0209928 0.0261432 0.120967 307
15.3377 0.045064 0.00849962 0.0219169 0.138682 308
15.3389 0.0464675 0.0139832 0.0175447 0.132528 309
15.3285 0.0392629 -0.129068 -0.0900576 0.2447 310
15.3218 0.0318831 -0.0842094 -0.0922473 0.308177 311
15.3173 0.0244274 -0.0561833 -0.0931964 0.330815 312
15.265 0.0142896 -0.65316 -0.126723 0.356799 313
15.2628 0.0077302 -0.0278354 -0.0819919 0.342185 314
15.2662 0.00131338 0.0417233 -0.0802103 0.221959 315
15.2734 -0.00494797 0.0907302 -0.0782669 0.140715 316
15.2835 -0.0109491 0.12598 -0.0750139 0.162351 317
15.2969 -0.0166427 0.167334 -0.07117 0.138883 318
15.3132 -0.0219872 0.204325 -0.0668059 0.141104 319
15.3321 -0.0269476 0.236237 -0.0620061 0.135903 320
15.3547 -0.0314383 0.282121 -0.0561332 0.137489 321
15.3753 -0.0355725 0.257659 -0.0516773 0.130789 322
15.4012 -0.0392466 0.324154 -0.0459269 0.152892 323
15.4265 -0.0424767 0.315583 -0.0403761 0.147137 324
15.4514 -0.0452619 0.311971 -0.0348142 0.135874 325
15.4772 -0.0472844 0.321472 -0.0252822 0.125111 326
15.5004 -0.0489981 0.290704 -0.0214208 0.141298 327
15.5231 -0.0442537 0.283051 0.0593049 0.141715 328
15.5401 -0.0394773 0.212967 0.0597055 0.131741 329
15.5536 -0.0346512 0.168896 0.0603257 0.132118 330
15.5632 -0.0297997 0.119913 0.060644 0.136341 331
15.5706 -0.0249956 0.0924826 0.0600506 0.137022 332
15.5693 -0.0275504 -0.0168324 -0.0319347 0.143047 333
15.5443 -0.022645 -0.312305 0.0613178 0.121435 334
15.5134 -0.0173532 -0.385737 0.0661474 0.188734 335
15.4525 -0.0108486 -0.760937 0.0813075 0.292386 336
15.458 -0.0137273 0.0677109 -0.0359835 0.26202 337
15.4618 -0.0162262 0.0484347 -0.0312367 0.256872 338
15.4634 -0.018382 0.0194907 -0.0269474 0.220139 339
15.4625 -0.0202397 -0.0113964 -0.0232213 0.385998 340
15.458 -0.0187536 -0.0559449 0.0185764 0.283076 341
15.4509 -0.0172649 -0.0887156 0.0186084 0.172561 342
15.442 -0.015773 -0.111496 0.0186487 0.137109 343
15.4316 -0.0143192 -0.129926 0.0181727 0.125612 344
15.4216 -0.0128213 -0.124347 0.0187237 0.147383 345
15.3516 -0.00813776 -0.875819 0.0585444 0.301625 346
15.2839 -0.00339846 -0.846136 0.0592413 0.216472 347
15.218 0.00129063 -0.823522 0.0586137 0.304861 348
15.1608 0.00587609 -0.715649 0.0573183 0.305899 349
15.1076 0.0102375 -0.663877 0.0545172 0.245356 350
15.0603 0.0142359 -0.591707 0.0499802 0.190271 351
15.0046 0.0190549 -0.696743 0.0602375 0.189991 352
14.968 0.0219407 -0.457144 0.0360721 0.24858 353
14.9349 0.0242774 -0.413346 0.0292098 0.277651 354
14.9084 0.0268778 -0.331676 0.0325042 0.368041 355
14.8819 0.0301266 -0.330591 0.040611 0.360594 356
14.8555 0.0335973 -0.330341 0.0433831 0.311184 357
14.8329 0.036687 -0.282454 0.0386211 0.36749 358
14.8257 0.0379144 -0.089848 0.0153428 0.334961 359
14.8187 0.0392662 -0.0884891 0.0168974 0.315825 360
14.8122 0.042552 -0.080502 0.0410729 0.146432 361
14.8222 0.0429466 0.124657 0.00493238 0.141299 362
14.8359 0.0439721 0.17091 0.012819 0.143288 363
14.8568 0.0452645 0.262153 0.0161543 0.141641 364
14.8858 0.0457433 0.362682 0.00598575 0.125157 365
14.9226 0.044969 0.459611 -0.00967872 0.133313 366
14.9646 0.0431812 0.524509 -0.0223481 0.130516 367
15.0077 0.0408138 0.539017 -0.0295918 0.149272 368
15.053 0.0381105 0.566649 -0.0337921 0.127005 369
15.1006 0.0352065 0.59408 -0.0363004 0.136313 370
15.1495 0.0321588 0.611973 -0.0380955 0.131866 371
15.2003 0.0289464 0.634444 -0.0401554 0.132732 372
15.2525 0.0255879 0.652456 -0.0419814 0.144027 373
15.3061 0.0220941 0.670981 -0.0436721 0.129524 374
15.3611 0.0184879 0.68754 -0.0450779 0.121253 375
15.4149 0.0150715 0.671673 -0.0427046 0.136101 376
15.4659 0.011771 0.637138 -0.0412564 0.131191 377
15.5138 0.0142303 0.599468 0.0307415 0.12534 378
15.5611 0.0101702 0.591409 -0.050752 0.129159 379
15.6071 0.00612784 0.574827 -0.0505289 0.134941 380
15.6494 0.00214572 0.528157 -0.0497766 0.1322 381
15.691 -0.00177313 0.520289 -0.0489856 0.129706 382
15.7248 -0.00563468 0.422895 -0.0482694 0.143092 383
15.7536 -0.00938692 0.359797 -0.0469029 0.123215 384
15.7763 -0.0130074 0.283766 -0.0452557 0.13971 385
15.7921 -0.0164814 0.197899 -0.0434255 0.128842 386
15.8008 -0.0197838 0.108743 -0.0412802 0.124669 387
15.8025 -0.022895 0.020957 -0.0388891 0.134273 388
15.7339 -0.0178064 -0.857687 0.0636066 0.160439 389
15.6615 -0.01286 -0.904906 0.0618298 0.136535 390
15.5818 -0.00781041 -0.995839 0.0631205 0.16477 391
15.538 -0.0121302 -0.548267 -0.0539972 0.140483 392
15.4525 -0.00568258 -1.0682 0.0805951 0.126946 393
15.4075 -0.010629 -0.563073 -0.0618299 0.131124 394
15.3639 -0.0151158 -0.54512 -0.0560856 0.214211 395
15.3236 -0.0190898 -0.502777 -0.0496751 0.26819 396
15.2863 -0.0226139 -0.466645 -0.0440511 0.318355 397
15.2509 -0.0257095 -0.442696 -0.0386952 0.283837 398
15.2174 -0.0285531 -0.41821 -0.0355449 0.353581 399
15.1869 -0.031075 -0.381935 -0.0315237 0.354501 400
15.1574 -0.0333025 -0.368297 -0.0278438 0.278219 401
15.1306 -0.0351999 -0.334775 -0.0237175 0.122992 402
15.0992 -0.0367301 -0.392592 -0.0191276 0.128333 403
15.0755 -0.0380307 -0.29701 -0.0162575 0.136351 404
15.0544 -0.0390026 -0.263166 -0.0121485 0.129788 405
15.0357 -0.039585 -0.234079 -0.00727964 0.138247 406
15.0254 -0.0397432 -0.128698 -0.00197757 0.128021 407
15.0166 -0.0394122 -0.109303 0.00413782 0.127133 408
14.9975 -0.0375936 -0.239313 0.022732 0.275936 409
14.9954 -0.0357647 -0.0257611 0.0228618 0.275085 410
14.9928 -0.0334754 -0.0326395 0.0286158 0.29748 411
14.9805 -0.0358491 -0.154412 -0.0296709 0.36506 412
14.9762 -0.0321106 -0.0534773 0.0467308 0.298089 413
14.9568 -0.0349031 -0.242341 -0.0349065 0.31587 414
14.9511 -0.0298891 -0.0709295 0.0626751 0.355219 415
14.9465 -0.0247868 -0.0582576 0.0637784 0.335762 416
14.9437 -0.0195809 -0.035286 0.065074 0.304363 417
14.9417 -0.0142289 -0.0247598 0.0669001 0.302511 418
14.9436 -0.0087967 0.0236511 0.0679028 0.251202 419
14.9457 -0.00339669 0.0268936 0.0675001 0.303809 420
14.9303 0.00303327 -0.193024 0.0803746 0.298011 421
14.9458 0.00810661 0.193512 0.0634167 0.272964 422
14.9624 0.0129928 0.207722 0.061077 0.352772 423
14.9836 0.0177071 0.265157 0.0589285 0.318287 424
15.0073 0.0222154 0.296462 0.0563543 0.293411 425
15.0358 0.0265204 0.355899 0.0538124 0.160502 426
15.0665 0.0305584 0.383866 0.0504747 0.128697 427
15.0979 0.0343252 0.393319 0.0470849 0.129597 428
15.1335 0.0378091 0.444567 0.0435497 0.127719 429
15.1699 0.0409937 0.455344 0.0398068 0.150686 430
15.2068 0.0438702 0.460708 0.035956 0.135672 431
15.2436 0.0464302 0.460541 0.0320002 0.127673 432
15.2818 0.046118 0.476348 -0.00390168 0.332266 433
15.3167 0.0452 0.437415 -0.0114751 0.176987 434
15.3506 0.0437543 0.422657 -0.0180717 0.125005 435
15.3841 0.0418122 0.4197 -0.0242761 0.126973 436
15.4163 0.039443 0.402153 -0.0296147 0.13237 437
15.4462 0.0366861 0.373447 -0.034461 0.137377 438
15.4738 0.0336234 0.344765 -0.0382839 0.13306 439
15.4988 0.0302407 0.313175 -0.0422846 0.144802 440
15.5224 0.0267655 0.294971 -0.0434401 0.129045 441
15.5431 0.0232051 0.259185 -0.0445044 0.128872 442
15.563 0.019592 0.248468 -0.0451632 0.13097 443
15.5807 0.0159197 0.220549 -0.0459045 0.145746 444
15.5364 0.00891086 -0.553608 -0.0876103 0.236531 445
15.4911 0.00172065 -0.565457 -0.0898776 0.279025 446
15.5006 0.00437448 0.118506 0.0331729 0.277145 447
15.5088 0.00617099 0.101757 0.0224564 0.348701 448
15.5168 0.00753776 0.100172 0.0170847 0.347603 449
15.5266 0.00891957 0.123382 0.0172726 0.305427 450
15.5327 0.00956968 0.0759602 0.00812635 0.128492 451
15.4976 0.0140196 -0.438583 0.0556244 0.212944 452
15.4596 0.0184536 -0.475454 0.055425 0.281274 453
15.4128 0.0230509 -0.585139 0.057466 0.296209 454
15.3703 0.0160041 -0.531065 -0.0880855 0.327603 455
15.3262 0.00909941 -0.551915 -0.0863083 0.279241 456
15.2799 0.00251675 -0.57832 -0.0822832 0.362233 457
15.2286 -0.00345748 -0.640917 -0.0746779 0.188398 458
15.1916 -0.00849669 -0.4632 -0.0629901 0.304622 459
15.1605 -0.0126223 -0.38774 -0.0515705 0.301621 460
15.1349 -0.0172437 -0.321054 -0.0577675 0.262065 461
15.1047 -0.0224638 -0.377154 -0.0652504 0.263664 462
15.079 -0.0271595 -0.321639 -0.0586972 0.366859 463
15.0582 -0.0298047 -0.259686 -0.0330648 0.30183 464
15.0334 -0.0346566 -0.309706 -0.0606489 0.275681 465
15.0205 -0.0371375 -0.161624 -0.0310104 0.144453 466
15.0141 -0.0389203 -0.0792027 -0.0222854 0.135542 467
15.0095 -0.0418259 -0.0580668 -0.03632 0.148955 468
15.01 -0.0439003 0.00579357 -0.0259305 0.128969 469
15.0141 -0.0439703 0.052464 -0.000874139 0.133383 470
15.0165 -0.0423484 0.0288963 0.0202733 0.125458 471
15.0171 -0.0399775 0.00805855 0.0296367 0.132895 472
15.0205 -0.037218 0.0427485 0.0344934 0.149175 473
15.028 -0.0342349 0.0936866 0.0372884 0.1286 474
15.0416 -0.0311002 0.169218 0.0391848 0.132985 475
15.0656 -0.0279999 0.3003 0.0387529 0.134238 476
15.0894 -0.0247058 0.297344 0.0411769 0.157573 477
15.1182 -0.0214206 0.360096 0.0410647 0.138924 478
15.1514 -0.0181315 0.415826 0.0411139 0.166386 479
15.1901 -0.0148674 0.482833 0.0408011 0.123678 480
15.2327 -0.0116183 0.532448 0.0406141 0.127187 481
15.2804 -0.00839697 0.596666 0.0402663 0.137418 482
15.332 -0.0051889 0.644481 0.0401008 0.144702 483
15.3882 -0.00199768 0.70312 0.0398902 0.137294 484
15.4471 0.00117077 0.736511 0.0396057 0.13628 485
15.5085 0.00429847 0.76735 0.0390962 0.143551 486
15.5721 0.0073735 0.795078 0.038438 0.133488 487
15.6384 0.0104114 0.828528 0.0379736 0.146577 488
15.7076 0.0133086 0.864518 0.0362157 0.132506 489
15.7773 0.0161057 0.871539 0.0349628 0.139382 490
15.8467 0.01879 0.868225 0.0335542 0.122448 491
15.9149 0.0213465 0.852335 0.0319561 0.142313 492
15.9806 0.0237624 0.82103 0.0301987 0.133797 493
16.0431 0.0229015 0.781024 -0.0107605 0.142936 494
16.0998 0.0210295 0.708175 -0.0234006 0.151525 495
16.1503 0.0181082 0.632429 -0.0365165 0.12851 496
16.1905 0.0152157 0.502348 -0.0361553 0.127044 497
16.2244 0.0114303 0.423384 -0.0473181 0.138807 498
