15.0019 1.11597e-05 0.02321 0.000139496 0.096661 1
15.0049 -0.00132222 0.0377297 -0.0166672 0.110418 2
15.0077 -0.00118053 0.0352263 0.00177114 0.123157 3
15.0103 -0.00238055 0.0329137 -0.0150002 0.165332 4
15.0132 -0.00345356 0.0354886 -0.0134126 0.105493 5
15.0165 -0.00307272 0.0422239 0.00476044 0.099844 6
15.0194 -0.00270864 0.0354052 0.00455094 0.1277 7
15.0212 -0.00370506 0.0222564 -0.0124552 0.102365 8
15.0243 -0.00591419 0.0391126 -0.0276141 0.103985 9
15.0262 -0.00522207 0.0235319 0.00865149 0.103722 10
15.0283 -0.00722223 0.0261307 -0.025002 0.103048 11
15.0314 -0.00633353 0.0393391 0.0111087 0.106659 12
15.0328 -0.00682224 0.0177979 -0.00610882 0.104111 13
15.0349 -0.00724052 0.0252604 -0.00522847 0.165347 14
15.0377 -0.00757905 0.0351071 -0.00423171 0.103642 15
15.04 -0.0091789 0.0295162 -0.0199981 0.133225 16
15.0425 -0.00924764 0.0312805 -0.000859157 0.101676 17
15.045 -0.00793758 0.0314713 0.0163757 0.129289 18
15.0472 -0.00937031 0.026381 -0.0179092 0.099649 19
15.0495 -0.0106111 0.0291109 -0.0155101 0.101142 20
15.0522 -0.0116706 0.0335217 -0.0132438 0.137368 21
15.0554 -0.0125635 0.039959 -0.011161 0.137951 22
15.0575 -0.0133069 0.0265241 -0.00929298 0.102116 23
15.0597 -0.0139093 0.0272751 -0.00752932 0.09975 24
15.0605 -0.0143793 0.0100136 -0.00587449 0.148059 25
15.063 -0.0147293 0.0315309 -0.00437606 0.105134 26
15.065 -0.0149614 0.025773 -0.00290056 0.102514 27
15.0658 -0.0150876 0.00994205 -0.00157827 0.138524 28
15.0683 -0.0124751 0.0311136 0.0326573 0.104113 29
15.0708 -0.0126982 0.0313878 -0.00278918 0.109737 30
15.0731 -0.0141571 0.0283837 -0.0182358 0.10168 31
15.0759 -0.0140689 0.0345469 0.0011016 0.106685 32
15.0781 -0.0139061 0.0277638 0.00203534 0.105413 33
15.0812 -0.0149954 0.0389099 -0.0136168 0.104091 34
15.0828 -0.011908 0.0195503 0.0385925 0.099685 35
15.0841 -0.0117188 0.0165582 0.00236587 0.106188 36
15.0861 -0.0127946 0.0254989 -0.0134476 0.101434 37
15.0885 -0.0136948 0.029552 -0.0112524 0.117774 38
15.0904 -0.0104358 0.0237465 0.0407366 0.102957 39
15.0925 -0.00742522 0.0264764 0.0376329 0.101967 40
15.0946 -0.00732029 0.0259519 0.00131158 0.10277 41
15.0639 -0.0136414 -0.383306 -0.0790142 0.106062 42
15.0387 -0.016123 -0.315082 -0.0310194 0.104188 43
15.0146 -0.0180613 -0.301898 -0.0242297 0.100407 44
14.9932 -0.0194202 -0.26772 -0.0169857 0.105062 45
14.9773 -0.0202009 -0.198793 -0.00975877 0.137227 46
14.9644 -0.0203749 -0.160372 -0.00217475 0.105246 47
14.9553 -0.0199373 -0.114441 0.00546947 0.105547 48
14.9499 -0.0188899 -0.0667572 0.0130926 0.138522 49
14.9202 -0.0183026 -0.371552 0.00734117 0.105883 50
14.896 -0.0168569 -0.302219 0.0180715 0.106398 51
14.878 -0.0146832 -0.225544 0.0271714 0.109643 52
14.863 -0.011891 -0.186813 0.0349018 0.13953 53
14.8543 -0.0086259 -0.109267 0.0408143 0.102636 54
14.8527 -0.00499665 -0.0196934 0.0453656 0.105134 55
14.8556 -0.00119573 0.0354052 0.0475115 0.104466 56
14.8617 0.00256343 0.0772476 0.0469895 0.103814 57
14.8711 0.00613625 0.116491 0.0446602 0.140614 58
14.8839 0.00941634 0.161171 0.0410011 0.156529 59
14.8984 0.0123592 0.180292 0.0367863 0.102488 60
14.8991 0.0148389 0.00851154 0.0309963 0.099396 61
14.923 0.0170872 0.299084 0.0281034 0.104518 62
14.9338 0.0193095 0.135565 0.0277782 0.103652 63
14.9485 0.021322 0.183547 0.025157 0.106011 64
14.9641 0.0230918 0.194645 0.0221226 0.105716 65
14.9812 0.0245833 0.214362 0.018643 0.104725 66
14.9949 0.0257716 0.170672 0.0148533 0.103423 67
15.0114 0.0254425 0.206625 -0.00411291 0.13256 68
15.0242 0.0262241 0.160313 0.00976976 0.104623 69
15.0353 0.0267576 0.138164 0.00666922 0.104917 70
15.0461 0.0231061 0.135243 -0.0456441 0.102529 71
15.053 0.0236732 0.0859618 0.00708848 0.108149 72
15.0603 0.0200767 0.0909328 -0.0449567 0.141029 73
15.0602 0.0208694 -0.000405312 0.00990902 0.106415 74
15.0648 0.0213855 0.056982 0.00645218 0.105493 75
15.0638 0.0223163 -0.0125647 0.0116348 0.106427 76
15.062 0.0231699 -0.0219822 0.0106695 0.107032 77
15.0615 0.0238969 -0.00680685 0.00908806 0.141232 78
15.0613 0.0244638 -0.00275373 0.00708625 0.109055 79
15.062 0.0248254 0.00919104 0.00451913 0.107587 80
15.0596 0.0249191 -0.0295639 0.00117114 0.142105 81
15.0627 0.0245715 0.0379086 -0.00434425 0.116168 82
15.0655 0.0237892 0.035727 -0.00977861 0.108816 83
15.0698 0.0227059 0.0531197 -0.0135414 0.107036 84
15.0743 0.0213946 0.056839 -0.0163908 0.10664 85
15.079 0.0198537 0.0583887 -0.0192622 0.107075 86
15.0846 0.0182304 0.0707269 -0.020291 0.107846 87
15.0905 0.0165733 0.0735879 -0.0207131 0.107001 88
15.099 0.0149447 0.105524 -0.020358 0.104514 89
15.1036 0.0133772 0.0576258 -0.0195936 0.111585 90
15.1101 0.0118937 0.0818253 -0.0185441 0.104306 91
15.1139 0.0104843 0.0470757 -0.0176168 0.104263 92
15.1188 0.00915259 0.0617623 -0.0166469 0.10451 93
15.1242 0.00789219 0.0664592 -0.015755 0.102959 94
15.1276 0.00552145 0.0430703 -0.0296342 0.131878 95
15.131 0.00231049 0.0426173 -0.0401371 0.108428 96
15.1348 -0.000714677 0.0475287 -0.0378145 0.103078 97
15.1364 -0.0035267 0.0200033 -0.0351503 0.103118 98
15.1376 -0.00612013 0.0145793 -0.0324178 0.100562 99
15.1426 -0.00848512 0.0627041 -0.0295624 0.107139 100
15.1468 -0.0119353 0.052166 -0.0431273 0.146357 101
15.1509 -0.013728 0.0514865 -0.0224093 0.100226 102
15.1554 -0.015318 0.056982 -0.0198739 0.101743 103
15.1616 -0.0180377 0.0773549 -0.0339971 0.099857 104
15.1662 -0.0204259 0.0571847 -0.0298528 0.103239 105
15.1684 -0.0211603 0.0279903 -0.00917977 0.102083 106
15.173 -0.0230533 0.0565767 -0.0236625 0.106353 107
15.1751 -0.0233261 0.0267744 -0.00341022 0.104659 108
15.1802 -0.0247814 0.0631213 -0.0181912 0.144717 109
15.1837 -0.0259839 0.0443935 -0.0150304 0.105409 110
15.1856 -0.0269498 0.0238061 -0.0120746 0.106557 111
15.1914 -0.0276966 0.0717163 -0.00933455 0.105304 112
15.1958 -0.0282346 0.0549674 -0.00672555 0.10157 113
15.1962 -0.0233342 0.00530481 0.0612557 0.10562 114
15.1981 -0.0186573 0.0237346 0.0584607 0.103391 115
15.1951 -0.014066 -0.0375867 0.0573917 0.103143 116
15.1874 -0.0096153 -0.0957847 0.0556336 0.104309 117
15.1831 -0.00531978 -0.0536919 0.053694 0.142512 118
15.1745 -0.00120142 -0.107992 0.0514795 0.140205 119
15.1595 0.00372684 -0.186706 0.0616032 0.102368 120
15.1464 0.00824822 -0.164545 0.0565173 0.104282 121
15.1399 0.0113141 -0.0806689 0.0383231 0.106072 122
15.1297 0.0141525 -0.127912 0.0354804 0.142786 123
15.1187 0.0167935 -0.137162 0.0330119 0.104426 124
15.108 0.0191886 -0.133586 0.0299391 0.104387 125
15.1011 0.0212239 -0.0865936 0.0254409 0.102695 126
15.0927 0.0229065 -0.10519 0.021033 0.099969 127
15.0841 0.024247 -0.106943 0.016757 0.104759 128
15.0796 0.0252586 -0.0568986 0.012644 0.101193 129
15.0763 0.0259383 -0.0411034 0.00849683 0.138288 130
15.0685 0.0294043 -0.097537 0.043325 0.109335 131
15.0551 0.0319082 -0.167859 0.0312989 0.150657 132
15.0426 0.0333395 -0.155151 0.0178913 0.106849 133
15.0288 0.033623 -0.17271 0.00354303 0.103046 134
15.0198 0.0328029 -0.112653 -0.0102509 0.101537 135
15.0153 0.0310431 -0.0567913 -0.0219978 0.132185 136
15.0117 0.0285899 -0.0443697 -0.0306647 0.10327 137
15.0133 0.025662 0.0196457 -0.0365993 0.106316 138
15.0137 0.0224405 0.00529289 -0.0402681 0.155257 139
15.0176 0.0190914 0.0479937 -0.0418643 0.104252 140
15.022 0.0157386 0.0549436 -0.0419098 0.103546 141
15.0242 0.0124497 0.02774 -0.0411108 0.102285 142
15.0263 0.00892511 0.026226 -0.0440578 0.10498 143
15.0309 0.00553434 0.0576615 -0.0423846 0.104767 144
15.0335 0.00229862 0.0331879 -0.0404466 0.140703 145
15.0406 -0.000751531 0.087893 -0.0381268 0.105034 146
15.0506 -0.00369299 0.125742 -0.0367682 0.108956 147
15.0596 -0.00646495 0.112391 -0.0346495 0.116443 148
15.0692 -0.00962523 0.119567 -0.0395035 0.107647 149
15.0808 -0.0124562 0.145054 -0.0353871 0.107818 150
15.0909 -0.0136367 0.12604 -0.0147561 0.106689 151
15.0973 -0.0153374 0.0800133 -0.021259 0.104537 152
15.1082 -0.0174652 0.136232 -0.0265975 0.107686 153
15.121 -0.0206394 0.160372 -0.0396778 0.10887 154
15.1279 -0.020571 0.0863314 0.000855234 0.108822 155
15.1355 -0.0206276 0.0951409 -0.000706711 0.111623 156
15.1457 -0.021912 0.127029 -0.0160561 0.105617 157
15.1569 -0.0243174 0.139844 -0.0300672 0.150755 158
15.1645 -0.0263758 0.0949621 -0.0257296 0.153741 159
15.1723 -0.0281252 0.0979781 -0.0218682 0.108644 160
15.1808 -0.0295761 0.106442 -0.0181358 0.109977 161
15.1908 -0.0307513 0.124168 -0.0146893 0.108688 162
15.1992 -0.0316665 0.105643 -0.0114408 0.10774 163
15.2099 -0.0323514 0.133729 -0.00856109 0.105912 164
15.2154 -0.0328106 0.0691295 -0.00573965 0.108511 165
15.2256 -0.031756 0.127602 0.0131818 0.112063 166
15.2309 -0.033296 0.0660062 -0.0192497 0.106105 167
15.2354 -0.0345131 0.0562549 -0.015214 0.106226 168
15.2405 -0.0341252 0.0633121 0.00484949 0.135567 169
15.2469 -0.0336179 0.0796318 0.00634068 0.107757 170
15.2539 -0.032997 0.0876546 0.00776132 0.108561 171
15.2593 -0.0335713 0.068295 -0.00717863 0.105297 172
15.2658 -0.0339359 0.0802875 -0.00455733 0.136724 173
15.2704 -0.0340712 0.0575542 -0.00169203 0.104633 174
15.2751 -0.0340206 0.0587106 0.000633439 0.105317 175
15.2795 -0.032475 0.0557899 0.0193191 0.107581 176
15.2826 -0.0322142 0.0384092 0.00326042 0.108225 177
15.2865 -0.030481 0.0493646 0.0216654 0.105982 178
15.2933 -0.0300795 0.0840783 0.00501864 0.105695 179
15.3011 -0.0282256 0.0974178 0.0231735 0.107305 180
15.3075 -0.0277127 0.0802398 0.00641167 0.10857 181
15.3141 -0.025759 0.0828266 0.0244213 0.107097 182
15.3186 -0.025159 0.0562668 0.00749989 0.10894 183
15.3253 -0.0257686 0.0837922 -0.00762057 0.106232 184
15.3328 -0.0248527 0.0940681 0.0114496 0.104461 185
15.3387 -0.0238703 0.0735879 0.0122792 0.13659 186
15.3442 -0.0228307 0.0678539 0.0129954 0.141241 187
15.3512 -0.0230555 0.0886202 -0.00281062 0.145435 188
15.3575 -0.021813 0.0784516 0.0155314 0.153793 189
15.3618 -0.0205142 0.0536323 0.0162351 0.110152 190
15.3633 -0.0178606 0.0191927 0.0331697 0.107661 191
15.3675 -0.0166716 0.0523567 0.0148629 0.108002 192
15.3704 -0.0141448 0.0353217 0.0315847 0.139019 193
15.3742 -0.013051 0.0485063 0.0136734 0.127331 194
15.3829 -0.0133173 0.108075 -0.00332886 0.104744 195
15.3769 -0.0105349 -0.0743866 0.034779 0.154989 196
15.3716 -0.00786368 -0.0662327 0.0333908 0.15285 197
15.3673 -0.0053225 -0.0541925 0.0317647 0.105922 198
15.3662 -0.00292298 -0.0136018 0.0299941 0.143075 199
15.3637 -0.000624356 -0.0309467 0.0287327 0.10918 200
15.357 0.00157025 -0.0848293 0.0274326 0.107348 201
15.3617 0.00181261 0.0589013 0.00302952 0.127351 202
15.3629 0.00398375 0.0154853 0.0271392 0.104048 203
15.3649 0.00542645 0.024879 0.0180338 0.10641 204
15.3641 0.007449 -0.00953674 0.0252819 0.109186 205
15.3694 0.0093605 0.0654817 0.0238938 0.10776 206
15.3747 0.00768065 0.0662804 -0.0209982 0.145955 207
15.3787 0.0075166 0.0503898 -0.00205057 0.152174 208
15.3834 0.00606796 0.0589013 -0.018108 0.108361 209
15.3906 0.00348235 0.0893235 -0.0323202 0.108928 210
15.3926 0.00253685 0.0251293 -0.0118187 0.119722 211
15.3967 0.00551331 0.051713 0.0372058 0.101769 212
15.3991 0.00575732 0.02985 0.00305003 0.103017 213
15.4038 0.0033472 0.0584841 -0.0301264 0.138741 214
15.4134 -9.71046e-05 0.120759 -0.0430538 0.135431 215
15.4165 -0.00180676 0.0388742 -0.0213707 0.129895 216
15.4241 -0.00331312 0.0947595 -0.0188296 0.105612 217
15.4286 -0.00590793 0.0560045 -0.0324351 0.105774 218
15.4292 -0.00152639 0.00803471 0.0547693 0.106454 219
15.4346 -0.0015111 0.066638 0.000191093 0.10341 220
15.4351 0.00386144 0.00673533 0.0671567 0.145375 221
15.4417 0.00874954 0.0828266 0.0611013 0.105776 222
15.4397 0.0144004 -0.0255466 0.0706355 0.102584 223
15.443 0.0195468 0.0416756 0.0643307 0.105277 224
15.4448 0.0228872 0.022006 0.0417544 0.145657 225
15.4431 0.0271841 -0.0211477 0.0537112 0.101134 226
15.4473 0.032255 0.0529647 0.0633863 0.138961 227
15.4451 0.0367904 -0.028193 0.0566924 0.13221 228
15.4432 0.0407487 -0.0241041 0.0494794 0.125258 229
15.4409 0.0442028 -0.0279903 0.0431753 0.103043 230
15.4396 0.0458321 -0.016129 0.020367 0.10275 231
15.4392 0.0484415 -0.00530481 0.0326174 0.100967 232
15.4376 0.0506408 -0.0200987 0.0274911 0.102347 233
15.4329 0.0524173 -0.0592828 0.0222067 0.107296 234
15.4362 0.052497 0.0416636 0.000996143 0.104163 235
15.4334 0.0536843 -0.0347376 0.0148404 0.10595 236
15.4039 0.0537811 -0.369096 0.00121072 0.106997 237
15.3775 0.0538656 -0.329638 0.00105537 0.105463 238
15.3679 0.0544708 -0.119925 0.00756513 0.134718 239
15.3405 0.0542776 -0.342131 -0.00241394 0.10531 240
15.3366 0.0543749 -0.04915 0.00121621 0.13184 241
15.3159 0.0537431 -0.259292 -0.00789776 0.108783 242
15.2998 0.0528571 -0.20076 -0.0110747 0.104764 243
15.2864 0.0516511 -0.168085 -0.0150752 0.106126 244
15.2725 0.0500796 -0.173247 -0.0196442 0.105547 245
15.2698 0.0484329 -0.0331879 -0.0205839 0.102964 246
15.2563 0.0459194 -0.169492 -0.0314189 0.192529 247
15.2552 0.0434322 -0.0133753 -0.0310898 0.105462 248
15.2567 0.039845 0.0187874 -0.0448401 0.104914 249
15.2649 0.0362315 0.101674 -0.0451688 0.105353 250
15.2779 0.0321617 0.163174 -0.0508725 0.109679 251
15.2868 0.0277943 0.111592 -0.0545921 0.105451 252
15.296 0.023295 0.114334 -0.0562412 0.10359 253
15.3072 0.0187155 0.140798 -0.0572435 0.105265 254
15.3188 0.0140843 0.144243 -0.0578911 0.105932 255
15.3331 0.00947364 0.178432 -0.0576327 0.136665 256
15.3408 0.00499801 0.0973463 -0.0559453 0.10559 257
15.3539 0.000733492 0.16259 -0.0533065 0.102992 258
15.3638 -0.00329185 0.124228 -0.0503168 0.105169 259
15.3679 -0.00704459 0.0517368 -0.0469092 0.102863 260
15.387 -0.0111579 0.237727 -0.051416 0.101684 261
15.4014 -0.0154596 0.180364 -0.0537711 0.106736 262
15.4148 -0.0189012 0.16731 -0.0430207 0.10607 263
15.4315 -0.0215282 0.209236 -0.0328371 0.135932 264
15.442 -0.0234334 0.130975 -0.0238155 0.15403 265
15.4472 -0.024689 0.0653863 -0.0156949 0.104046 266
15.4529 -0.0253569 0.0715137 -0.00834914 0.101027 267
15.4601 -0.025526 0.0892758 -0.00211301 0.103563 268
15.463 -0.0252959 0.036478 0.00287548 0.119694 269
15.4726 -0.0247865 0.119734 0.00636829 0.105233 270
15.4778 -0.024074 0.0651956 0.0089057 0.10569 271
15.479 -0.023205 0.0149131 0.0108628 0.148642 272
15.4812 -0.0222171 0.0276446 0.0123482 0.164149 273
15.4815 -0.0211466 0.00411272 0.0133822 0.105897 274
15.4862 -0.0200244 0.0590324 0.0140273 0.10465 275
15.5008 -0.0153368 0.181723 0.0585942 0.103807 276
15.5074 -0.0146068 0.0830293 0.00912545 0.107216 277
15.5105 -0.013833 0.0384092 0.00967298 0.104347 278
15.5127 -0.013032 0.0271082 0.0100118 0.107994 279
15.5121 -0.0122225 -0.00758171 0.0101194 0.107921 280
15.5186 -0.0114209 0.0817776 0.0100197 0.10731 281
15.5243 -0.0106432 0.0710249 0.00972118 0.107182 282
15.5277 -0.00989582 0.0426412 0.00934231 0.152614 283
15.5315 -0.00917931 0.0480652 0.00895638 0.104602 284
15.5324 -0.00978979 0.0102043 -0.00763104 0.103881 285
15.5309 -0.00900428 -0.0177026 0.00981891 0.103548 286
15.5325 -0.00957484 0.0194192 -0.007132 0.101916 287
15.5333 -0.0100521 0.0105023 -0.00596636 0.105378 288
15.5395 -0.0116023 0.0770569 -0.0193775 0.154489 289
15.5423 -0.0117894 0.0349879 -0.00233769 0.104545 290
15.5418 -0.0132059 -0.00633001 -0.0177065 0.107753 291
15.5561 -0.0154927 0.178993 -0.0285857 0.121623 292
15.5641 -0.0175994 0.10041 -0.0263329 0.101861 293
15.5657 -0.0194727 0.0199318 -0.0234172 0.118606 294
15.5808 -0.0222679 0.187838 -0.0349395 0.136343 295
15.5902 -0.0259445 0.117779 -0.0459577 0.103221 296
15.598 -0.0279395 0.0973225 -0.0249375 0.101324 297
15.6081 -0.0309445 0.127184 -0.0375622 0.101756 298
15.6124 -0.0335565 0.0532985 -0.0326495 0.104242 299
15.6172 -0.0357742 0.0597596 -0.0277219 0.101739 300
15.618 -0.0376224 0.00966787 -0.0231019 0.101817 301
15.588 -0.0270644 -0.374472 0.131974 0.136906 302
15.5567 -0.0168777 -0.391006 0.127333 0.13194 303
15.5252 -0.00711654 -0.394344 0.122015 0.105899 304
15.4955 0.00212241 -0.370812 0.115487 0.155035 305
15.4613 0.0106835 -0.427067 0.107013 0.10343 306
15.4415 0.0161382 -0.248563 0.0681838 0.104119 307
15.4086 0.0237474 -0.410891 0.0951151 0.105596 308
15.3918 0.0279262 -0.209785 0.052235 0.111431 309
15.3739 0.0316801 -0.22366 0.0469245 0.121077 310
15.3543 0.0349611 -0.245428 0.0410123 0.108172 311
15.3335 0.0377302 -0.259542 0.0346129 0.109199 312
15.3196 0.0398881 -0.17457 0.0269748 0.107619 313
15.3068 0.0414495 -0.159705 0.0195172 0.10703 314
15.2763 0.0432828 -0.381434 0.0229156 0.106797 315
15.2751 0.0433746 -0.0148177 0.00114813 0.107583 316
15.2504 0.043335 -0.308239 -0.000495696 0.108821 317
15.226 0.0428607 -0.3057 -0.00592801 0.164342 318
15.2007 0.0414199 -0.316143 -0.01801 0.110639 319
15.1831 0.0388089 -0.219607 -0.0326378 0.139135 320
15.1769 0.0352787 -0.0780344 -0.0441274 0.109364 321
15.1686 0.0311299 -0.103188 -0.0518604 0.110522 322
15.1638 0.0266395 -0.0604391 -0.05613 0.107528 323
15.1646 0.0219128 0.010848 -0.0590834 0.159086 324
15.1674 0.0170918 0.0340104 -0.0602631 0.108024 325
15.1739 0.0122751 0.0814915 -0.0602078 0.110571 326
15.1848 0.00773076 0.137079 -0.0568047 0.107304 327
15.1894 0.00348003 0.0567555 -0.053134 0.107462 328
15.199 -0.000437434 0.119817 -0.0489684 0.108018 329
15.2133 -0.00398366 0.179541 -0.0443278 0.106431 330
15.2351 -0.00717507 0.272357 -0.0398927 0.109222 331
15.2386 -0.00999269 0.0432253 -0.0352202 0.108553 332
15.2587 -0.0124977 0.25177 -0.0313128 0.156965 333
15.2727 -0.0146805 0.174236 -0.0272844 0.111536 334
15.2788 -0.0165634 0.077045 -0.0235372 0.158163 335
15.2907 -0.0181748 0.148308 -0.0201425 0.110975 336
15.3012 -0.0195143 0.131989 -0.0167431 0.109679 337
15.3093 -0.0205718 0.100851 -0.0132188 0.161237 338
15.3132 -0.021364 0.0483751 -0.00990208 0.109238 339
15.3195 -0.0219006 0.0791311 -0.00670864 0.107354 340
15.3303 -0.0221701 0.13473 -0.00336762 0.108808 341
15.3489 -0.0221537 0.233138 0.000204612 0.109279 342
15.3611 -0.0218566 0.152111 0.00371384 0.11142 343
15.3734 -0.0212964 0.153446 0.00700275 0.130898 344
15.3864 -0.0205077 0.162089 0.00985831 0.10968 345
15.3958 -0.0195161 0.11816 0.0123948 0.10693 346
15.4132 -0.0183689 0.217676 0.0143403 0.133881 347
15.433 -0.0171189 0.247097 0.0156251 0.15637 348
15.4448 -0.0157961 0.14714 0.0165344 0.170696 349
15.4542 -0.0145066 0.11735 0.0161196 0.155872 350
15.4661 -0.0131377 0.149 0.0171109 0.105549 351
15.483 -0.0111846 0.211251 0.0244132 0.108496 352
15.4958 -0.0100058 0.160217 0.014735 0.118416 353
15.5035 -0.00783413 0.0963211 0.0271463 0.155959 354
15.51 -0.00463527 0.0810981 0.0399857 0.172431 355
15.5219 -0.00403588 0.149274 0.00749243 0.108736 356
15.526 -0.00213458 0.0514269 0.0237663 0.10937 357
15.541 0.00224508 0.186551 0.0547457 0.14693 358
15.5503 0.00626866 0.116646 0.0502947 0.106932 359
15.557 0.00989675 0.0838161 0.0453511 0.105704 360
15.5684 0.0131757 0.142729 0.0409868 0.106635 361
15.5741 0.01475 0.0706196 0.0196789 0.107465 362
15.5879 0.0082647 0.17308 -0.0810663 0.173834 363
15.5902 0.0115452 0.029099 0.0410057 0.107128 364
15.5977 0.0144543 0.0932217 0.0363643 0.104331 365
15.6103 0.0077407 0.158024 -0.0839201 0.106343 366
15.6152 0.000313144 0.0613093 -0.0928444 0.103706 367
15.6246 -0.0063596 0.116718 -0.0834093 0.158907 368
15.626 -0.0110264 0.0170946 -0.0583349 0.110299 369
15.6281 -0.0152028 0.0270844 -0.0522054 0.107148 370
15.6339 -0.0202159 0.072372 -0.0626633 0.107855 371
15.6376 -0.0246432 0.0461459 -0.0553417 0.103266 372
15.6425 -0.0298257 0.0612259 -0.0647813 0.108295 373
15.645 -0.0317424 0.031209 -0.0239581 0.146687 374
15.6482 -0.0359003 0.0405073 -0.0519747 0.110359 375
15.6523 -0.0382085 0.0511169 -0.0288516 0.108526 376
15.643 -0.0312055 -0.115943 0.0875377 0.162656 377
15.651 -0.0349642 0.099206 -0.0469843 0.138733 378
15.6494 -0.0368231 -0.0202656 -0.0232369 0.16524 379
15.6309 -0.0282796 -0.23067 0.106795 0.110967 380
15.6052 -0.0203133 -0.321162 0.0995787 0.109815 381
15.5857 -0.0129164 -0.244296 0.0924602 0.11187 382
15.5727 -0.00717108 -0.161624 0.0718171 0.10884 383
15.5517 -0.000692366 -0.262475 0.080984 0.10999 384
15.5417 0.00526607 -0.125921 0.0744805 0.110226 385
15.5198 0.0106703 -0.273752 0.0675529 0.111357 386
15.502 0.0155886 -0.221622 0.0614789 0.111225 387
15.4844 0.019987 -0.22068 0.0549802 0.106983 388
15.4735 0.0229655 -0.135911 0.0372307 0.153815 389
15.4509 0.0266183 -0.283098 0.0456604 0.17467 390
15.428 0.0298189 -0.285864 0.0400074 0.109335 391
15.4208 0.0315611 -0.0899673 0.0217767 0.108776 392
15.4193 0.0331246 -0.0193715 0.0195439 0.108365 393
15.416 0.0344887 -0.041151 0.0170513 0.111831 394
15.4064 0.0355279 -0.119638 0.0129899 0.104435 395
15.3966 0.0367278 -0.122774 0.0149994 0.110696 396
15.3785 0.0379607 -0.225759 0.0154106 0.11201 397
15.3572 0.039073 -0.266266 0.013904 0.133518 398
15.3385 0.0398523 -0.233674 0.00974108 0.111813 399
15.3114 0.0402186 -0.339246 0.00457871 0.105675 400
15.2957 0.0400876 -0.196123 -0.00163727 0.155637 401
15.2605 0.0403567 -0.43925 0.00336366 0.161001 402
15.2316 0.0395261 -0.362194 -0.0103821 0.107295 403
15.2147 0.0377906 -0.211394 -0.0216932 0.13407 404
15.2201 0.035695 0.0676155 -0.0261952 0.159681 405
15.2138 0.0328666 -0.0787735 -0.0353552 0.110019 406
15.2061 0.0286226 -0.0962377 -0.0530497 0.160882 407
15.2027 0.0239624 -0.0416636 -0.0582533 0.105218 408
15.2 0.0200769 -0.0340819 -0.0485682 0.105593 409
15.2042 0.0150331 0.0523567 -0.0630476 0.108255 410
15.217 0.010043 0.159824 -0.0623766 0.108592 411
15.2307 0.00519413 0.171959 -0.0606106 0.106083 412
15.243 -0.000695605 0.152874 -0.0736216 0.106226 413
15.2672 -0.00349078 0.302386 -0.0349397 0.106555 414
15.2839 -0.00742321 0.209582 -0.0491554 0.104922 415
15.302 -0.0136213 0.22558 -0.0774761 0.166527 416
15.3239 -0.0192069 0.274193 -0.0698204 0.162299 417
15.3456 -0.0241592 0.271463 -0.0619028 0.160283 418
15.3708 -0.0285434 0.314331 -0.054803 0.112344 419
15.3865 -0.0323955 0.196469 -0.0481512 0.127537 420
15.3962 -0.0357193 0.121069 -0.0415477 0.121209 421
15.4085 -0.038585 0.154293 -0.0358208 0.153206 422
15.4282 -0.042362 0.246477 -0.047213 0.108081 423
15.44 -0.0442509 0.146616 -0.0236114 0.106223 424
15.4573 -0.0471084 0.216508 -0.0357185 0.105761 425
15.4752 -0.0494487 0.224483 -0.0292542 0.110567 426
15.4932 -0.0513514 0.224864 -0.0237832 0.131326 427
15.5168 -0.0515378 0.294614 -0.00233036 0.10964 428
15.5233 -0.0515089 0.0810385 0.000361586 0.105507 429
15.5381 -0.052527 0.184822 -0.0127265 0.106018 430
15.5515 -0.0544304 0.167584 -0.0237921 0.106836 431
15.5487 -0.0447752 -0.0344515 0.12069 0.108444 432
15.5443 -0.0357382 -0.0557899 0.112963 0.146525 433
15.5357 -0.0273357 -0.106883 0.10503 0.138467 434
15.5326 -0.0195182 -0.0384569 0.0977198 0.136072 435
15.5284 -0.0122758 -0.0525713 0.0905292 0.112926 436
15.5223 -0.00561759 -0.0769734 0.0832278 0.15886 437
15.5186 -0.000613302 -0.0459075 0.0625536 0.112394 438
15.5097 0.00514905 -0.110877 0.0720294 0.112655 439
15.506 0.0103844 -0.0463367 0.0654417 0.108852 440
15.498 0.015103 -0.0996232 0.0589829 0.112037 441
15.49 0.0193219 -0.101042 0.0527363 0.114547 442
15.488 0.0231021 -0.0244498 0.0472517 0.149472 443
15.4888 0.0250035 0.0099659 0.0237684 0.111026 444
15.4956 0.0274498 0.0845432 0.0305783 0.111256 445
15.4999 0.0292274 0.0541925 0.0222204 0.184339 446
15.5071 0.0304063 0.090611 0.0147357 0.166842 447
15.5149 0.0310548 0.0973225 0.00810691 0.109143 448
15.5207 0.0312153 0.0724316 0.00200602 0.102929 449
15.5259 0.0310104 0.0640273 -0.00256195 0.142519 450
15.5398 0.0304743 0.173855 -0.00670115 0.108212 451
15.5454 0.0296517 0.0707626 -0.0102817 0.109059 452
15.5579 0.028603 0.156331 -0.0131089 0.106624 453
15.5695 0.0273539 0.144553 -0.0156144 0.144343 454
15.5823 0.0259396 0.159609 -0.0176789 0.10845 455
15.5898 0.0244 0.0946403 -0.019245 0.107569 456
15.6062 0.0234817 0.204241 -0.011478 0.111429 457
15.6209 0.0238616 0.183904 0.0047487 0.107279 458
15.6448 0.0254464 0.298882 0.0198099 0.106461 459
15.6623 0.0267389 0.219369 0.0161556 0.103472 460
15.6739 0.0277277 0.144899 0.0123605 0.105824 461
15.6849 0.0285092 0.136769 0.00976846 0.107849 462
15.6986 0.0290936 0.172126 0.00730485 0.103347 463
15.7121 0.0294679 0.168002 0.0046791 0.107341 464
15.7222 0.0296755 0.126529 0.00259462 0.103161 465
15.7307 0.0296817 0.105643 7.82777e-05 0.148545 466
15.7354 0.0268694 0.0594854 -0.0351544 0.105125 467
15.7491 0.0268757 0.171614 7.89762e-05 0.103869 468
15.7588 0.0267164 0.120234 -0.00199142 0.103162 469
15.7696 0.0264261 0.135124 -0.00362785 0.105521 470
15.7872 0.0234069 0.220585 -0.0377404 0.103111 471
15.8049 0.0166161 0.221539 -0.0848851 0.101349 472
15.8217 0.00910073 0.209999 -0.0939422 0.103994 473
15.8298 0.00216892 0.10128 -0.0866475 0.106977 474
15.8376 -0.00284048 0.0967383 -0.0626175 0.106245 475
15.8454 -0.00869815 0.0975251 -0.073221 0.107112 476
15.858 -0.0152819 0.15806 -0.0822974 0.106917 477
15.8623 -0.0211897 0.0531435 -0.0738467 0.104458 478
15.8651 -0.0264817 0.035286 -0.0661504 0.104201 479
15.8821 -0.0323871 0.212228 -0.0738179 0.106791 480
15.896 -0.0363311 0.174177 -0.0492998 0.102554 481
15.9072 -0.0397773 0.140154 -0.0430776 0.10603 482
15.9132 -0.0440264 0.0739574 -0.0531129 0.102503 483
15.9042 -0.0489682 -0.111675 -0.0617723 0.104853 484
15.8975 -0.0519015 -0.0840664 -0.0366672 0.106531 485
15.9015 -0.053055 0.0506043 -0.014419 0.101104 486
15.8958 -0.0551536 -0.0712872 -0.0262314 0.107313 487
15.8967 -0.0593861 0.0112414 -0.052907 0.108802 488
15.8869 -0.0609063 -0.12331 -0.0190021 0.143334 489
15.8862 -0.0627998 -0.00857115 -0.0236694 0.105971 490
