1.120000000000000107e+00
1.000000000000000000e+01
0.000000000000000000e+00
1.400000000000000000e+01
0.000000000000000000e+00
-6.959585660815115205e-03
-1.907822228135107670e-02
1.023429393768310547e+00
1.000000000000000000e+00
1.000000000000000000e+00
2.239955450303308560e+00
9.999863252741553410e+00
-1.221006226006468868e-04
1.399944323314713479e+01
-1.526257782508086153e-03
-2.074863298595630567e-02
-9.795778039957930838e-02
1.035186767578125000e+00
2.000000000000000000e+00
0.000000000000000000e+00
3.359777692804480687e+00
9.998887740580336470e+00
-8.711310397586012827e-04
1.399778334250826006e+01
-9.362880214474430043e-03
-2.033484261405593685e-02
-1.299144881594272993e-01
1.039243698120117188e+00
3.000000000000000000e+00
0.000000000000000000e+00
4.479466852307352198e+00
9.996142689258801894e+00
-2.451614181136890606e-03
1.399615655509913559e+01
-1.975603926722861725e-02
-1.927047123095881886e-02
-1.227357781838544076e-01
1.040789127349853516e+00
4.000000000000000000e+00
0.000000000000000000e+00
5.599023053498825675e+00
9.990749066519978072e+00
-4.817606302891848206e-03
1.399461491740065888e+01
-2.957490152193697000e-02
-2.810991019492892207e-02
-1.225126247764514176e-01
1.066307067871093750e+00
5.000000000000000000e+00
0.000000000000000000e+00
6.718376812047901048e+00
9.981830226099464909e+00
-7.967679223216094994e-03
1.399236612458506457e+01
-3.937591150405308354e-02
-3.026966875840919613e-03
-1.141576490947151939e-01
1.049698114395141602e+00
6.000000000000000000e+00
0.000000000000000000e+00
7.837668159722524841e+00
9.968567837425267086e+00
-1.184836109774651917e-02
1.399212396723499729e+01
-4.850852343163029878e-02
1.015165564831166378e-01
-2.377413276652258489e-01
1.058017015457153320e+00
7.000000000000000000e+00
0.000000000000000000e+00
8.957521137925553489e+00
9.949247799197141973e+00
-1.725058746933438858e-02
1.400024529175364485e+01
-6.752782964484836670e-02
1.350093661582008053e-01
-2.578789577658519572e-01
1.060346126556396484e+00
8.000000000000000000e+00
0.000000000000000000e+00
1.007807381396634483e+01
9.922009376528707847e+00
-2.430323917062371039e-02
1.401104604104630091e+01
-8.815814626611652438e-02
1.513264464145347432e-01
-2.130621009702343971e-01
1.065187454223632812e+00
9.000000000000000000e+00
0.000000000000000000e+00
1.119932553229041972e+01
9.885309496559884224e+00
-3.271948831812253322e-02
1.402315215675946369e+01
-1.052031143437352767e-01
1.714374998525558524e-01
-1.647033152357112173e-01
1.066228389739990234e+00
1.000000000000000000e+01
0.000000000000000000e+00
1.232127563795747704e+01
9.837946497486349529e+00
-4.218983868312990715e-02
1.403686715674766816e+01
-1.183793795625921741e-01
1.943151830539502356e-01
-1.212247984809552981e-01
1.068844079971313477e+00
1.100000000000000000e+01
0.000000000000000000e+00
1.344392347664085108e+01
9.779025292341579245e+00
-5.243602775841539609e-02
1.405241237139198418e+01
-1.280773634410685979e-01
2.187158944704226116e-01
-8.234919279542229908e-02
1.074063777923583984e+00
1.200000000000000000e+01
0.000000000000000000e+00
1.456726839462691814e+01
9.707924783596684648e+00
-6.320925166759158720e-02
1.406990964294961799e+01
-1.346652988647023819e-01
2.433426525250803607e-01
-4.782149493748819036e-02
1.073685407638549805e+00
1.300000000000000000e+01
0.000000000000000000e+00
1.569130973881452817e+01
9.624267448645095868e+00
-7.428853314436770217e-02
1.408937705515162442e+01
-1.384910184597014371e-01
1.990247509457976349e-01
7.849779961599523403e-03
1.073862314224243164e+00
1.400000000000000000e+01
0.000000000000000000e+00
1.681562920330792821e+01
9.528109810624755482e+00
-8.531757602938958018e-02
1.410529903522728823e+01
-1.378630360627734752e-01
7.515434945220000884e-02
1.393818434369354375e-01
1.077568292617797852e+00
1.500000000000000000e+01
1.000000000000000000e+00
1.793939496649067067e+01
9.420514240090680502e+00
-9.545457511641507187e-02
1.411131138318346245e+01
-1.267124885878186391e-01
7.260465350713563026e-02
1.757183663961638109e-01
1.082111120223999023e+00
1.600000000000000000e+01
1.000000000000000000e+00
1.906260754713150973e+01
9.302746893568526687e+00
-1.044669766585051146e-01
1.411711975546403330e+01
-1.126550192761255342e-01
6.548560814341186642e-02
1.692165059143666273e-01
1.084690809249877930e+00
1.700000000000000000e+01
1.000000000000000000e+00
2.018526746351316703e+01
9.176029915911087187e+00
-1.123963925627432109e-01
1.412235860411550625e+01
-9.911769880297620350e-02
3.977542224831154272e-02
1.527599848865366094e-01
1.101834297180175781e+00
1.800000000000000000e+01
1.000000000000000000e+00
2.130727210664472082e+01
9.041481300186623216e+00
-1.193481445637074728e-01
1.412554063789537118e+01
-8.689690001205327419e-02
3.895851322144316953e-03
1.232100311470103043e-01
1.084793329238891602e+00
1.900000000000000000e+01
2.000000000000000000e+00
2.242845093158570435e+01
8.900017014665204229e+00
-1.255113523653308694e-01
1.412585230600114095e+01
-7.704009752029244984e-02
-7.658916660657766329e-04
1.469668162261600353e-01
1.066112041473388672e+00
2.000000000000000000e+01
2.000000000000000000e+00
2.354887079530708860e+01
8.752699832872949059e+00
-1.307339725431068411e-01
1.412579103466785746e+01
-6.528275222219964702e-02
-4.766100297886044501e-02
1.125122324672871155e-01
1.067394733428955078e+00
2.100000000000000000e+01
0.000000000000000000e+00
2.466831375710606977e+01
8.600380549650136430e+00
-1.352365144330921753e-01
1.412197815442954685e+01
-5.628177362481667778e-02
-7.237301585856226183e-02
3.517259411948275849e-02
1.061171293258666992e+00
2.200000000000000000e+01
4.000000000000000000e+00
2.578663625696210104e+01
8.443338739075626265e+00
-1.395139517207128199e-01
1.411618831316086187e+01
-5.346796609525805710e-02
-1.753209537163069598e-02
1.699372373920645385e-01
1.063295364379882812e+00
2.300000000000000000e+01
3.000000000000000000e+00
2.690434106522754476e+01
8.282746422663226582e+00
-1.427037906890242513e-01
1.411478574553113141e+01
-3.987298710389289291e-02
-6.719971663313728527e-02
1.794783204962574208e-01
1.059249639511108398e+00
2.400000000000000000e+01
3.000000000000000000e+00
2.802129016711726095e+01
8.119935042740017650e+00
-1.447449684061596353e-01
1.410940976820048043e+01
-2.551472146419229980e-02
-9.387043905988434744e-02
1.653286099206376092e-01
1.061880111694335938e+00
2.500000000000000000e+01
2.000000000000000000e+00
2.913748427066074242e+01
7.956112936968236404e+00
-1.457280430198029386e-01
1.410190013307568968e+01
-1.228843267054129107e-02
-1.531304263822752532e-01
1.524402285495813913e-01
1.037292242050170898e+00
2.600000000000000000e+01
0.000000000000000000e+00
3.025270750678956944e+01
7.792424828385325242e+00
-1.457355001707289210e-01
1.408964969896510766e+01
-9.321438657478031686e-05
-2.470987726983064903e-01
1.611434881322419688e-01
1.037709474563598633e+00
2.700000000000000000e+01
0.000000000000000000e+00
3.136653284997407098e+01
7.630106692895979315e+00
-1.447116389976085549e-01
1.406988179714924314e+01
1.279826466400457718e-02
-2.723295600642217096e-01
1.605853494549263349e-01
1.037393093109130859e+00
2.800000000000000000e+01
0.000000000000000000e+00
3.247896365841770461e+01
7.470321830679852226e+00
-1.426600315879766601e-01
1.404809543234410540e+01
2.564509262039868509e-02
-1.501619329204784137e-01
6.851971036254435321e-02
1.041375398635864258e+00
2.900000000000000000e+01
0.000000000000000000e+00
3.359083729234885851e+01
7.313441829966849994e+00
-1.401698980320244814e-01
1.403608247771046713e+01
3.112666944940223335e-02
1.315837551598253441e-01
-2.535800553572732374e-01
1.044546604156494141e+00
3.000000000000000000e+01
0.000000000000000000e+00
3.470368053613443493e+01
7.157409195753396958e+00
-1.393026768303588514e-01
1.404660917812325316e+01
1.084026502082037491e-02
1.281393960993248982e-01
-2.412011425585161295e-01
1.042986869812011719e+00
3.100000000000000000e+01
0.000000000000000000e+00
3.581723004525391474e+01
7.000509375283734848e+00
-1.399791429410677246e-01
1.405686032981119915e+01
-8.455826383860914897e-03
1.568977495598478100e-01
-1.797202551383388081e-01
1.054799556732177734e+00
3.200000000000000000e+01
0.000000000000000000e+00
3.693148515799965281e+01
6.841433806896652925e+00
-1.418058186846619662e-01
1.406941214977598698e+01
-2.283344679492801954e-02
1.855048753434118680e-01
-1.714342634068699300e-01
1.072317123413085938e+00
3.300000000000000000e+01
1.000000000000000000e+00
3.804644521328396678e+01
6.678929774355473192e+00
-1.447296737140601752e-01
1.408425253980346170e+01
-3.654818786747761339e-02
2.106468984920173426e-01
-1.401273246842043019e-01
1.091894626617431641e+00
3.400000000000000000e+01
1.000000000000000000e+00
3.916210955063854726e+01
6.511967512982953288e+00
-1.485503436214372919e-01
1.410110429168282131e+01
-4.775837384221395809e-02
2.315538021656404766e-01
-1.046712297591038537e-01
1.095757722854614258e+00
3.500000000000000000e+01
1.000000000000000000e+00
4.027847751021390366e+01
6.339771073945959401e+00
-1.530409093992726732e-01
1.411962859585607255e+01
-5.613207222294226695e-02
2.485062354820266606e-01
-7.321131654994868232e-02
1.102649211883544922e+00
3.600000000000000000e+01
1.000000000000000000e+00
4.139554843277873886e+01
6.161790329005832234e+00
-1.580000276030277262e-01
1.413950909469463468e+01
-6.198897754693816209e-02
2.616273923943923663e-01
-4.550049089426400767e-02
1.110973358154296875e+00
3.700000000000000000e+01
1.000000000000000000e+00
4.251332165971940924e+01
5.977674946448556348e+00
-1.632503489485060688e-01
1.416043928608618607e+01
-6.562901681847928270e-02
2.709695564219627428e-01
-2.128590953714461220e-02
1.142632722854614258e+00
3.800000000000000000e+01
1.000000000000000000e+00
4.363179653303934913e+01
5.787250254556989937e+00
-1.686369001150221369e-01
1.418211685059994132e+01
-6.733188958145085168e-02
2.765736904522642092e-01
-3.129231941493074154e-04
1.126301050186157227e+00
3.900000000000000000e+01
1.000000000000000000e+00
4.475097239535845262e+01
5.590494909289891901e+00
-1.740254539899807606e-01
1.420424274583612245e+01
-6.735692343698279627e-02
2.785077900957277919e-01
1.767186556999190278e-02
1.115350961685180664e+00
4.000000000000000000e+01
1.000000000000000000e+00
4.587084858991253355e+01
5.387520283391129539e+00
-1.793009079252914362e-01
1.422652336904378068e+01
-6.594317419138344405e-02
2.768888874317587678e-01
3.291795270521195860e-02
1.122029542922973633e+00
4.100000000000000000e+01
1.000000000000000000e+00
4.699142446055272160e+01
5.178551494949423351e+00
-1.843656869632887552e-01
1.424867448003832138e+01
-6.330973797496648736e-02
2.718928182807056615e-01
4.566851550483023992e-02
1.145302295684814453e+00
4.200000000000000000e+01
2.000000000000000000e+00
4.811269935174490797e+01
4.963909994446766838e+00
-1.891381875020551606e-01
1.427042590550077783e+01
-5.965625673458006817e-02
2.637551585525699238e-01
5.615821324433424577e-02
1.143926620483398438e+00
4.300000000000000000e+01
3.000000000000000000e+00
4.923467260856916994e+01
4.743997630554345868e+00
-1.935512754760578269e-01
1.429152631818498342e+01
-5.516359967503332851e-02
2.527660985705892926e-01
6.461126008880986593e-02
1.148134946823120117e+00
4.400000000000000000e+01
3.000000000000000000e+00
5.035734357671918815e+01
4.519282116340798794e+00
-1.975508513854921100e-01
1.431174760607063057e+01
-4.999469886792853868e-02
2.392614602349185660e-01
7.123983780009650324e-02
1.156739711761474609e+00
4.500000000000000000e+01
4.000000000000000000e+00
5.148071160250164269e+01
4.290283819131568421e+00
-2.010944923330057754e-01
1.433088852288942405e+01
-4.429551184392081786e-02
2.236115710930297595e-01
7.624289911429843469e-02
1.167106151580810547e+00
4.600000000000000000e+01
4.000000000000000000e+00
5.260477603283570147e+01
4.057563798982868342e+00
-2.041501787261879308e-01
1.434877744857686643e+01
-3.819607991477694253e-02
1.547399545676952926e-01
6.281040862729340979e-02
1.174810171127319336e+00
4.700000000000000000e+01
0.000000000000000000e+00
5.372918817074696562e+01
3.821658323689336001e+00
-2.068038785041554084e-01
1.436115664494228206e+01
-3.317124722459346975e-02
3.860065165588455471e-02
2.796744298547929747e-02
1.179314136505126953e+00
4.800000000000000000e+01
0.000000000000000000e+00
5.485325472292902305e+01
3.582919657241776967e+00
-2.092785866470158185e-01
1.436424469707475282e+01
-3.093385178575512595e-02
2.813117490787497843e-02
4.723329349070031630e-02
1.177874326705932617e+00
4.900000000000000000e+01
1.000000000000000000e+00
5.597697601316487237e+01
3.341701830474275603e+00
-2.114510017115357465e-01
1.436649519106738282e+01
-2.715518830649910065e-02
1.564154946480655894e-02
5.384519968643867310e-02
1.188394308090209961e+00
5.000000000000000000e+01
1.000000000000000000e+00
5.710035236493416733e+01
3.098409274539012603e+00
-2.132788074980624671e-01
1.436774651502456734e+01
-2.284757233158400680e-02
3.326021722571681494e-03
5.172336544988827972e-02
1.185519218444824219e+00
5.100000000000000000e+01
0.000000000000000000e+00
5.822338410141350096e+01
2.853431011958769137e+00
-2.147755837457099026e-01
1.436801259676237308e+01
-1.870970309559294442e-02
-3.397255108050778460e-03
2.844163473658331553e-02
1.184874057769775391e+00
5.200000000000000000e+01
0.000000000000000000e+00
5.934607154547668273e+01
2.606981117650111646e+00
-2.160903335310432050e-01
1.436774081635372724e+01
-1.643437231666627918e-02
-2.122363715408859264e-02
2.777308072926792243e-02
1.189840793609619141e+00
5.300000000000000000e+01
0.000000000000000000e+00
6.046834541079391556e+01
2.359284159729987618e+00
-2.172273355997091926e-01
1.436604292538140193e+01
-1.421252585832484538e-02
-5.166073941098581201e-02
3.350705977263248453e-02
1.191306591033935547e+00
5.400000000000000000e+01
0.000000000000000000e+00
6.159006749134452008e+01
2.110623501788256196e+00
-2.181498924858303323e-01
1.436191006622852306e+01
-1.153196107651424662e-02
-6.265209270803762109e-02
4.384819845681432737e-02
1.171525239944458008e+00
5.500000000000000000e+01
0.000000000000000000e+00
6.271123830410162725e+01
1.861329861288171683e+00
-2.187918209018278604e-01
1.435689789881188005e+01
-8.024105199969100433e-03
-7.313984903130066328e-02
4.152624842409038952e-02
1.173968076705932617e+00
5.600000000000000000e+01
0.000000000000000000e+00
6.383185836555400527e+01
1.611716270435244569e+00
-2.191679813279112099e-01
1.435104671088937778e+01
-4.702005326041869271e-03
-7.767987457749647717e-02
1.810795490885929587e-02
1.146850347518920898e+00
5.700000000000000000e+01
0.000000000000000000e+00
6.495192819170652854e+01
1.361919240506482387e+00
-2.194282508425778599e-01
1.434483232092317806e+01
-3.253368933333125601e-03
-8.256156693471350394e-02
1.939932380678587726e-02
1.170453310012817383e+00
5.800000000000000000e+01
1.000000000000000000e+00
6.607144829808061104e+01
1.112084842464212020e+00
-2.195643646848810804e-01
1.433822739556840098e+01
-1.701423028790255421e-03
-8.944118456433169939e-02
2.719788910261321940e-02
1.148329973220825195e+00
5.900000000000000000e+01
1.000000000000000000e+00
6.719041919971466825e+01
8.624175885638211136e-01
-2.195264120369275762e-01
1.433107210080325444e+01
4.744080994188021316e-04
-9.607333059291622845e-02
2.628406783855043172e-02
1.142933368682861328e+00
6.000000000000000000e+01
0.000000000000000000e+00
6.830884141116455055e+01
6.131148137413754418e-01
-2.193202413548073493e-01
1.432338623435582292e+01
2.577133526502836669e-03
-9.703179143267792739e-02
4.145531315022030205e-03
1.141129970550537109e+00
6.100000000000000000e+01
0.000000000000000000e+00
6.942671544650407611e+01
3.642072731562673860e-01
-2.190875392722709813e-01
1.431562369104120869e+01
2.908776031704599085e-03
-9.862969798226650653e-02
6.677679725182461556e-03
1.166414737701416016e+00
6.200000000000000000e+01
1.000000000000000000e+00
7.054404181932535778e+01
1.157446696132458097e-01
-2.188121000394934457e-01
1.430773331520262737e+01
3.442990409719196010e-03
-1.025001206273579157e-01
1.566233557517664188e-02
1.141415596008300781e+00
6.300000000000000000e+01
1.000000000000000000e+00
7.166082104273934306e+01
-1.321560036273046468e-01
-2.184364218590347795e-01
1.429953330555243873e+01
4.695977255733327360e-03
-1.063892321056414403e-01
1.584629640245110993e-02
1.141094684600830078e+00
6.400000000000000000e+01
0.000000000000000000e+00
7.277705362937624045e+01
-3.793766051639861914e-01
-2.179593273816004262e-01
1.429102216698398742e+01
5.963680967929416155e-03
-1.049007725447914652e-01
-5.320049477372350288e-03
1.137526750564575195e+00
6.500000000000000000e+01
0.000000000000000000e+00
7.389274009138597421e+01
-6.259577559139948288e-01
-2.175162812208212559e-01
1.428263010518040410e+01
5.538077009739628132e-03
-1.043047779881733916e-01
-1.820622922898626483e-03
1.132675170898437500e+00
6.600000000000000000e+01
1.000000000000000000e+00
7.500788094043863907e+01
-8.719138034817913718e-01
-2.170848870467486369e-01
1.427428572294135023e+01
5.392427175907738013e-03
-1.062016216428762760e-01
8.088800331315822156e-03
1.115069627761840820e+00
6.700000000000000000e+01
1.000000000000000000e+00
7.612247668772491238e+01
-1.117184954506259098e+00
-2.166017245505555966e-01
1.426578959320992013e+01
6.039531202413003785e-03
-1.083378028486015054e-01
9.114637796792980640e-03
1.099185466766357422e+00
6.800000000000000000e+01
0.000000000000000000e+00
7.723652784395653725e+01
-1.361703875164009814e+00
-2.160602283724630812e-01
1.425712256898203201e+01
6.768702226156442237e-03
-1.053509416290898670e-01
-1.132776994583299668e-02
1.087721347808837891e+00
6.900000000000000000e+01
0.000000000000000000e+00
7.835003491936680575e+01
-1.605556042595757571e+00
-2.155912299220238970e-01
1.424869449365170482e+01
5.862480630489802502e-03
-1.140689735886768474e-01
-9.129061986638993542e-03
1.076253890991210938e+00
7.000000000000000000e+01
0.000000000000000000e+00
7.946292881480982828e+01
-1.848795132844890832e+00
-2.151806574682992024e-01
1.423956897576461067e+01
5.132155671558683019e-03
-1.359609887800150574e-01
-5.239214397956618030e-04
1.076596975326538086e+00
7.100000000000000000e+01
0.000000000000000000e+00
8.057507151127349232e+01
-2.091395559276674643e+00
-2.147734381117892000e-01
1.422869209666220947e+01
5.090241956375030075e-03
-1.426926172028331052e-01
7.415981661553459892e-03
1.044382333755493164e+00
7.200000000000000000e+01
0.000000000000000000e+00
8.168643205937038942e+01
-2.333296061781269692e+00
-2.143187564726452554e-01
1.421727668728598282e+01
5.683520489299306866e-03
-1.784372726673089105e-01
-1.309073283957146866e-02
1.024904489517211914e+00
7.300000000000000000e+01
0.000000000000000000e+00
8.279676629079739314e+01
-2.574541874539985287e+00
-2.139478555236745683e-01
1.420300170547259810e+01
4.636261862133589373e-03
-2.288793756105356181e-01
-2.857416683607963415e-02
1.026346921920776367e+00
7.400000000000000000e+01
0.000000000000000000e+00
8.390571437429429125e+01
-2.815268168782659064e+00
-2.137598292424547908e-01
1.418469135542375525e+01
2.350328515247218641e-03
-2.321537730201050920e-01
1.559332099480229689e-02
1.011089324951171875e+00
7.500000000000000000e+01
0.000000000000000000e+00
8.501327963984910241e+01
-3.055360501842639742e+00
-2.134720057068682786e-01
1.416611905358214685e+01
3.597794194831402392e-03
-2.736165737935225550e-01
1.720556860772140817e-01
1.013224840164184570e+00
7.600000000000000000e+01
0.000000000000000000e+00
8.611946540945011463e+01
-3.293545607388828511e+00
-2.120830257803875962e-01
1.414422972767866504e+01
1.736224908100852948e-02
-4.307082299990439012e-01
6.615584901172987253e-01
1.013203859329223633e+00
7.700000000000000000e+01
0.000000000000000000e+00
8.722427499710511256e+01
-3.524941868921880772e+00
-2.064600715171562018e-01
1.410977306927874153e+01
7.028692829039243084e-02
-5.956908603180544048e-01
7.605164252918495960e-01
1.010182380676269531e+00
7.800000000000000000e+01
0.000000000000000000e+00
