1.12 10 0 14.0606 -0.00137745 0.757825 -0.0172181 0.590142 1 0
2.24485 9.99988 -0.000110196 14.1025 1.47029e-05 0.523722 0.0174019 0.275089 2 0
3.37305 9.99975 -0.00010902 14.0848 0.000353391 -0.221062 0.0042336 0.358948 3 0
4.49984 9.99966 -8.07486e-05 13.7648 -0.000403632 -4 -0.00946279 0.379028 4 0
5.60103 9.99954 -0.000113039 13.7051 -0.000119582 -0.746536 0.00355062 0.43178 5 0
6.69744 9.9994 -0.000122606 13.4385 -0.000407182 -3.33291 -0.003595 0.398161 6 0
7.77251 9.99924 -0.00015518 13.3833 -0.000106188 -0.689924 0.00376243 0.408412 7 0
8.84318 9.99906 -0.000163675 13.0927 -0.000276795 -3.63184 -0.00213259 0.37903 8 0
9.8906 9.99887 -0.000185819 13.0602 0.000538374 -0.406683 0.0101896 0.391471 9 0
10.9354 9.99872 -0.000142749 12.8741 0.000273059 -2.32668 -0.00331644 0.398259 10 0
11.9653 9.99859 -0.000120904 12.7985 0.000412717 -0.944805 0.00174572 0.381817 11 0
12.9892 9.9985 -8.7887e-05 12.7159 0.000367165 -1.03234 -0.000569398 0.348266 12 0
14.0065 9.99844 -5.85138e-05 12.624 0.000561693 -1.14939 0.0024316 0.341198 13 0
15.0164 9.99843 -1.35784e-05 12.5038 0.000526613 -1.50207 -0.000438502 0.339711 14 0
16.0167 9.99846 2.85506e-05 12.342 0.00112834 -2.02279 0.0075216 0.258555 15 0
17.0041 9.99858 0.000118818 12.1792 0.000941248 -2.03513 -0.00233866 0.252295 16 0
17.9784 9.99876 0.000194118 11.9869 -5.69603e-05 -2.40313 -0.0124776 0.236 17 0
18.9373 9.99895 0.000189561 11.7698 -0.00258552 -2.71417 -0.031607 0.240667 18 0
19.8789 9.99893 -1.72809e-05 11.7159 -0.00344079 -0.672793 -0.0106909 0.18821 19 0
20.8162 9.99866 -0.000292544 11.6503 -0.00478771 -0.820589 -0.0168365 0.126793 20 0
21.7482 9.99803 -0.000675561 11.5766 -0.00642987 -0.921273 -0.020527 0.077857 21 0
22.6744 9.99692 -0.00118995 11.4164 -0.00761723 -2.00181 -0.014842 0.079065 22 0
23.5877 9.99528 -0.00179933 11.0964 -0.0128638 -4 -0.0655825 0.211187 23 0
24.4754 9.99277 -0.00282844 10.7873 -0.020473 -3.86493 -0.0951141 0.266877 24 0
25.3384 9.98892 -0.00446627 10.5483 -0.0275675 -2.98665 -0.0886814 0.195474 25 0
26.1822 9.98329 -0.00667167 10.5741 -0.0291151 0.322485 -0.0193455 0.133441 26 0
27.0281 9.97567 -0.00900088 10.5205 -0.0308963 -0.669754 -0.0222652 0.075995 27 0
27.8697 9.96602 -0.0114726 10.3901 -0.0362974 -1.63016 -0.0675137 0.080521 28 0
28.7008 9.95407 -0.0143764 10.3639 -0.0285864 -0.327575 0.0963873 0.11457 29 0
29.5298 9.94025 -0.0166633 10.3123 -0.0235171 -0.645101 0.0633666 0.080549 30 0
30.3547 9.92495 -0.0185447 10.2439 -0.0228906 -0.854719 0.00783121 0.076889 31 0
31.174 9.90826 -0.0203759 10.0975 -0.0293697 -1.83079 -0.0809888 0.09943 32 0
31.9816 9.8899 -0.0227255 10.0518 -0.0290275 -0.571299 0.00427712 0.138918 33 0
32.7855 9.86976 -0.0250477 10.0092 -0.0281822 -0.532246 0.0105665 0.13445 34 0
33.5859 9.8479 -0.0273023 9.96904 -0.0270715 -0.501847 0.0138841 0.131377 35 0
34.3831 9.8244 -0.029468 9.997 -0.0283264 0.349486 -0.0156857 0.118773 36 0
35.1824 9.79903 -0.0317341 9.95013 -0.0318328 -0.585854 -0.0438308 0.078198 37 0
35.978 9.77175 -0.0342807 9.91742 -0.0354036 -0.408936 -0.0446342 0.078498 38 0
36.7708 9.74231 -0.037113 9.88526 -0.0372037 -0.401938 -0.0225011 0.077205 39 0
37.561 9.71061 -0.0400893 9.78785 -0.03684 -1.21766 0.00454579 0.078229 40 0
38.3433 9.67692 -0.0430365 9.7126 -0.0387762 -0.940609 -0.0242031 0.077572 41 0
39.1195 9.64109 -0.0461386 9.7317 -0.0385441 0.238776 0.00290205 0.076988 42 0
39.8971 9.60278 -0.0492221 9.68801 -0.0402971 -0.546169 -0.0219127 0.079491 43 0
40.6711 9.56215 -0.0524459 9.71364 -0.0404761 0.320387 -0.0022375 0.078446 44 0
41.447 9.5189 -0.055684 9.72921 -0.0402233 0.194645 0.00316049 0.077331 45 0
42.2239 9.47308 -0.0589018 9.73338 -0.0404629 0.0520945 -0.00299518 0.077545 46 0
43.0011 9.42473 -0.0621389 9.70342 -0.0425556 -0.374508 -0.0261586 0.117528 47 0
43.7757 9.37389 -0.0655433 9.72583 -0.0415905 0.28019 0.0120631 0.07848 48 0
44.5519 9.32034 -0.0688706 9.68643 -0.0414013 -0.492537 0.00236556 0.07837 49 0
45.3248 9.26445 -0.0721827 9.71236 -0.0418348 0.324059 -0.00541913 0.076833 50 0
46.0996 9.20582 -0.0755294 9.73661 -0.0407735 0.303185 0.0132663 0.07718 51 0
46.8761 9.14452 -0.0787913 9.69487 -0.0417591 -0.521791 -0.0123197 0.076854 52 0
47.6491 9.08089 -0.082132 9.60897 -0.0402216 -1.07373 0.0192183 0.079367 53 0
48.415 9.01536 -0.0853498 9.52759 -0.0390382 -1.01724 0.0147922 0.078916 54 0
49.1743 8.94801 -0.0884728 9.46161 -0.037888 -0.824809 0.0143783 0.077391 55 0
49.928 8.87884 -0.0915039 9.48414 -0.0382905 0.281656 -0.00503142 0.078107 56 0
50.6834 8.8072 -0.0945671 9.49369 -0.0363537 0.119364 0.0242101 0.082253 57 0
51.4392 8.73329 -0.0974754 9.51784 -0.0366763 0.301898 -0.00403347 0.077024 58 0
52.1968 8.65696 -0.10041 9.42175 -0.0351493 -1.20108 0.0190882 0.076639 59 0
52.9466 8.5793 -0.103221 9.42604 -0.0330728 0.0535846 0.0259559 0.08035 60 0
53.6964 8.49961 -0.105867 9.42549 -0.0310669 -0.00691414 0.0250739 0.078909 61 0
54.446 8.41807 -0.108353 9.43186 -0.0290427 0.0796556 0.0253025 0.076582 62 0
55.196 8.33473 -0.110676 9.45135 -0.0273615 0.243664 0.0210152 0.078767 63 0
55.9473 8.24957 -0.112865 9.45174 -0.0253514 0.0048399 0.0251259 0.077099 64 0
56.6984 8.16289 -0.114893 9.45848 -0.0233581 0.0842571 0.0249161 0.078234 65 0
57.45 8.07474 -0.116762 9.43945 -0.0230436 -0.23787 0.0039316 0.079411 66 0
58.1998 7.98538 -0.118605 9.44729 -0.0212109 0.0980139 0.0229089 0.079618 67 0
58.9501 7.89468 -0.120302 9.45493 -0.0193511 0.0955343 0.0232477 0.079215 68 0
59.7009 7.80274 -0.12185 9.46363 -0.0174894 0.108695 0.0232707 0.081332 69 0
60.4523 7.70967 -0.123249 9.47133 -0.0155915 0.0962973 0.0237238 0.077666 70 0
61.2041 7.61558 -0.124497 9.4899 -0.0140005 0.232053 0.0198878 0.078418 71 0
61.9573 7.52046 -0.125617 9.47909 -0.0144103 -0.135052 -0.00512262 0.078352 72 0
62.7095 7.42458 -0.12677 9.49643 -0.0151187 0.216711 -0.00885525 0.078287 73 0
63.4631 7.32762 -0.127979 9.52589 -0.015822 0.368214 -0.00879102 0.082218 74 0
64.2188 7.2294 -0.129245 9.51432 -0.0150492 -0.144637 0.00965988 0.078567 75 0
64.9734 7.13039 -0.130449 9.50835 -0.0128086 -0.0746131 0.0280076 0.080776 76 0
65.7275 7.03067 -0.131473 9.40432 -0.0105228 -1.30033 0.0285732 0.077203 77 0
66.4733 6.93142 -0.132315 9.42687 -0.00873295 0.281906 0.0223725 0.078979 78 0
67.2208 6.8314 -0.133014 9.44628 -0.00827151 0.242615 0.005768 0.080139 79 0
67.9698 6.73068 -0.133676 9.467 -0.00708287 0.258911 0.014858 0.080434 80 0
68.7203 6.62932 -0.134242 9.4857 -0.00790656 0.233817 -0.0102961 0.080419 81 0
69.4723 6.52728 -0.134875 9.35081 -0.00644196 -1.68617 0.0183075 0.080177 82 0
70.2135 6.42631 -0.13539 9.36594 -0.00734526 0.189209 -0.0112913 0.079049 83 0
70.9559 6.32473 -0.135978 9.38119 -0.0080741 0.190556 -0.00911051 0.077294 84 0
71.6994 6.22252 -0.136624 9.40274 -0.0059215 0.269449 0.0269075 0.07655 85 0
72.4445 6.11971 -0.137097 9.32338 -0.00306179 -0.992012 0.0357464 0.079159 86 0
73.1834 6.0176 -0.137342 9.33945 -0.00385194 0.20088 -0.00987686 0.080168 87 0
73.9235 5.91507 -0.13765 9.35782 -0.00220171 0.229549 0.0206278 0.078741 88 0
74.665 5.81222 -0.137827 9.37364 -0.00301287 0.197744 -0.0101395 0.077929 89 0
75.4077 5.70901 -0.138068 9.30295 -0.00149315 -0.883567 0.0189965 0.078997 90 0
76.1449 5.6065 -0.138187 9.30381 0.000193324 0.0106692 0.021081 0.078785 91 0
76.8821 5.50398 -0.138172 9.21037 0.000970663 -1.16799 0.00971673 0.077346 92 0
77.6119 5.40255 -0.138094 9.14142 0.00154566 -0.861812 0.00718746 0.078455 93 0
78.3363 5.30197 -0.13797 9.06509 0.00136325 -0.95408 -0.00228015 0.078612 94 0
79.0546 5.20231 -0.137861 9.08304 0.00049299 0.224328 -0.0108782 0.078648 95 0
79.7743 5.10248 -0.137822 9.10177 -0.000300042 0.234139 -0.0099129 0.077527 96 0
80.4956 5.00243 -0.137846 9.12014 -0.00106734 0.229549 -0.0095912 0.080141 97 0
81.2183 4.90211 -0.137931 9.04055 -0.00152418 -0.994885 -0.00571052 0.07967 98 0
81.9346 4.80258 -0.138053 9.06332 0.000756408 0.284743 0.0285074 0.078612 99 0
82.6528 4.70284 -0.137993 8.98223 0.000231249 -1.01372 -0.00656449 0.078367 100 0
83.3645 4.60401 -0.137974 8.94277 -0.000164231 -0.49324 -0.0049435 0.078469 101 0
84.0732 4.50561 -0.137987 8.9045 -6.44003e-05 -0.478303 0.00124788 0.076722 102 0
84.7788 4.40762 -0.137992 8.8167 -0.000131863 -1.0975 -0.000843286 0.078419 103 0
85.4774 4.31059 -0.138003 8.77195 -0.000540414 -0.559413 -0.00510689 0.079602 104 0
86.1725 4.21402 -0.138046 8.74288 -0.000753979 -0.363421 -0.00266956 0.077949 105 0
86.8652 4.11773 -0.138107 8.70893 -0.000975916 -0.424373 -0.00277422 0.077346 106 0
87.5553 4.02176 -0.138185 8.7249 -0.00161275 0.199687 -0.00796038 0.077166 107 0
88.2466 3.92553 -0.138314 8.69821 -0.00166686 -0.333691 -0.000676459 0.079736 108 0
88.9358 3.8295 -0.138447 8.66817 -0.00178427 -0.375485 -0.00146763 0.080729 109 0
89.6226 3.7337 -0.13859 8.66254 -0.0014889 -0.0703335 0.00369214 0.078117 110 0
90.309 3.63788 -0.138709 8.66951 -0.000651919 0.0871062 0.0104623 0.079248 111 0
90.9959 3.54195 -0.138761 8.6842 -0.00123965 0.183642 -0.00734666 0.078634 112 0
91.6839 3.44579 -0.13886 8.6617 -0.00141827 -0.28125 -0.00223277 0.07996 113 0
92.3702 3.3498 -0.138974 8.67264 -9.83749e-05 0.136745 0.0164987 0.08148 114 0
93.0573 3.25368 -0.138981 8.65425 -0.000186847 -0.229931 -0.0011059 0.080547 115 0
93.743 3.15776 -0.138996 8.66867 -0.000732752 0.180316 -0.00682382 0.079506 116 0
94.4298 3.06164 -0.139055 8.64773 -0.000944245 -0.261748 -0.00264366 0.076222 117 0
95.1149 2.96569 -0.139131 8.65539 -9.27083e-05 0.0957608 0.0106442 0.07797 118 0
95.8006 2.86966 -0.139138 8.63867 -0.00036575 -0.209069 -0.00341302 0.077771 119 0
96.4851 2.77379 -0.139167 8.6321 -0.000770011 -0.0820875 -0.00505326 0.081691 120 0
97.1689 2.67795 -0.139229 8.63119 0.00227432 -0.0114083 0.0380542 0.076225 121 0
97.8528 2.58225 -0.139047 8.59624 0.00230147 -0.436854 0.000339287 0.076 122 0
98.5339 2.48706 -0.138863 8.55823 0.00239464 -0.475073 0.00116472 0.0766 123 0
99.2119 2.39243 -0.138671 8.51995 0.00249986 -0.478554 0.0013152 0.076829 124 0
99.887 2.29835 -0.138471 8.44587 0.00399976 -0.926006 0.0187487 0.077517 125 0
100.556 2.2053 -0.138151 8.42054 0.00379432 -0.316608 -0.00256796 0.078899 126 0
101.223 2.11273 -0.137848 8.39449 0.00358153 -0.32568 -0.00265993 0.080345 127 0
101.889 2.02064 -0.137561 8.40706 0.00304589 0.157213 -0.00669543 0.081027 128 0
102.555 1.92858 -0.137318 8.38865 0.00273932 -0.230157 -0.00383215 0.07862 129 0
103.22 1.83686 -0.137098 8.35792 0.0026583 -0.384068 -0.00101273 0.078806 130 0
103.882 1.74562 -0.136886 8.33198 0.00247202 -0.324297 -0.00232845 0.078348 131 0
104.542 1.65479 -0.136688 8.31434 0.00234533 -0.220513 -0.00158363 0.078767 132 0
105.201 1.56428 -0.1365 8.29597 0.00207501 -0.229609 -0.00337902 0.077912 133 0
105.859 1.47408 -0.136334 8.20315 0.00363432 -1.16024 0.0194914 0.080566 134 0
106.509 1.38507 -0.136044 8.1138 0.00498886 -1.11688 0.0169317 0.08008 135 0
107.152 1.2973 -0.135644 8.03329 0.00620728 -1.00645 0.0152302 0.077765 136 0
107.789 1.21071 -0.135148 7.95522 0.00721612 -0.975794 0.0126106 0.078073 137 0
108.42 1.12532 -0.134571 7.94588 0.00832735 -0.116742 0.0138904 0.079895 138 0
109.05 1.04046 -0.133904 7.9587 0.00767551 0.160217 -0.00814809 0.078998 139 0
109.681 0.955842 -0.13329 7.93693 0.00914921 -0.272107 0.0184212 0.079011 140 0
110.31 0.87192 -0.132558 7.94566 0.00850283 0.109077 -0.00807972 0.077965 141 0
110.94 0.788334 -0.131878 7.95999 0.0096125 0.179183 0.0138709 0.077147 142 0
111.572 0.705082 -0.131109 7.96706 0.00895321 0.0883997 -0.0082412 0.079123 143 0
112.204 0.62221 -0.130393 7.97798 0.00840587 0.136393 -0.00684166 0.079159 144 0
112.836 0.539649 -0.12972 7.91851 0.0108132 -0.74327 0.0300911 0.078632 145 0
113.465 0.458248 -0.128855 7.93006 0.0100972 0.144351 -0.0089492 0.077971 146 0
114.094 0.377235 -0.128048 7.94121 0.00940605 0.139344 -0.00863977 0.077922 147 0
114.724 0.296583 -0.127295 7.94897 0.00874141 0.0969648 -0.00830794 0.077033 148 0
115.355 0.216294 -0.126596 7.91774 0.00895278 -0.390285 0.00264205 0.076883 149 0
115.983 0.13677 -0.12588 7.92867 0.00832336 0.136614 -0.00786764 0.079379 150 0
116.613 0.0575546 -0.125214 7.93944 0.00772191 0.134611 -0.0075182 0.07912 151 0
117.243 -0.0213786 -0.124596 7.95005 0.00714727 0.132656 -0.00718301 0.078012 152 0
117.874 -0.100056 -0.124024 7.96051 0.00659947 0.130731 -0.00684752 0.078147 153 0
118.506 -0.178504 -0.123496 7.97082 0.00607766 0.128782 -0.00652259 0.076805 154 0
119.139 -0.256746 -0.12301 7.98096 0.00558121 0.126839 -0.00620561 0.078146 155 0
119.772 -0.334804 -0.122564 7.99096 0.00510949 0.124913 -0.00589652 0.078718 156 0
120.407 -0.412701 -0.122155 8.00079 0.00466186 0.122929 -0.00559531 0.078921 157 0
121.042 -0.490456 -0.121782 8.01027 0.00423789 0.118458 -0.00529967 0.083004 158 0
121.678 -0.568088 -0.121443 7.94695 0.00475022 -0.791514 0.00640418 0.078715 159 0
122.31 -0.644867 -0.121063 7.9564 0.00433767 0.11819 -0.00515688 0.079963 160 0
122.941 -0.721517 -0.120716 7.96571 0.00394743 0.116348 -0.00487805 0.07888 161 0
123.574 -0.798058 -0.1204 7.97487 0.00357894 0.114524 -0.00460611 0.07715 162 0
124.207 -0.874505 -0.120114 7.98389 0.00323166 0.112689 -0.004341 0.076735 163 0
124.842 -0.950874 -0.119855 7.99275 0.00290505 0.110865 -0.00408261 0.077429 164 0
125.476 -1.02718 -0.119623 8.00148 0.00259858 0.109047 -0.00383085 0.083511 165 0
126.112 -1.10344 -0.119415 8.01006 0.00231173 0.107253 -0.00358564 0.079389 166 0
126.748 -1.17966 -0.11923 8.01849 0.00204398 0.105429 -0.00334689 0.085002 167 0
127.385 -1.25586 -0.119066 8.02678 0.00179482 0.103629 -0.0031145 0.077657 168 0
128.023 -1.33205 -0.118923 8.03493 0.00156375 0.10184 -0.00288839 0.078444 169 0
128.661 -1.40823 -0.118798 8.04293 0.00135027 0.10004 -0.00266847 0.078295 170 0
129.3 -1.48442 -0.11869 8.05079 0.0011539 0.0982523 -0.00245466 0.079033 171 0
129.939 -1.56062 -0.118597 8.05851 0.000974151 0.0964642 -0.00224686 0.079743 172 0
130.58 -1.63685 -0.118519 8.06609 0.000810552 0.0946999 -0.00204499 0.082557 173 0
131.22 -1.71311 -0.118455 8.07352 0.000662635 0.0929236 -0.00184896 0.07892 174 0
131.862 -1.78941 -0.118402 8.08081 0.000529939 0.0911474 -0.00165869 0.078262 175 0
132.504 -1.86574 -0.118359 8.08796 0.000412011 0.0893831 -0.0014741 0.07853 176 0
133.146 -1.94212 -0.118326 8.09497 0.000308404 0.0876308 -0.00129509 0.078106 177 0
133.789 -2.01856 -0.118302 8.10184 0.000218677 0.0858784 -0.00112159 0.077984 178 0
134.433 -2.09505 -0.118284 8.10857 0.000142396 0.0841141 -0.000953511 0.077974 179 0
135.077 -2.17159 -0.118273 8.11516 7.91343e-05 0.0823736 -0.000790768 0.077883 180 0
135.722 -2.24819 -0.118266 8.12161 2.84719e-05 0.0806332 -0.00063328 0.077357 181 0
136.367 -2.32485 -0.118264 8.12793 -1.00052e-05 0.0789046 -0.000480964 0.076158 182 0
137.013 -2.40157 -0.118265 8.1341 -3.67043e-05 0.0771642 -0.000333738 0.083258 183 0
137.659 -2.47835 -0.118268 8.14014 -5.2026e-05 0.0754595 -0.000191522 0.077693 184 0
138.305 -2.55519 -0.118272 8.14604 -5.63646e-05 0.0737429 -5.42316e-05 0.076213 185 0
138.953 -2.63209 -0.118276 8.1518 -5.01077e-05 0.0720382 7.82109e-05 0.079712 186 0
139.6 -2.70905 -0.11828 8.15743 -3.36367e-05 0.0703454 0.000205887 0.07771 187 0
140.248 -2.78606 -0.118283 8.16292 -7.32654e-06 0.0686646 0.000328877 0.077842 188 0
140.897 -2.86312 -0.118284 8.16828 2.84543e-05 0.0669956 0.00044726 0.081057 189 0
141.546 -2.94023 -0.118281 8.1735 7.33435e-05 0.0653148 0.000561115 0.079026 190 0
142.195 -3.01739 -0.118276 8.1786 0.000126985 0.0636697 0.00067052 0.08047 191 0
142.845 -3.09459 -0.118265 8.18356 0.000189029 0.0620246 0.000775553 0.077566 192 0
143.495 -3.17183 -0.11825 8.18839 0.000259133 0.0603914 0.000876295 0.08699 193 0
144.145 -3.2491 -0.11823 8.19309 0.000336958 0.0587702 0.000972818 0.085959 194 0
144.796 -3.32639 -0.118203 8.19767 0.000422174 0.0571609 0.0010652 0.078596 195 0
145.447 -3.40371 -0.118169 8.20211 0.000514456 0.0555635 0.00115352 0.077023 196 0
146.099 -3.48104 -0.118128 8.20643 0.000613485 0.053978 0.00123785 0.077739 197 0
146.751 -3.55838 -0.118079 8.21062 0.000718947 0.0524163 0.00131827 0.078735 198 0
147.403 -3.63572 -0.118021 8.21469 0.000830535 0.0508547 0.00139486 0.077344 199 0
148.056 -3.71306 -0.117955 8.21864 0.000947949 0.0493169 0.00146768 0.079962 200 0
148.709 -3.79038 -0.117879 8.22246 0.00107089 0.047791 0.00153681 0.078069 201 0
149.362 -3.86769 -0.117793 8.22616 0.00119908 0.046289 0.00160232 0.078071 202 0
150.015 -3.94497 -0.117697 8.22975 0.00133222 0.0447989 0.00166429 0.0824 203 0
150.669 -4.02221 -0.117591 8.23321 0.00147005 0.0433326 0.00172279 0.076756 204 0
151.323 -4.0994 -0.117473 8.23656 0.00161228 0.0418663 0.00177789 0.077482 205 0
151.978 -4.17655 -0.117344 8.2398 0.00175865 0.0404239 0.00182966 0.079311 206 0
152.632 -4.25363 -0.117203 8.24292 0.0019089 0.0390053 0.00187818 0.078377 207 0
153.287 -4.33064 -0.117051 8.24592 0.00206278 0.0376105 0.0019235 0.084456 208 0
153.943 -4.40757 -0.116886 8.24882 0.00222004 0.0362158 0.00196571 0.080359 209 0
154.598 -4.48441 -0.116708 8.25161 0.00238043 0.0348568 0.00200488 0.078085 210 0
155.254 -4.56116 -0.116518 8.25429 0.00254372 0.0335217 0.00204105 0.078378 211 0
155.91 -4.63779 -0.116314 8.25687 0.00270966 0.0321984 0.00207432 0.078189 212 0
156.566 -4.71431 -0.116097 8.25934 0.00287804 0.0308871 0.00210475 0.077178 213 0
157.222 -4.79069 -0.115867 8.26171 0.00304863 0.0296116 0.00213239 0.077038 214 0
157.878 -4.86694 -0.115623 8.26398 0.00322122 0.0283599 0.00215732 0.077265 215 0
158.535 -4.94304 -0.115366 8.26615 0.00339559 0.0271201 0.0021796 0.077385 216 0
159.192 -5.01899 -0.115094 8.26822 0.00357153 0.0259042 0.0021993 0.076771 217 0
159.849 -5.09476 -0.114808 8.2702 0.00374885 0.0247002 0.00221647 0.079987 218 0
160.507 -5.17036 -0.114508 8.27208 0.00392734 0.0235319 0.0022312 0.076242 219 0
161.164 -5.24576 -0.114194 8.27387 0.00410683 0.0223875 0.00224353 0.080933 220 0
161.822 -5.32097 -0.113865 8.27557 0.00428711 0.021255 0.00225353 0.078792 221 0
162.479 -5.39596 -0.113523 8.27718 0.00446801 0.0201464 0.00226126 0.077176 222 0
163.137 -5.47074 -0.113165 8.27871 0.00464935 0.0190735 0.00226678 0.078023 223 0
163.795 -5.54528 -0.112793 8.28015 0.00483096 0.0180244 0.00227016 0.116072 224 0
164.454 -5.61958 -0.112407 8.28135 0.00503192 0.0149965 0.00251192 0.24905 225 0
165.112 -5.69363 -0.112004 8.28227 0.00525657 0.0115395 0.00280818 0.280658 226 0
165.77 -5.76741 -0.111584 8.28294 0.00550244 0.00835657 0.00307336 0.281783 227 0
166.429 -5.84091 -0.111143 8.28337 0.00576715 0.00542402 0.00330891 0.282878 228 0
167.088 -5.91411 -0.110682 8.28359 0.00604845 0.00274181 0.00351619 0.28231 229 0
167.746 -5.98698 -0.110198 8.28362 0.00634417 0.000309944 0.00369656 0.279809 230 0
168.405 -6.05953 -0.109691 8.28347 0.00665228 -0.00190735 0.00385136 0.281291 231 0
169.064 -6.13172 -0.109158 8.28315 0.00697083 -0.00393391 0.00398189 0.285876 232 0
169.722 -6.20355 -0.108601 8.28269 0.00729798 -0.00573397 0.00408938 0.287053 233 0
170.381 -6.27498 -0.108017 8.2821 0.00763199 -0.00735521 0.00417507 0.28777 234 0
171.04 -6.34601 -0.107406 8.2814 0.0079712 -0.00878572 0.00424018 0.291199 235 0
171.699 -6.41661 -0.106769 8.2806 0.00831407 -0.0100493 0.00428582 0.2848 236 0
172.357 -6.48677 -0.106104 8.2797 0.00865912 -0.0111699 0.00431315 0.286696 237 0
173.016 -6.55646 -0.105411 8.27873 0.00900498 -0.0121355 0.00432327 0.289123 238 0
173.675 -6.62567 -0.10469 8.27769 0.00935036 -0.01297 0.00431722 0.286813 239 0
174.333 -6.69438 -0.103942 8.2766 0.00969404 -0.0136733 0.00429603 0.290809 240 0
174.992 -6.76256 -0.103167 8.27546 0.0100349 -0.0142455 0.00426072 0.28705 241 0
175.651 -6.83021 -0.102364 8.27428 0.0103719 -0.0147104 0.00421223 0.286757 242 0
176.309 -6.89731 -0.101534 8.27308 0.010704 -0.01508 0.00415152 0.286925 243 0
176.968 -6.96383 -0.100678 8.27185 0.0110304 -0.0153542 0.00407945 0.286804 244 0
177.626 -7.02976 -0.0997956 8.27061 0.0113501 -0.015533 0.00399692 0.28703 245 0
178.285 -7.09508 -0.0988876 8.26936 0.0116625 -0.0156403 0.00390476 0.290211 246 0
178.943 -7.15978 -0.0979546 8.2681 0.0119668 -0.015676 0.00380377 0.286236 247 0
179.601 -7.22384 -0.0969972 8.26685 0.0122624 -0.0156522 0.00369472 0.2865 248 0
180.26 -7.28724 -0.0960162 8.26561 0.0125486 -0.0155449 0.00357835 0.286847 249 0
180.918 -7.34997 -0.0950123 8.26437 0.0128251 -0.0154138 0.00345539 0.288557 250 0
181.576 -7.41202 -0.0939863 8.26316 0.0130912 -0.0152111 0.00332652 0.287531 251 0
182.234 -7.47337 -0.092939 8.26196 0.0133466 -0.0149727 0.0031924 0.286875 252 0
182.892 -7.53401 -0.0918713 8.26078 0.0135909 -0.0146985 0.00305362 0.28734 253 0
183.551 -7.59392 -0.090784 8.25963 0.0138237 -0.0143886 0.00291081 0.291868 254 0
184.209 -7.6531 -0.0896781 8.25851 0.0140449 -0.0140667 0.00276454 0.286817 255 0
184.867 -7.71153 -0.0885545 8.25741 0.0142541 -0.0136971 0.00261536 0.286888 256 0
185.525 -7.7692 -0.0874142 8.25634 0.0144512 -0.0133276 0.00246377 0.285467 257 0
186.183 -7.8261 -0.0862581 8.25531 0.0146361 -0.0129342 0.00231138 0.290164 258 0
186.841 -7.88223 -0.0850872 8.25431 0.0148087 -0.012517 0.00215637 0.287589 259 0
187.499 -7.93757 -0.0839025 8.25334 0.0149687 -0.0121117 0.00200034 0.287692 260 0
188.157 -7.99211 -0.082705 8.25241 0.0151162 -0.0116587 0.00184369 0.289882 261 0
188.815 -8.04586 -0.0814957 8.25151 0.0152511 -0.0112295 0.00168685 0.288112 262 0
189.473 -8.09879 -0.0802757 8.25064 0.0153735 -0.0107884 0.00153017 0.286144 263 0
190.131 -8.15091 -0.0790458 8.24982 0.0154835 -0.0103474 0.00137399 0.287251 264 0
190.789 -8.20221 -0.0778071 8.24902 0.0155809 -0.00990629 0.00121864 0.286973 265 0
191.447 -8.25269 -0.0765606 8.24827 0.0156661 -0.00946522 0.00106447 0.289532 266 0
192.105 -8.30233 -0.0753073 8.24754 0.015739 -0.00903606 0.000911672 0.2902 267 0
192.763 -8.35114 -0.0740482 8.24686 0.0157999 -0.00860691 0.000760611 0.285522 268 0
193.421 -8.39912 -0.0727842 8.2462 0.0158488 -0.00818968 0.000611437 0.289203 269 0
194.079 -8.44626 -0.0715163 8.24558 0.015886 -0.00777245 0.000464474 0.292431 270 0
194.737 -8.49256 -0.0702454 8.24499 0.0159117 -0.00737906 0.000321609 0.286828 271 0
195.395 -8.53802 -0.0689725 8.24443 0.015926 -0.00698566 0.000179489 0.289023 272 0
196.053 -8.58263 -0.0676984 8.2439 0.0159293 -0.00660419 4.014e-05 0.290652 273 0
196.711 -8.62641 -0.0664241 8.2434 0.0159217 -0.00624657 -9.40636e-05 0.293313 274 0
197.369 -8.66934 -0.0651503 8.24293 0.0159035 -0.00588894 -0.000227569 0.289259 275 0
198.027 -8.71144 -0.0638781 8.24249 0.0158751 -0.00555515 -0.000355067 0.300494 276 0
