1.12 10 0 14.0887 -0.0134051 1.10836 -0.167564 0.094408 1 1
2.24709 9.99879 -0.00107241 14.1405 -0.0224668 0.648224 -0.11327 0.104101 2 6
3.37833 9.99555 -0.00286975 14.2208 -0.0324258 1.00359 -0.124488 0.100628 3 0
4.51598 9.98933 -0.00546382 14.2873 -0.0402159 0.830829 -0.0973762 0.117876 4 1
5.65892 9.97941 -0.00868109 14.3773 -0.0468465 1.12562 -0.0828831 0.102731 5 0
6.80902 9.96511 -0.0124288 14.4537 -0.0528566 0.954402 -0.0751258 0.098653 6 0
7.96515 9.94585 -0.0166573 14.4651 -0.0599292 0.142753 -0.0884071 0.097699 7 1
9.12209 9.92103 -0.0214517 14.512 -0.0651826 0.585866 -0.065668 0.104431 8 0
10.2826 9.89007 -0.0266663 14.5547 -0.0696385 0.534046 -0.0556987 0.104161 9 0
11.4464 9.85254 -0.0322374 14.5915 -0.0733935 0.460064 -0.0469374 0.110913 10 0
12.6129 9.80807 -0.0381088 14.6264 -0.0764772 0.43633 -0.0385458 0.117243 11 0
13.7818 9.75634 -0.044227 14.6583 -0.0788812 0.399184 -0.0300499 0.105043 12 0
14.953 9.6971 -0.0505375 14.6896 -0.0806641 0.390983 -0.0222864 0.10405 13 0
16.1263 9.63016 -0.0569906 14.7213 -0.0818827 0.39649 -0.0152335 0.117217 14 0
17.3016 9.55538 -0.0635413 14.7511 -0.0825677 0.37148 -0.00856183 0.102623 15 0
18.4788 9.47267 -0.0701467 14.78 -0.0828029 0.3613 -0.00294074 0.154663 16 0
19.6577 9.38198 -0.0767709 14.8042 -0.0828577 0.303257 -0.00068415 0.101294 17 0
20.8379 9.28332 -0.0833995 14.8224 -0.0827672 0.226676 0.00113146 0.148662 18 0
22.0189 9.17672 -0.0900209 14.7138 -0.0868058 -1.3575 -0.0504836 0.101724 19 5
23.1905 9.06276 -0.0969654 14.5836 -0.090412 -1.6274 -0.0450773 0.101762 20 5
24.3508 8.94142 -0.104198 14.428 -0.0933898 -1.9447 -0.0372227 0.105508 21 5
25.4979 8.81279 -0.11167 14.2548 -0.0960735 -2.16446 -0.0335453 0.100741 22 5
26.6302 8.677 -0.119355 14.0519 -0.0992345 -2.5369 -0.0395125 0.106085 23 5
27.7452 8.53429 -0.127294 13.8394 -0.102261 -2.65573 -0.0378275 0.151348 24 5
28.8422 8.38476 -0.135475 13.6707 -0.103282 -2.10953 -0.0127608 0.109995 25 5
29.9246 8.2281 -0.143738 13.5783 -0.099957 -1.15491 0.0415562 0.108295 26 3
30.9984 8.06391 -0.151734 13.5368 -0.0915055 -0.517988 0.105644 0.11136 27 1
32.0677 7.89239 -0.159055 13.5853 -0.0855032 0.606191 0.0750285 0.137497 28 5
33.1396 7.71291 -0.165895 13.6874 -0.0774909 1.27604 0.100154 0.108917 29 5
34.2184 7.5254 -0.172094 13.8113 -0.0687277 1.54924 0.109541 0.111784 30 5
35.3059 7.33021 -0.177592 13.8701 -0.0554017 0.734127 0.166575 0.104861 31 0
36.3972 7.12934 -0.182024 13.9285 -0.0434908 0.730479 0.148886 0.104298 32 0
37.4924 6.92383 -0.185504 13.9851 -0.0328514 0.707865 0.132993 0.106992 33 0
38.5914 6.71458 -0.188132 14.0176 -0.0280398 0.405645 0.0601442 0.105233 34 6
39.6926 6.50238 -0.190375 14.0708 -0.0190205 0.664985 0.112741 0.108007 35 0
40.7976 6.28769 -0.191897 14.145 -0.0116739 0.927067 0.091833 0.10824 36 1
41.9082 6.07084 -0.192831 14.1932 -0.00450947 0.6024 0.0895554 0.103741 37 0
43.0225 5.85284 -0.193191 14.2824 0.000856434 1.1158 0.0670738 0.104734 38 2
44.1439 5.63355 -0.193123 14.3508 0.00631984 0.854516 0.0682926 0.106319 39 1
45.2707 5.41377 -0.192617 14.3831 0.00910934 0.404072 0.0348688 0.108132 40 6
46.4002 5.19433 -0.191888 14.4262 0.0143611 0.539267 0.0656463 0.10741 41 0
47.5334 4.97553 -0.19074 14.4679 0.0190465 0.521231 0.0585679 0.110093 42 0
48.6702 4.75783 -0.189216 14.5328 0.0229609 0.810182 0.0489308 0.108775 43 1
49.8125 4.54125 -0.187379 14.5546 0.0244067 0.273418 0.0180719 0.13011 44 6
50.9569 4.32658 -0.185426 14.5945 0.0278732 0.497842 0.0433311 0.107646 45 0
52.1049 4.11388 -0.183197 14.6757 0.0303733 1.0155 0.0312518 0.105228 46 2
53.2598 3.90281 -0.180767 14.7353 0.0329201 0.745654 0.0318342 0.107555 47 1
54.42 3.69393 -0.178133 14.7691 0.0351404 0.421524 0.0277546 0.111624 48 0
55.5834 3.48784 -0.175322 14.8044 0.0369724 0.441217 0.0228992 0.105656 49 0
56.7502 3.28471 -0.172364 14.8613 0.0384212 0.71156 0.01811 0.103033 50 1
57.9221 3.0844 -0.16929 14.8922 0.0396285 0.385833 0.0150912 0.109669 51 0
59.0971 2.8874 -0.16612 14.9433 0.0404125 0.639129 0.00979984 0.106587 52 1
60.2767 2.69353 -0.162887 15.032 0.037596 1.10934 -0.0352051 0.107978 53 4
61.4639 2.50209 -0.159879 15.048 0.0367854 0.199831 -0.0101335 0.107868 54 0
62.653 2.31394 -0.156937 15.0591 0.0364272 0.138438 -0.00447687 0.109542 55 0
63.8435 2.12911 -0.154022 15.1033 0.0335428 0.552738 -0.036055 0.108387 56 3
65.0379 1.94695 -0.151339 15.157 0.0312329 0.67147 -0.0288745 0.107703 57 3
66.2371 1.76714 -0.14884 15.1942 0.0303295 0.464737 -0.0112918 0.141077 58 1
67.4396 1.5898 -0.146414 15.2573 0.0285734 0.789154 -0.0219513 0.108914 59 3
68.6475 1.41449 -0.144128 15.316 0.0282019 0.73334 -0.00464418 0.110647 60 2
69.8605 1.24124 -0.141872 15.3827 0.0284043 0.834131 0.00253029 0.109005 61 2
71.0791 1.07 -0.1396 15.4582 0.0290026 0.943613 0.00747882 0.113216 62 2
72.3042 0.900768 -0.137279 15.5389 0.0298635 1.00827 0.0107612 0.109855 63 2
73.536 0.733593 -0.13489 15.6409 0.0288 1.27535 -0.0132933 0.107653 64 5
74.7763 0.568177 -0.132586 15.6923 0.028998 0.641775 0.00247397 0.112461 65 2
76.021 0.405105 -0.130267 15.7211 0.0289858 0.360668 -0.000151875 0.113405 66 1
77.2684 0.244625 -0.127948 15.7351 0.0284405 0.174785 -0.006816 0.111038 67 1
78.5173 0.0868435 -0.125672 15.7388 0.0274723 0.0463963 -0.0121023 0.110233 68 1
79.7668 -0.0682292 -0.123475 15.5216 0.0433481 -2.71511 0.198447 0.114187 69 8
80.9996 -0.216888 -0.120007 15.5347 0.0402415 0.163245 -0.0388331 0.113487 70 1
82.2339 -0.361698 -0.116787 15.5622 0.0371398 0.344157 -0.0387705 0.112868 71 1
83.4709 -0.503091 -0.113816 15.2919 0.0545939 -3.37901 0.218175 0.111988 72 8
84.6869 -0.636718 -0.109449 15.0669 0.0709846 -2.81219 0.204884 0.109065 73 7
85.8858 -0.761573 -0.10377 15.0898 0.0578382 0.286853 -0.164329 0.111614 74 4
87.087 -0.881061 -0.0991429 15.1202 0.04483 0.379837 -0.162603 0.112722 75 4
88.2911 -0.996472 -0.0955565 15.1614 0.0317766 0.51415 -0.163168 0.114035 76 4
89.4988 -1.10913 -0.0930144 15.2089 0.018821 0.594139 -0.161945 0.109961 77 4
90.7104 -1.22031 -0.0915087 15.2727 0.00688595 0.797844 -0.149188 0.111394 78 3
91.9272 -1.33129 -0.0909578 14.9781 0.038241 -3.68248 0.391938 0.110748 79 8
93.1208 -1.43648 -0.0878986 14.9609 0.0155268 -0.215065 -0.283927 0.110062 80 5
94.3132 -1.54007 -0.0866564 14.9857 -0.00441588 0.310302 -0.249284 0.11053 81 4
95.5075 -1.64425 -0.0870097 15.0105 -0.0200556 0.308871 -0.195496 0.115527 82 4
96.7036 -1.75052 -0.0886141 15.0536 -0.0301025 0.538802 -0.125586 0.111609 83 2
97.9029 -1.85999 -0.0910223 15.0878 -0.0355824 0.427556 -0.0684985 0.113762 84 0
99.1046 -1.97312 -0.0938689 15.0793 -0.0389132 -0.105953 -0.0416353 0.108633 85 0
100.305 -2.08993 -0.096982 15.027 -0.0405875 -0.653648 -0.0209292 0.104502 86 0
101.501 -2.21022 -0.100229 14.8764 -0.0408559 -1.88284 -0.00335434 0.111038 87 0
102.685 -2.33318 -0.103497 14.6825 -0.043866 -2.42393 -0.0376263 0.12468 88 2
103.853 -2.45863 -0.107007 14.5594 -0.0429608 -1.5379 0.0113145 0.11121 89 1
105.011 -2.587 -0.110444 14.4854 -0.0391824 -0.925303 0.0472302 0.11636 90 0
106.162 -2.71834 -0.113578 14.4307 -0.034859 -0.684118 0.0540429 0.111644 91 0
107.309 -2.85238 -0.116367 14.3846 -0.0305553 -0.575471 0.0537964 0.110312 92 0
108.451 -2.98878 -0.118811 14.343 -0.0262523 -0.520313 0.0537873 0.111858 93 0
109.59 -3.12718 -0.120911 14.3084 -0.0220142 -0.432336 0.0529761 0.110949 94 0
110.727 -3.26725 -0.122673 14.1389 -0.0126505 -2.11852 0.117046 0.112735 95 0
111.849 -3.40679 -0.123685 14.1126 -0.00586841 -0.329673 0.0847757 0.11199 96 1
112.969 -3.5466 -0.124154 14.0821 0.000431265 -0.381291 0.0787459 0.10946 97 1
114.087 -3.68607 -0.12412 14.0523 0.00630944 -0.371456 0.0734772 0.107645 98 1
115.203 -3.82469 -0.123615 14.025 0.0117785 -0.341928 0.0683629 0.113051 99 1
116.316 -3.96198 -0.122673 14.0023 0.0168388 -0.283349 0.0632547 0.110648 100 1
117.428 -4.09755 -0.121325 13.9868 0.0215028 -0.194359 0.0582996 0.113664 101 1
118.539 -4.23107 -0.119605 14.0226 0.0251114 0.447536 0.0451071 0.111116 102 6
119.653 -4.36268 -0.117596 14.0629 0.0282934 0.503659 0.0397756 0.110735 103 6
120.771 -4.49215 -0.115333 14.1278 0.0344156 0.811219 0.0765269 0.109393 104 3
121.894 -4.61912 -0.11258 14.2503 0.0395175 1.53165 0.0637743 0.109648 105 5
123.027 -4.74361 -0.109418 14.3705 0.0438583 1.50301 0.0542593 0.116885 106 5
124.17 -4.86514 -0.10591 14.3474 0.0459467 -0.289619 0.0261055 0.107494 107 1
125.312 -4.98228 -0.102234 14.3265 0.047799 -0.26139 0.0231536 0.107921 108 1
126.453 -5.09489 -0.0984099 14.2003 0.0488761 -1.57728 0.0134639 0.109348 109 0
127.584 -5.20208 -0.0944998 14.1035 0.0496147 -1.21005 0.0092322 0.109899 110 0
128.707 -5.30409 -0.0905306 14.0283 0.0502148 -0.93931 0.00750171 0.109666 111 0
129.825 -5.40106 -0.0865135 14.0223 0.0515613 -0.0758529 0.0168305 0.150513 112 1
130.943 -5.49337 -0.0823886 14.0212 0.0528373 -0.0137925 0.0159504 0.110314 113 1
132.062 -5.58096 -0.0781616 14.0631 0.0517776 0.523996 -0.0132468 0.112912 114 6
133.184 -5.66416 -0.0740194 14.0324 0.0518594 -0.3829 0.00102362 0.109517 115 0
134.303 -5.74253 -0.0698706 14.0769 0.0531707 0.556052 0.0163901 0.108312 116 2
135.427 -5.81637 -0.065617 14.1178 0.0541046 0.510812 0.0116749 0.108797 117 2
136.555 -5.88555 -0.0612886 14.1624 0.0547008 0.558138 0.0074517 0.108571 118 2
137.686 -5.95 -0.0569125 14.261 0.0538299 1.23219 -0.0108858 0.113857 119 4
138.825 -6.00998 -0.0526061 14.2581 0.0538405 -0.036478 0.000132853 0.116701 120 1
139.964 -6.06506 -0.0482989 14.2907 0.0535627 0.406897 -0.00347272 0.113344 121 7
141.106 -6.11536 -0.0440139 14.4022 0.058824 1.39389 0.0657653 0.112026 122 5
142.258 -6.16064 -0.039308 14.4852 0.058778 1.03841 -0.000574766 0.112994 123 5
143.416 -6.20073 -0.0346057 14.4729 0.0546114 -0.154018 -0.0520824 0.11462 124 5
144.573 -6.23573 -0.0302368 14.4234 0.0499051 -0.618589 -0.0588288 0.114411 125 5
145.727 -6.26601 -0.0262444 14.3316 0.0448374 -1.14833 -0.0633456 0.112515 126 5
146.873 -6.29199 -0.0226574 14.207 0.0395129 -1.55644 -0.0665571 0.11245 127 5
148.009 -6.31415 -0.0194964 14.0637 0.0340683 -1.79152 -0.0680575 0.114359 128 5
149.134 -6.33301 -0.0167709 13.925 0.0259813 -1.73392 -0.101088 0.116904 129 4
150.248 -6.34938 -0.0146924 14.0368 0.0256179 1.39705 -0.0045415 0.115011 130 8
151.371 -6.36358 -0.012643 13.9188 0.0134738 -1.47491 -0.151802 0.116303 131 3
152.484 -6.37645 -0.0115651 13.8178 0.00326991 -1.26178 -0.127548 0.111911 132 3
153.59 -6.38895 -0.0113035 13.736 -0.00511907 -1.02284 -0.104862 0.111664 133 3
154.688 -6.40182 -0.011713 13.6711 -0.0124726 -0.810921 -0.091919 0.118423 134 3
155.782 -6.41572 -0.0127108 13.6033 -0.0253933 -0.848329 -0.161509 0.115609 135 2
156.87 -6.43176 -0.0147423 13.5673 -0.036807 -0.449634 -0.142671 0.115552 136 2
157.955 -6.45096 -0.0176868 13.5615 -0.0468232 -0.0723124 -0.125203 0.11397 137 2
159.04 -6.47421 -0.0214327 13.5788 -0.0554894 0.216532 -0.108327 0.116539 138 2
160.126 -6.50231 -0.0258718 13.6188 -0.0625003 0.499082 -0.0876365 0.115198 139 2
161.215 -6.53594 -0.0308719 13.6772 -0.0683259 0.730443 -0.0728197 0.111447 140 2
162.308 -6.57569 -0.0363379 13.7453 -0.0723838 0.850952 -0.0507236 0.112851 141 2
163.407 -6.62201 -0.0421286 13.8167 -0.074599 0.892389 -0.027691 0.111019 142 2
164.511 -6.67515 -0.0480965 13.8891 -0.0750008 0.9058 -0.00502169 0.114329 143 2
165.621 -6.73523 -0.0540966 13.963 -0.0740081 0.923538 0.012408 0.117208 144 2
166.736 -6.80223 -0.0600173 14.04 -0.0717664 0.961995 0.0280215 0.117307 145 2
167.856 -6.87604 -0.0657586 14.1101 -0.0684022 0.876081 0.0420529 0.112935 146 2
168.982 -6.95637 -0.0712307 14.1822 -0.0641926 0.901306 0.05262 0.110861 147 2
170.114 -7.04293 -0.0763662 14.2493 -0.0591511 0.838673 0.0630179 0.109533 148 2
171.25 -7.13528 -0.0810982 14.3124 -0.0536216 0.789833 0.0691193 0.110044 149 2
172.391 -7.23293 -0.085388 14.3679 -0.0474942 0.693262 0.0765921 0.114811 150 2
173.536 -7.33531 -0.0891875 14.4244 -0.0407566 0.70591 0.08422 0.136489 151 2
174.685 -7.44184 -0.092448 14.4827 -0.0335829 0.728762 0.0896719 0.117747 152 2
175.838 -7.55189 -0.0951347 14.4745 -0.028269 -0.10227 0.0664232 0.112825 153 1
176.99 -7.6645 -0.0973962 14.4643 -0.0227807 -0.127792 0.0686043 0.109667 154 1
178.142 -7.77912 -0.0992187 14.4536 -0.0170679 -0.132966 0.0714095 0.107868 155 1
179.292 -7.89523 -0.100584 14.4391 -0.01126 -0.181949 0.0725987 0.108457 156 1
180.442 -8.01225 -0.101485 14.4661 -0.00606613 0.337827 0.0649236 0.110459 157 1
181.593 -8.13006 -0.10197 14.4802 -0.00546195 0.175905 0.00755216 0.113727 158 0
182.745 -8.24848 -0.102407 14.4245 0.000459567 -0.696421 0.074019 0.112717 159 0
183.893 -8.36641 -0.10237 14.184 0.0116233 -3.0064 0.139547 0.111019 160 0
185.022 -8.48131 -0.101441 13.909 0.0198309 -3.43732 0.102595 0.111779 161 3
186.129 -8.59224 -0.099854 13.6062 0.0298749 -3.78525 0.125549 0.113131 162 2
187.212 -8.69816 -0.097464 13.317 0.0478066 -3.61493 0.224147 0.11241 163 3
188.273 -8.79777 -0.0936395 13.0625 0.0740264 -3.18033 0.327748 0.111354 164 4
