1.12 10 0 14.113 -0.00121831 1.4122 -0.0152289 3.96635 1 6
2.24904 9.99989 -9.74648e-05 14.1764 -0.0061924 0.793326 -0.0621761 2.78438 2 3
3.38315 9.99922 -0.000592856 14.2748 -0.00987471 1.22888 -0.0460289 2.12893 3 1
4.52513 9.99764 -0.00138283 14.3207 -0.0160036 0.574231 -0.0766111 2.05644 4 4
5.67078 9.99459 -0.00266312 14.3986 -0.0226844 0.973415 -0.0835098 0.948709 5 5
6.82266 9.98943 -0.00447787 14.426 -0.0281918 0.343418 -0.0688433 0.891449 6 1
7.97671 9.98166 -0.00673322 14.4392 -0.0356211 0.164104 -0.092866 0.920572 7 3
9.13179 9.97059 -0.00958291 14.4538 -0.0431771 0.183129 -0.0944502 1.04213 8 3
10.288 9.95551 -0.0130371 14.4774 -0.0506476 0.294864 -0.093381 1.10698 9 3
11.446 9.93572 -0.0170889 14.4959 -0.0583655 0.231218 -0.0964739 1.02506 10 3
12.6054 9.91049 -0.0217581 14.5038 -0.0664334 0.0981689 -0.100848 0.992586 11 3
13.7653 9.87908 -0.0270728 14.4994 -0.0725792 -0.0549316 -0.0768221 1.11489 12 7
14.9246 9.84095 -0.0328791 14.5413 -0.0792913 0.524676 -0.083901 1.15345 13 4
16.087 9.79534 -0.0392224 14.5909 -0.0858559 0.619364 -0.0820576 1.0622 14 1
17.2531 9.74156 -0.0460909 14.6397 -0.0919371 0.609839 -0.0760149 1.03944 15 1
18.4226 9.67899 -0.0534459 14.7037 -0.0966591 0.80055 -0.0590254 1.17213 16 1
19.5967 9.60707 -0.0611786 14.7344 -0.102338 0.38352 -0.0709871 1.0917 17 2
20.7726 9.52537 -0.0693656 14.7464 -0.107302 0.150192 -0.0620466 0.974984 18 3
21.9487 9.43351 -0.0779498 14.6479 -0.109099 -1.23167 -0.0224592 0.655876 19 1
23.1161 9.33206 -0.0866777 14.539 -0.112416 -1.36132 -0.0414685 0.728732 20 5
24.2739 9.22096 -0.0956709 14.4215 -0.115008 -1.46831 -0.0323982 0.828572 21 4
25.4213 9.10019 -0.104872 14.3172 -0.117353 -1.30392 -0.0293146 0.82408 22 5
26.5592 8.9696 -0.11426 14.2152 -0.11745 -1.27447 -0.00121398 0.820535 23 3
27.6878 8.82933 -0.123656 14.3303 -0.121181 1.43843 -0.0466326 0.912699 24 0
28.824 8.67691 -0.13335 14.4387 -0.124027 1.3543 -0.0355769 0.972608 25 1
29.9673 8.51198 -0.143272 14.5691 -0.125395 1.63083 -0.0171066 0.917414 26 1
31.1191 8.334 -0.153304 14.5449 -0.117444 -0.303316 0.0993979 1.06681 27 6
32.2673 8.14552 -0.1627 14.5353 -0.108427 -0.119245 0.112704 1.15856 28 5
33.4131 7.94722 -0.171374 14.5256 -0.0990891 -0.121689 0.116727 0.966308 29 5
34.5566 7.73998 -0.179301 14.4808 -0.0900089 -0.560009 0.113502 0.897308 30 6
35.6949 7.52517 -0.186502 14.4767 -0.0804279 -0.0511527 0.119763 1.03583 31 5
36.8316 7.30311 -0.192936 14.4738 -0.0709361 -0.0367165 0.118647 1.11877 32 5
37.9667 7.07465 -0.198611 14.3961 -0.0639323 -0.971127 0.0875483 1.11115 33 8
39.0946 6.84164 -0.203725 14.4024 -0.0543594 0.0793934 0.119661 0.873452 34 5
40.2219 6.60362 -0.208074 14.3927 -0.0443842 -0.121069 0.12469 1.07753 35 3
41.3477 6.36177 -0.211625 14.4032 -0.0343196 0.130844 0.125808 1.01498 36 4
42.4735 6.11665 -0.21437 14.3869 -0.0252374 -0.203156 0.113528 1.03199 37 4
43.5977 5.86953 -0.216389 14.3876 -0.0160995 0.00815392 0.114223 0.971704 38 4
44.7215 5.62096 -0.217677 14.4081 -0.00714654 0.255847 0.111912 0.974858 39 4
45.8468 5.37139 -0.218249 14.4441 0.00165798 0.449991 0.110057 0.89181 40 4
46.9749 5.12134 -0.218116 14.4922 0.0099016 0.601816 0.103045 0.80212 41 4
48.1071 4.87136 -0.217324 14.5515 0.0176846 0.740981 0.097287 0.876655 42 4
49.2441 4.62196 -0.215909 14.6027 0.0255987 0.640631 0.0989272 0.997653 43 2
50.3857 4.37403 -0.213862 14.6227 0.0322515 0.249112 0.0831601 0.811007 44 6
51.5295 4.1287 -0.211281 14.6947 0.0393682 0.900161 0.0889585 0.870783 45 3
52.6798 3.88579 -0.208132 14.7648 0.0456773 0.876331 0.0788635 0.603146 46 3
53.8363 3.64594 -0.204478 14.8587 0.0506997 1.17431 0.0627797 0.605636 47 5
55.0012 3.40929 -0.200422 14.9168 0.0563856 0.726092 0.0710743 0.476432 48 2
56.1717 3.177 -0.195911 15.0021 0.060363 1.06602 0.0497173 0.417479 49 5
57.3501 2.94906 -0.191082 15.0691 0.0641184 0.837374 0.0469425 0.41656 50 4
58.5348 2.72618 -0.185952 15.1498 0.0672377 1.00945 0.0389912 0.506242 51 5
59.7271 2.50851 -0.180573 15.1605 0.0673941 0.133657 0.00195494 0.919477 52 0
60.9214 2.29713 -0.175182 15.2597 0.064146 1.23899 -0.0406014 0.933891 53 2
62.1245 2.09054 -0.17005 15.3673 0.0590296 1.34583 -0.0639555 0.984229 54 5
63.3372 1.88821 -0.165328 15.4547 0.0557799 1.0928 -0.040621 1.07753 55 2
64.5576 1.69017 -0.160866 15.5528 0.0528075 1.22577 -0.0371543 1.13331 56 2
65.7866 1.49607 -0.156641 15.6608 0.0499228 1.34948 -0.0360587 1.08426 57 2
67.0249 1.30557 -0.152647 15.7827 0.0468851 1.52475 -0.0379711 1.12474 58 2
68.2735 1.11826 -0.148896 15.9128 0.0438448 1.62597 -0.0380049 1.22299 59 2
69.5331 0.933833 -0.145389 16.0479 0.0405821 1.68833 -0.0407837 1.45781 60 2
70.804 0.75196 -0.142142 16.1911 0.0371415 1.78998 -0.0430073 1.23749 61 2
72.0868 0.572275 -0.139171 16.3275 0.0335476 1.7056 -0.044924 1.29655 62 2
73.3808 0.394548 -0.136487 16.4689 0.0297861 1.76692 -0.0470183 1.38725 63 2
74.6865 0.218394 -0.134104 16.6028 0.0259221 1.67391 -0.0482998 1.6368 64 2
76.0032 0.043537 -0.13203 16.7411 0.0219508 1.72932 -0.049642 1.4358 65 1
77.3311 -0.130445 -0.130274 16.877 0.0174374 1.69775 -0.0564169 1.51318 66 1
78.6701 -0.303971 -0.128879 17.0076 0.0131397 1.63238 -0.0537214 1.45897 67 0
80.0196 -0.477422 -0.127828 17.1359 0.00829726 1.60441 -0.0605303 1.36778 68 1
81.3794 -0.651278 -0.127164 17.2569 0.00376484 1.51179 -0.0566552 1.35859 69 0
82.7488 -0.82595 -0.126863 17.372 -0.000785075 1.43888 -0.056874 1.30633 70 0
84.1274 -1.00187 -0.126926 17.4867 -0.00525979 1.43447 -0.055934 1.38183 71 2
85.515 -1.17954 -0.127347 17.5953 -0.0093205 1.35732 -0.0507588 1.525 72 2
86.9111 -1.35935 -0.128092 17.6902 -0.0128909 1.18582 -0.0446301 1.31269 73 0
88.3145 -1.54159 -0.129124 17.7862 -0.0160353 1.20006 -0.0393048 1.35351 74 2
89.7253 -1.72661 -0.130406 17.8763 -0.0185532 1.12655 -0.0314734 1.27214 75 4
91.143 -1.91469 -0.131891 17.9629 -0.0204842 1.08266 -0.0241375 1.36646 76 3
92.5673 -2.106 -0.133529 18.0421 -0.0217122 0.989842 -0.0153501 1.30834 77 5
93.9975 -2.30065 -0.135266 18.0986 -0.0223587 0.70622 -0.00808158 1.23778 78 2
95.4318 -2.49847 -0.137055 18.1409 -0.0222946 0.528574 0.000801426 1.52822 79 2
96.8691 -2.69931 -0.138839 18.1888 -0.0213478 0.599146 0.0118354 1.55677 80 5
98.3098 -2.90315 -0.140547 18.2156 -0.0199286 0.334716 0.0177391 1.43364 81 3
99.7524 -3.10959 -0.142141 18.2105 -0.0181557 -0.06392 0.0221619 1.2983 82 2
101.194 -3.31806 -0.143593 18.2083 -0.0157304 -0.027132 0.0303161 1.38633 83 3
102.636 -3.52832 -0.144852 18.0808 -0.0105903 -1.59354 0.0642506 1.31204 84 6
104.067 -3.73833 -0.145699 17.9764 -0.00602709 -1.3056 0.0570406 1.51383 85 6
105.49 -3.9478 -0.146181 17.8804 0.00393061 -1.2001 0.124471 1.54084 86 5
106.905 -4.15572 -0.145867 17.5604 0.00311232 -4 -0.0102286 1.38211 87 0
108.295 -4.35956 -0.145618 17.2404 0.00325331 -4 0.00176229 1.5164 88 0
109.659 -4.55934 -0.145357 17.0162 0.00485322 -2.80187 0.0199989 1.70916 89 0
111.006 -4.756 -0.144969 16.8661 0.00712783 -1.8765 0.0284326 1.62303 90 0
112.342 -4.95015 -0.144399 16.7336 0.00962551 -1.65675 0.0312209 1.50733 91 0
113.667 -5.14177 -0.143629 16.42 0.0109858 -3.91951 0.0170031 1.41935 92 1
114.967 -5.32865 -0.14275 16.3071 0.0136178 -1.41189 0.0329006 1.53087 93 0
116.258 -5.51284 -0.141661 16.1216 0.0157893 -2.31857 0.0271437 1.43037 94 1
117.535 -5.69332 -0.140397 16.0048 0.018245 -1.45895 0.0306959 2.26674 95 0
118.803 -5.87064 -0.138938 15.8752 0.0205503 -1.62104 0.028817 1.63312 96 1
120.061 -6.04446 -0.137294 15.6302 0.0221042 -3.06206 0.0194237 2.05823 97 2
121.3 -6.2134 -0.135525 15.4023 0.0236452 -2.84916 0.019262 1.91249 98 2
122.522 -6.37757 -0.133634 15.2408 0.0253858 -2.01834 0.0217579 1.71769 99 1
123.73 -6.53757 -0.131603 15.1145 0.0271308 -1.57892 0.021812 1.68362 100 0
124.929 -6.69364 -0.129433 14.9697 0.02871 -1.80944 0.0197402 1.8466 101 0
126.117 -6.84548 -0.127136 14.6555 0.0292526 -3.92815 0.00678287 1.56379 102 0
127.281 -6.99142 -0.124796 14.5446 0.0302232 -1.38618 0.0121322 1.48558 103 6
128.435 -7.13346 -0.122378 14.4909 0.0348714 -0.670671 0.0581023 1.29833 104 7
129.586 -7.27176 -0.119588 14.46 0.0379513 -0.386989 0.0384994 1.30999 105 7
130.735 -7.40628 -0.116552 14.5507 0.0407675 1.13397 0.0352026 1.32607 106 10
131.892 -7.53788 -0.11329 14.5199 0.0429916 -0.385034 0.0278004 1.54497 107 8
133.047 -7.66522 -0.109851 14.6097 0.0449006 1.12284 0.0238625 1.58169 108 10
134.209 -7.78918 -0.106259 14.4332 0.0532612 -2.2066 0.104508 1.6756 109 6
135.357 -7.90675 -0.101998 14.4079 0.0540354 -0.315523 0.00967709 1.81267 110 7
136.505 -8.01916 -0.0976753 14.3837 0.05517 -0.302792 0.0141832 1.60666 111 7
137.65 -8.12632 -0.0932617 14.3415 0.0564624 -0.527811 0.0161543 1.51249 112 7
138.793 -8.228 -0.0887447 14.3282 0.0581491 -0.165963 0.0210845 1.48211 113 8
139.935 -8.32428 -0.0840928 14.3041 0.0600881 -0.301731 0.0242373 1.51831 114 8
141.076 -8.41491 -0.0792858 14.2828 0.0616126 -0.265992 0.019056 1.71589 115 8
142.215 -8.4998 -0.0743568 14.2714 0.0631228 -0.143099 0.0188778 1.48628 116 8
143.354 -8.57886 -0.0693069 14.2471 0.0721596 -0.302911 0.11296 1.49852 117 5
144.492 -8.65123 -0.0635342 14.209 0.0779668 -0.476933 0.0725904 1.30976 118 2
145.627 -8.71632 -0.0572968 14.1936 0.0840757 -0.191832 0.0763613 1.34473 119 4
