1.12 10 0 14.0442 -0.00129551 0.552225 -0.0161939 0.094753 1 9
2.24353 9.99988 -0.000103641 14.0862 -0.00110847 0.524962 0.00233806 0.107895 2 10
3.37043 9.99967 -0.000192319 14.1272 -0.00228368 0.512791 -0.0146902 0.107625 3 9
4.5006 9.99924 -0.000375013 14.1656 -0.00604292 0.479865 -0.0469905 0.121847 4 7
5.63385 9.99827 -0.000858447 14.2027 -0.00804431 0.463319 -0.0250174 0.110927 5 8
6.77006 9.99656 -0.00150199 14.2367 -0.0124901 0.425911 -0.0555721 0.10894 6 6
7.909 9.99372 -0.0025012 14.2693 -0.0150928 0.40772 -0.0325338 0.106953 7 7
9.05054 9.98948 -0.00370862 14.3015 -0.0133027 0.401843 0.0223765 0.109635 8 10
10.1946 9.98402 -0.00477284 14.3315 -0.014331 0.374806 -0.0128541 0.107531 9 8
11.3411 9.97723 -0.00591932 14.3602 -0.0151839 0.359488 -0.0106609 0.108079 10 8
12.4899 9.96904 -0.00713403 14.3877 -0.0145179 0.342751 0.00832515 0.113838 11 9
13.6409 9.95949 -0.00829545 14.414 -0.0165673 0.329816 -0.0256186 0.109244 12 7
14.794 9.9484 -0.00962084 14.4396 -0.0156268 0.319481 0.0117572 0.10918 13 9
15.9491 9.93584 -0.010871 14.4628 -0.014688 0.290346 0.0117347 0.106996 14 9
17.106 9.9219 -0.012046 14.4875 -0.0164642 0.308597 -0.0222031 0.109024 15 7
18.2649 9.90641 -0.0133632 14.5099 -0.0152697 0.279582 0.0149314 0.107683 16 9
19.4256 9.88949 -0.0145847 14.5307 -0.014114 0.259817 0.0144472 0.140507 17 9
20.5879 9.87122 -0.0157139 14.55 -0.0116497 0.241995 0.0308026 0.108271 18 10
21.7517 9.85184 -0.0166458 14.5699 -0.0120676 0.248456 -0.00522265 0.108926 19 8
22.9171 9.83132 -0.0176112 14.5873 -0.0137202 0.218093 -0.0206574 0.106702 20 7
24.0839 9.80949 -0.0187089 14.6047 -0.0137715 0.216711 -0.000642019 0.111335 21 8
25.2521 9.78634 -0.0198106 14.6216 -0.017765 0.211716 -0.0499191 0.106456 22 5
26.4215 9.76151 -0.0212318 14.6382 -0.018591 0.207531 -0.0103241 0.11296 23 7
27.5923 9.73491 -0.0227191 14.6531 -0.0205583 0.185931 -0.0245919 0.110946 24 6
28.7642 9.70635 -0.0243637 14.6673 -0.0168368 0.177908 0.0465191 0.136784 25 10
29.9372 9.67618 -0.0257107 14.6805 -0.0147288 0.164008 0.0263495 0.108686 26 9
31.1112 9.64461 -0.026889 14.6933 -0.0140989 0.160325 0.00787415 0.110945 27 8
32.2862 9.61168 -0.0280169 14.708 -0.0174816 0.184202 -0.0422834 0.110347 28 5
33.4623 9.57707 -0.0294154 14.719 -0.0177316 0.137711 -0.00312568 0.10959 29 7
34.6393 9.54077 -0.0308339 14.7315 -0.0165108 0.15645 0.0152607 0.106389 30 8
35.8172 9.50288 -0.0321548 14.7431 -0.0139641 0.144804 0.0318337 0.144694 31 9
36.996 9.46365 -0.0332719 14.7553 -0.0142704 0.151944 -0.00382951 0.107794 32 7
38.1757 9.42303 -0.0344136 14.7658 -0.0117694 0.131989 0.0312632 0.154143 33 9
39.3563 9.38128 -0.0353551 14.7773 -0.0107841 0.143659 0.0123165 0.110712 34 8
40.5377 9.33847 -0.0362178 14.7869 -0.00982524 0.119483 0.0119852 0.108366 35 8
41.7198 9.29471 -0.0370039 14.7973 -0.0115477 0.130522 -0.0215308 0.131468 36 6
42.9028 9.24982 -0.0379277 14.8049 -0.0103414 0.0948429 0.0150792 0.122651 37 8
44.0863 9.20393 -0.038755 14.813 -0.0105215 0.100899 -0.00225153 0.108433 38 7
45.2704 9.15702 -0.0395967 14.8213 -0.00926227 0.103426 0.0157402 0.135789 39 8
46.4551 9.1092 -0.0403377 14.8277 -0.00670193 0.0802159 0.0320043 0.11086 40 9
47.6403 9.06073 -0.0408738 14.8356 -0.00434742 0.0985503 0.0294313 0.10729 41 9
48.8262 9.01182 -0.0412216 14.8426 -0.00217686 0.0882626 0.0271321 0.124884 42 9
50.0126 8.96268 -0.0413958 14.8496 -0.00151922 0.0875592 0.00822052 0.107837 43 8
51.1995 8.91337 -0.0415173 14.858 -0.00222437 0.104034 -0.00881443 0.105002 44 7
52.3871 8.86383 -0.0416953 14.8634 0.00120572 0.06814 0.0428762 0.105708 45 10
53.5752 8.81438 -0.0415988 14.8711 0.00297012 0.0961185 0.022055 0.134066 46 9
54.7638 8.76518 -0.0413612 14.8776 0.000546799 0.0816584 -0.0302915 0.122729 47 6
55.953 8.71602 -0.0413175 14.8831 0.00243235 0.0678778 0.0235694 0.108166 48 9
57.1427 8.66707 -0.0411229 14.8903 0.00146152 0.0901818 -0.0121353 0.108319 49 7
58.3329 8.61824 -0.041006 14.8937 0.00330563 0.0422359 0.0230513 0.105334 50 9
59.5234 8.56971 -0.0407415 14.8976 0.00498743 0.0490665 0.0210225 0.112806 51 9
60.7142 8.52164 -0.0403425 14.9043 0.00514807 0.0840664 0.00200804 0.112044 52 8
61.9056 8.47404 -0.0399307 14.9088 0.005308 0.0564098 0.00199918 0.110776 53 8
63.0974 8.42694 -0.039506 14.9125 0.00679862 0.0456095 0.0186327 0.106285 54 9
64.2895 8.38047 -0.0389621 14.9181 0.00678533 0.069809 -0.000166055 0.107797 55 8
65.4821 8.33463 -0.0384193 14.9206 0.00544649 0.0324011 -0.0167355 0.106632 56 7
66.6748 8.2893 -0.0379836 14.925 0.00424451 0.0548959 -0.0150248 0.105267 57 7
67.868 8.24436 -0.037644 14.9284 0.00182629 0.0415683 -0.0302277 0.105098 58 6
69.0614 8.19959 -0.0374979 14.932 0.00236612 0.0452161 0.00674786 0.121016 59 8
70.2552 8.15503 -0.0373086 14.9341 0.00421636 0.0265718 0.023128 0.110805 60 9
71.4491 8.11087 -0.0369713 14.9362 0.00186307 0.0255346 -0.0294161 0.107614 61 6
72.6432 8.06688 -0.0368223 14.9405 0.00243048 0.0546098 0.00709253 0.109649 62 8
73.8376 8.02311 -0.0366278 14.9441 0.000295652 0.045073 -0.0266853 0.108813 63 6
75.0323 7.97936 -0.0366042 14.9478 -0.000266634 0.046289 -0.00702857 0.106497 64 7
76.2273 7.93557 -0.0366255 14.9501 -0.000740364 0.0281811 -0.00592163 0.111749 65 7
77.4225 7.89171 -0.0366847 14.9509 -0.00112539 0.0105023 -0.00481285 0.110267 66 7
78.6178 7.84773 -0.0367748 14.9533 -9.97449e-05 0.0291705 0.0128206 0.10907 67 8
79.8133 7.80374 -0.0367828 14.9572 -0.00050414 0.0494957 -0.00505494 0.128282 68 7
81.009 7.75969 -0.0368231 14.9582 -0.000817898 0.0120282 -0.00392198 0.109186 69 7
82.2049 7.71556 -0.0368885 14.9575 0.000273251 -0.00796318 0.0136394 0.108802 70 8
83.4007 7.67145 -0.0368667 14.9591 0.00128105 0.0189185 0.0125974 0.109567 71 8
84.5966 7.62747 -0.0367642 14.9625 0.000856643 0.0435948 -0.00530502 0.108133 72 7
85.7928 7.58355 -0.0366956 14.9627 0.00320165 0.00138283 0.0293126 0.105253 73 9
86.989 7.53994 -0.0364395 14.9632 0.00532572 0.00624657 0.0265508 0.107423 74 9
88.1853 7.49684 -0.0360135 14.9641 0.00454757 0.0119209 -0.00972687 0.107943 75 7
89.3816 7.45417 -0.0356496 14.9646 0.00654493 0.00655651 0.024967 0.118167 76 9
90.5781 7.41213 -0.0351261 14.9656 0.00564441 0.011754 -0.0112565 0.110319 77 7
91.7746 7.37062 -0.0346745 14.9663 0.00618542 0.00929832 0.00676266 0.110704 78 8
92.9712 7.32971 -0.0341797 14.9683 0.00533914 0.0248313 -0.0105786 0.110498 79 7
94.168 7.2893 -0.0337525 14.9673 0.00457133 -0.0125885 -0.00959762 0.111366 80 7
95.3647 7.24933 -0.0333868 14.9669 0.00522989 -0.00472069 0.0082321 0.131927 81 8
96.5614 7.20986 -0.0329684 14.9699 0.00178802 0.037241 -0.0430234 0.110756 82 5
97.7584 7.17056 -0.0328254 14.9717 5.25859e-05 0.0221848 -0.0216929 0.109334 83 6
98.9554 7.13125 -0.0328212 14.9729 -0.000133163 0.0155449 -0.00232186 0.121247 84 7
100.153 7.09193 -0.0328318 14.9737 -0.000272667 0.00920296 -0.00174381 0.107256 85 7
101.35 7.05259 -0.0328537 14.9739 0.000965309 0.00326633 0.0154747 0.114837 86 8
102.547 7.01333 -0.0327764 15.0127 -0.00666973 0.484955 -0.0954379 0.108719 87 0
103.747 6.97333 -0.03331 15.0145 -0.00739345 0.0221252 -0.00904659 0.116319 88 6
104.948 6.93262 -0.0339015 15.0134 -0.00932349 -0.013113 -0.0241255 0.13235 89 5
106.148 6.89101 -0.0346474 15.0131 -0.00964276 -0.00354052 -0.00399089 0.10853 90 6
107.349 6.84848 -0.0354188 15.0155 -0.00986605 0.0293016 -0.00279109 0.107821 91 6
108.549 6.805 -0.0362081 15.0161 -0.00998753 0.0082016 -0.00151852 0.10765 92 6
109.75 6.76055 -0.0370071 15.0139 -0.00598909 -0.0282288 0.0499806 0.110692 93 9
110.95 6.71553 -0.0374862 15.0135 -0.00636029 -0.00543594 -0.00464002 0.109961 94 6
112.15 6.66991 -0.037995 15.0118 -0.00662784 -0.0201464 -0.0033444 0.110484 95 6
113.35 6.62366 -0.0385252 15.0155 -0.00682979 0.0453115 -0.00252433 0.108515 96 6
114.55 6.57673 -0.0390716 15.0144 -0.0122537 -0.0128269 -0.0677985 0.104446 97 2
115.751 6.52864 -0.0400519 15.0144 -0.0117225 -0.000333786 0.00663941 0.107607 98 6
116.951 6.47942 -0.0409897 15.0094 -0.0111279 -0.0622153 0.00743312 0.137287 99 6
118.15 6.42914 -0.04188 15.0148 -0.01585 0.0666857 -0.0590265 0.104301 100 2
119.35 6.37733 -0.043148 15.0125 -0.0146576 -0.0287294 0.0149042 0.107317 101 6
120.55 6.32412 -0.0443206 15.0154 -0.0188229 0.0366211 -0.0520651 0.106846 102 2
121.75 6.26909 -0.0458264 15.0156 -0.0171157 0.00193119 0.0213398 0.110471 103 6
122.95 6.21242 -0.0471957 15.0193 -0.0207992 0.0468254 -0.0460442 0.106397 104 2
124.15 6.15373 -0.0488596 15.0181 -0.0186415 -0.0149488 0.0269717 0.103156 105 6
125.35 6.09327 -0.0503509 15.0204 -0.0165956 0.0287771 0.0255734 0.107316 106 6
126.55 6.03119 -0.0516786 15.0224 -0.0199798 0.0254273 -0.042302 0.109286 107 2
127.75 5.9672 -0.0532769 15.0234 -0.0228553 0.0114322 -0.0359443 0.11787 108 2
128.95 5.901 -0.0551054 15.0293 -0.0240412 0.0746489 -0.0148235 0.111036 109 3
130.151 5.83247 -0.0570287 15.028 -0.0155389 -0.01688 0.106279 0.126065 110 10
131.351 5.76245 -0.0582718 15.0303 -0.0171768 0.0288725 -0.0204739 0.107749 111 3
132.551 5.69078 -0.0596459 15.032 -0.0198293 0.0208497 -0.033156 0.120232 112 2
133.752 5.61719 -0.0612323 15.0301 -0.0220221 -0.0226498 -0.0274098 0.105492 113 2
134.952 5.54149 -0.062994 15.0309 -0.0238676 0.00890493 -0.0230685 0.114075 114 2
136.152 5.4635 -0.0649034 15.0337 -0.0253848 0.0352979 -0.0189648 0.110538 115 2
137.352 5.38306 -0.0669342 15.0319 -0.0265396 -0.0228405 -0.0144355 0.105511 116 2
138.551 5.30008 -0.0690574 15.0339 -0.0287441 0.0257611 -0.0275557 0.130181 117 1
139.751 5.21433 -0.0713569 15.034 -0.030495 0.00109673 -0.0218863 0.132998 118 1
140.95 5.12566 -0.0737965 15.0327 -0.0254747 -0.0165105 0.0627526 0.110149 119 6
142.149 5.03454 -0.0758345 15.03 -0.0206978 -0.0338912 0.0597113 0.125923 120 6
143.348 4.94146 -0.0774903 15.0286 -0.0162026 -0.0171185 0.0561901 0.104924 121 6
144.547 4.84684 -0.0787865 15.0164 -0.012734 -0.152898 0.0433585 0.115277 122 7
145.744 4.75107 -0.0798052 15.011 -0.00941292 -0.0669003 0.0415129 0.106094 123 7
146.941 4.65443 -0.0805583 15.0048 -0.00628996 -0.0772357 0.039037 0.114841 124 7
148.138 4.55723 -0.0810615 15.0072 -0.00483691 0.0292778 0.0181632 0.107147 125 8
149.334 4.45956 -0.0814484 15.0065 -0.00160625 -0.00834465 0.0403832 0.107885 126 7
150.531 4.36173 -0.0815769 15.0083 0.00148995 0.021708 0.0387024 0.107934 127 7
151.728 4.26404 -0.0814577 15.0097 0.00451005 0.0176907 0.0377513 0.105802 128 7
152.924 4.16676 -0.0810969 15.013 0.00741347 0.0422359 0.0362928 0.109073 129 7
154.122 4.07018 -0.0805038 15.0095 0.00987309 -0.0440001 0.0307453 0.122038 130 6
155.318 3.97456 -0.079714 15.0293 0.0134191 0.247407 0.0443249 0.109206 131 2
156.517 3.88011 -0.0786405 15.029 0.0158553 -0.00418425 0.0304524 0.116932 132 7
157.716 3.78717 -0.077372 15.0287 0.0181817 -0.00413656 0.0290797 0.107087 133 7
158.915 3.69599 -0.0759175 15.0327 0.0222666 0.0502825 0.051062 0.111322 134 5
160.114 3.60691 -0.0741362 15.0431 0.0235475 0.129902 0.0160114 0.110269 135 8
161.314 3.52004 -0.0722524 15.048 0.0278866 0.0612617 0.0542382 0.109461 136 5
162.515 3.43581 -0.0700215 15.0461 0.029406 -0.0230551 0.0189925 0.111512 137 7
163.716 3.35442 -0.067669 15.0443 0.0311716 -0.0231862 0.0220701 0.107479 138 6
164.917 3.27603 -0.0651753 15.0417 0.032755 -0.032723 0.0197929 0.118343 139 6
166.118 3.20081 -0.0625549 15.0518 0.0351977 0.127459 0.0305331 0.106074 140 5
167.32 3.12892 -0.059739 15.0601 0.0390707 0.10277 0.0484124 0.110794 141 10
168.523 3.06075 -0.0566134 15.0653 0.0424922 0.0653863 0.0427694 0.106212 142 10
169.726 2.99664 -0.053214 15.0753 0.0428721 0.124621 0.00474867 0.104374 143 5
170.931 2.93662 -0.0497842 15.092 0.0423438 0.209689 -0.00660382 0.109035 144 4
172.137 2.88063 -0.0463967 15.0876 0.0391376 -0.0554681 -0.040077 0.107071 145 6
173.343 2.82842 -0.0432657 15.0845 0.0358056 -0.0392318 -0.0416501 0.108474 146 5
174.549 2.77968 -0.0404013 15.0842 0.0326702 -0.00383854 -0.0391928 0.106597 147 5
175.755 2.73409 -0.0377877 15.0788 0.0297326 -0.0669837 -0.0367206 0.109835 148 5
176.96 2.69139 -0.0354091 15.0762 0.026586 -0.0329494 -0.0393314 0.111454 149 4
178.166 2.65125 -0.0332822 15.0749 0.0237331 -0.0153422 -0.0356624 0.105668 150 4
179.371 2.61341 -0.0313835 15.0746 0.0210227 -0.00473261 -0.0338795 0.103842 151 4
180.576 2.5776 -0.0297017 15.0736 0.0177719 -0.0119567 -0.0406353 0.103565 152 4
181.782 2.5435 -0.02828 15.0719 0.0158799 -0.0210762 -0.0236492 0.102565 153 3
182.987 2.51093 -0.0270096 15.0711 0.0141636 -0.0106573 -0.0214536 0.112909 154 5
184.192 2.47974 -0.0258765 15.0716 0.0126797 0.00684261 -0.0185494 0.103778 155 4
185.398 2.44977 -0.0248621 15.0744 0.0115985 0.0347137 -0.0135145 0.103491 156 6
186.603 2.4209 -0.0239342 15.0711 0.0109044 -0.0415921 -0.00867697 0.105517 157 5
187.809 2.3931 -0.0230619 15.0733 0.0107459 0.0273585 -0.00198152 0.109047 158 5
189.014 2.36633 -0.0222022 15.0739 0.00983802 0.0082016 -0.0113479 0.110592 159 6
190.22 2.34051 -0.0214152 15.074 0.0091279 0.000584126 -0.00887648 0.137898 160 5
191.426 2.31557 -0.0206849 15.0748 0.00851586 0.0110149 -0.00765056 0.109405 161 5
192.631 2.29144 -0.0200037 15.0704 0.00773329 -0.0554204 -0.00978212 0.116415 162 5
193.837 2.26807 -0.019385 15.0735 0.00697563 0.0384092 -0.00947074 0.109314 163 7
195.042 2.24537 -0.0188269 15.09 0.00732497 0.206852 0.00436683 0.117038 164 4
196.249 2.22335 -0.0182409 15.0856 0.00882473 -0.0547528 0.0187469 0.108094 165 7
197.456 2.20219 -0.017535 15.0851 0.00792392 -0.00656843 -0.0112601 0.111149 166 5
198.663 2.1818 -0.0169011 15.0793 0.00932699 -0.0731111 0.0175385 0.109221 167 7
199.869 2.16231 -0.0161549 15.0783 0.00787707 -0.0126958 -0.018124 0.155591 168 5
201.075 2.14358 -0.0155247 15.079 0.00788103 0.00888109 4.95347e-05 0.107507 169 6
202.281 2.12562 -0.0148942 15.0754 0.0102852 -0.0448227 0.0300523 0.13607 170 8
203.487 2.10865 -0.0140714 15.0725 0.0113342 -0.0360131 0.0131117 0.124022 171 7
204.693 2.09277 -0.0131647 15.071 0.01342 -0.019145 0.0260736 0.105722 172 8
205.898 2.0782 -0.0120911 15.0683 0.0127154 -0.0331163 -0.0088074 0.106675 173 6
207.104 2.06485 -0.0110739 15.0644 0.0146882 -0.0489116 0.0246595 0.103361 174 8
208.309 2.05292 -0.0098988 15.0651 0.0163117 0.00816584 0.0202935 0.105436 175 8
209.514 2.04256 -0.00859387 15.0599 0.0151359 -0.0643253 -0.0146968 0.117362 176 6
210.719 2.03366 -0.00738299 15.0584 0.0126753 -0.0183702 -0.0307583 0.131263 177 5
211.923 2.02599 -0.00636897 15.0576 0.0117498 -0.0104547 -0.0115686 0.103056 178 6
213.128 2.01945 -0.00542899 15.0504 0.00819921 -0.0906348 -0.0443822 0.129073 179 4
214.332 2.01371 -0.00477305 15.045 0.00630114 -0.0670552 -0.0237259 0.107128 180 5
215.536 2.00857 -0.00426896 15.0469 0.00456583 0.0240445 -0.0216914 0.108424 181 5
216.739 2.00387 -0.00390369 15.0475 0.00557731 0.00734329 0.0126436 0.124136 182 7
217.943 1.99971 -0.00345751 15.052 0.00253665 0.0561833 -0.0380083 0.127199 183 4
219.147 1.99579 -0.00325458 15.0504 -0.00153826 -0.0201464 -0.0509364 0.198532 184 3
220.351 1.99172 -0.00337764 15.048 -0.00251663 -0.0296116 -0.0122296 0.106891 185 5
221.555 1.98741 -0.00357897 15.0453 -0.00338106 -0.033319 -0.0108054 0.129436 186 5
222.759 1.98278 -0.00384945 15.0452 -0.00414709 -0.00143051 -0.00957528 0.115463 187 5
223.962 1.97775 -0.00418122 15.0436 -0.00614213 -0.0206947 -0.0249381 0.104898 188 4
225.166 1.97212 -0.00467259 15.0419 -0.00790634 -0.0212312 -0.0220525 0.112803 189 4
226.369 1.96574 -0.0053051 15.0469 -0.0042921 0.0625134 0.0451779 0.104425 190 8
227.573 1.95894 -0.00564847 15.0484 -0.000925335 0.0184298 0.0420846 0.109535 191 8
228.777 1.95205 -0.00572249 15.0484 -0.00448347 -1.19209e-05 -0.0444767 0.106275 192 3
229.981 1.94473 -0.00608117 15.0486 -0.00765769 0.00338554 -0.0396777 0.109327 193 3
231.184 1.93667 -0.00669379 15.0415 -0.0104701 -0.0887752 -0.0351554 0.108976 194 3
232.388 1.92761 -0.0075314 15.04 -0.0129366 -0.0192761 -0.0308311 0.109157 195 3
233.591 1.9173 -0.00856632 15.0397 -0.0150993 -0.00411272 -0.0270336 0.108926 196 3
234.794 1.90554 -0.00977427 15.0391 -0.00898635 -0.00642538 0.0764118 0.109354 197 9
235.997 1.89292 -0.0104932 15.0338 -0.0047136 -0.0664711 0.0534094 0.131358 198 8
237.2 1.87984 -0.0108703 15.0342 -0.00753177 0.004673 -0.0352271 0.128462 199 3
238.402 1.86605 -0.0114728 15.0368 -0.0126978 0.0323296 -0.0645753 0.103794 200 1
239.605 1.85102 -0.0124886 15.0326 -0.00791542 -0.0526786 0.0597797 0.105305 201 8
240.808 1.83524 -0.0131219 15.0312 -0.00355671 -0.0175953 0.0544839 0.106968 202 8
242.01 1.81912 -0.0134064 15.027 -0.00629864 -0.0521302 -0.0342742 0.103869 203 3
243.212 1.8024 -0.0139103 15.0256 -0.00934484 -0.0167727 -0.0380774 0.107872 204 2
244.414 1.78478 -0.0146579 15.0212 -0.0114134 -0.0559449 -0.0258569 0.105608 205 3
245.616 1.76607 -0.0155709 15.0268 -0.0145593 0.0701308 -0.0393238 0.104132 206 2
246.818 1.74595 -0.0167357 15.0303 -0.0173095 0.0443101 -0.0343782 0.106512 207 2
248.02 1.72417 -0.0181205 15.0273 -0.0183375 -0.03829 -0.012849 0.108754 208 3
249.222 1.70062 -0.0195875 15.0298 -0.0111489 0.0312924 0.0898567 0.111416 209 9
250.424 1.676 -0.0204794 15.0305 -0.00459858 0.00901222 0.0818794 0.115079 210 9
251.626 1.65093 -0.0208473 15.0338 -0.00681463 0.0413418 -0.0277006 0.10997 211 3
252.829 1.6252 -0.0213924 15.0368 -0.00866695 0.0377059 -0.023154 0.110129 212 3
254.031 1.59864 -0.0220858 15.0178 -0.0128001 -0.238228 -0.0516643 0.112323 213 5
255.232 1.57088 -0.0231098 14.9883 -0.0032858 -0.368273 0.118929 0.110467 214 7
256.431 1.54285 -0.0233727 14.9581 0.00485934 -0.377119 0.101814 0.110406 215 6
257.627 1.51535 -0.0229839 14.9627 0.00869069 0.0573277 0.0478918 0.108692 216 8
258.824 1.48867 -0.0222887 14.9445 0.0138858 -0.227904 0.0649391 0.143627 217 7
260.019 1.46336 -0.0211778 14.9356 0.0188958 -0.110555 0.0626246 0.109355 218 8
261.214 1.43986 -0.0196661 14.912 0.0102602 -0.294971 -0.107945 0.108424 219 5
262.407 1.41738 -0.0188453 14.8636 0.0198956 -0.604987 0.120443 0.108464 220 7
263.596 1.39687 -0.0172537 14.836 0.010832 -0.345826 -0.113294 0.112814 221 4
264.782 1.37742 -0.0163871 14.8043 0.00294133 -0.395846 -0.0986338 0.111254 222 4
265.967 1.35829 -0.0161518 14.78 -0.00440445 -0.303197 -0.0918222 0.113355 223 4
267.149 1.33877 -0.0165041 14.782 -0.00818342 0.0238299 -0.0472372 0.113803 224 3
268.331 1.31848 -0.0171588 14.7494 -0.0145035 -0.407064 -0.079001 0.104679 225 4
269.511 1.29687 -0.0183191 14.6819 -0.0239579 -0.84343 -0.11818 0.109672 226 4
270.685 1.2731 -0.0202357 14.6051 -0.00767246 -0.959706 0.203568 0.107633 227 5
271.853 1.24874 -0.0208495 14.5925 0.000517646 -0.157905 0.102376 0.107764 228 9
273.021 1.22445 -0.0208081 14.5237 0.0108272 -0.86019 0.12887 0.109127 229 8
274.182 1.20129 -0.0199419 14.4405 0.0236434 -1.03981 0.160202 0.109081 230 6
275.337 1.18043 -0.0180505 14.356 0.0334216 -1.05619 0.122228 0.106828 231 9
276.486 1.16278 -0.0153767 14.2898 0.018458 -0.826991 -0.187045 0.107396 232 4
277.629 1.14689 -0.0139001 14.1895 0.0333632 -1.25442 0.186315 0.110229 233 7
278.764 1.13414 -0.011231 14.1006 0.0486075 -1.11126 0.190553 0.114941 234 6
279.892 1.12585 -0.00734244 14.0086 0.0603941 -1.15048 0.147333 0.12321 235 7
281.012 1.12304 -0.00251092 13.9238 0.0724762 -1.05939 0.151026 0.107451 236 6
282.126 1.1267 0.00328718 13.8551 0.0828705 -0.858533 0.129929 0.105356 237 6
283.235 1.13769 0.00991682 13.7935 0.0913944 -0.770783 0.106549 0.132745 238 6
284.338 1.1567 0.0172284 13.7384 0.0960107 -0.687695 0.0577031 0.131025 239 7
285.437 1.18408 0.0249092 13.6908 0.101275 -0.595641 0.0658008 0.107675 240 6
286.531 1.22023 0.0330112 13.6615 0.101405 -0.366402 0.00162944 0.109843 241 8
287.623 1.26516 0.0411236 13.6249 0.103892 -0.456882 0.0310898 0.110389 242 6
288.712 1.31902 0.049435 13.6133 0.101272 -0.145996 -0.0327516 0.109197 243 8
289.799 1.38165 0.0575368 13.5933 0.0992759 -0.249946 -0.0249536 0.116568 244 7
290.884 1.4528 0.0654788 13.5932 0.0961088 -0.000238419 -0.0395881 0.1039 245 7
291.969 1.5323 0.0731676 13.6057 0.0917573 0.15564 -0.0543945 0.106145 246 7
293.054 1.61983 0.0805081 13.6281 0.0861844 0.279784 -0.0696609 0.105134 247 7
294.14 1.715 0.0874029 13.6762 0.0777794 0.601363 -0.105062 0.107355 248 8
295.229 1.81729 0.0936252 13.7234 0.0693725 0.590682 -0.105086 0.107933 249 8
296.322 1.92599 0.099175 13.7742 0.0609571 0.634336 -0.105193 0.109254 250 8
297.418 2.04044 0.104052 13.8454 0.0522638 0.890088 -0.108665 0.105549 251 9
298.519 2.16009 0.108233 13.8881 0.0444024 0.533283 -0.0982684 0.120524 252 8
299.623 2.28403 0.111785 13.9313 0.0374098 0.540876 -0.0874073 0.107437 253 9
300.73 2.41167 0.114778 13.9718 0.0311829 0.506198 -0.0778355 0.106423 254 9
301.84 2.54245 0.117272 13.9879 0.0255217 0.201273 -0.0707654 0.106529 255 8
302.951 2.67565 0.119314 14.0317 0.0192393 0.547338 -0.0785302 0.103733 256 9
304.066 2.81098 0.120853 14.065 0.0127713 0.416589 -0.0808501 0.124698 257 8
305.183 2.94778 0.121875 14.1075 0.00669812 0.531244 -0.0759147 0.105724 258 8
306.303 3.08558 0.122411 14.1395 0.000966361 0.399113 -0.0716469 0.106187 259 8
307.425 3.22379 0.122488 14.1717 -0.00436756 0.402892 -0.066674 0.102714 260 8
308.551 3.36192 0.122139 14.2038 -0.010457 0.401783 -0.076118 0.105264 261 7
309.679 3.49942 0.121302 14.2363 -0.0160057 0.40623 -0.069359 0.107866 262 7
310.809 3.63579 0.120022 14.2698 -0.0223845 0.418568 -0.0797352 0.105948 263 6
311.943 3.77044 0.118231 14.2997 -0.0268482 0.373113 -0.0557956 0.106393 264 7
313.079 3.90294 0.116083 14.3312 -0.0334435 0.393772 -0.0824411 0.107998 265 5
314.218 4.03268 0.113408 14.3582 -0.0393918 0.338042 -0.0743537 0.108415 266 5
315.36 4.15907 0.110256 14.3721 -0.0512279 0.173414 -0.147951 0.106072 267 0
316.503 4.2809 0.106158 14.4098 -0.0496916 0.47096 0.0192036 0.13565 268 9
317.65 4.39849 0.102183 14.4341 -0.0522383 0.303614 -0.0318334 0.107005 269 6
318.799 4.51148 0.0980036 14.462 -0.0503556 0.349844 0.0235334 0.107641 270 9
319.951 4.62004 0.0939751 14.4884 -0.0511679 0.330091 -0.0101545 0.110801 271 7
321.106 4.72408 0.0898817 14.5109 -0.0543972 0.280499 -0.0403651 0.108558 272 5
322.262 4.82325 0.0855299 14.5292 -0.0544367 0.229025 -0.000494672 0.105284 273 7
323.421 4.9175 0.081175 14.5556 -0.0502247 0.330043 0.0526509 0.110512 274 10
324.582 5.00725 0.077157 14.5758 -0.0476387 0.251853 0.0323243 0.155901 275 9
325.745 5.0927 0.0733459 14.5973 -0.0478621 0.269353 -0.00279243 0.112034 276 7
326.91 5.17382 0.069517 14.6143 -0.0452005 0.212145 0.0332701 0.107846 277 9
328.076 5.25081 0.0659009 14.6276 -0.0426218 0.166702 0.0322333 0.138465 278 9
329.244 5.32389 0.0624912 14.6346 -0.0402141 0.0871778 0.0300969 0.123976 279 9
330.413 5.39325 0.059274 14.6479 -0.0378861 0.165999 0.0290994 0.108211 280 9
331.583 5.45912 0.0562432 14.6711 -0.0356325 0.290811 0.0281705 0.10561 281 9
332.755 5.52176 0.0533926 14.6879 -0.0321454 0.208962 0.0435891 0.109474 282 10
333.928 5.58145 0.0508209 14.7006 -0.0329448 0.15974 -0.009993 0.125408 283 7
335.103 5.63809 0.0481853 14.7098 -0.0322019 0.114775 0.0092865 0.109899 284 8
336.279 5.69175 0.0456092 14.7179 -0.0287543 0.101447 0.0430944 0.126492 285 10
337.455 5.74272 0.0433088 14.728 -0.0295613 0.12604 -0.010087 0.112345 286 7
338.632 5.79095 0.0409439 14.7422 -0.0288133 0.177622 0.00934924 0.10951 287 8
339.811 5.83651 0.0386389 14.7559 -0.0267005 0.171244 0.0264111 0.109605 288 9
340.99 5.87959 0.0365028 14.7736 -0.0273812 0.221348 -0.00850961 0.135778 289 7
342.172 5.92014 0.0343123 14.7849 -0.0238766 0.141227 0.0438076 0.124196 290 10
343.354 5.95846 0.0324022 14.7901 -0.023335 0.064373 0.00677079 0.105771 291 8
344.536 5.99458 0.0305354 14.7981 -0.0214125 0.100338 0.0240304 0.105076 292 9
345.72 6.0287 0.0288224 14.8022 -0.0209651 0.0509143 0.0055928 0.115386 293 8
346.903 6.06084 0.0271452 14.8076 -0.0191255 0.067997 0.0229955 0.133244 294 9
348.088 6.09118 0.0256152 14.8178 -0.0200929 0.127399 -0.0120932 0.127603 295 7
349.273 6.11963 0.0240077 14.8312 -0.0195382 0.167763 0.00693384 0.105772 296 8
350.459 6.14626 0.0224447 14.8374 -0.0203154 0.0772119 -0.00971486 0.125413 297 7
351.646 6.17097 0.0208194 14.8485 -0.018241 0.139022 0.0259298 0.105612 298 9
352.833 6.19397 0.0193602 14.8553 -0.0203135 0.0848293 -0.0259056 0.109212 299 6
354.022 6.21504 0.0177351 14.8646 -0.0180921 0.116682 0.0277675 0.106454 300 9
355.211 6.23441 0.0162877 14.8716 -0.0200453 0.0874519 -0.0244155 0.105795 301 6
356.4 6.25188 0.0146841 14.8757 -0.0163499 0.0503302 0.0461924 0.10745 302 10
357.59 6.2678 0.0133761 14.8825 -0.0129906 0.0858665 0.0419918 0.105401 303 10
358.781 6.28249 0.0123369 14.8924 -0.0139181 0.123656 -0.0115944 0.108067 304 7
359.972 6.29586 0.0112234 14.8977 -0.0120135 0.0654936 0.0238076 0.110138 305 9
361.164 6.30809 0.0102623 14.9039 -0.0142636 0.0781059 -0.0281261 0.109068 306 6
362.356 6.31896 0.00912124 14.9233 -0.0149042 0.242734 -0.00800729 0.10649 307 7
363.55 6.32843 0.0079289 14.9255 -0.0154153 0.0269413 -0.00638885 0.104289 308 7
364.744 6.33643 0.00669568 14.926 -0.0157965 0.00576973 -0.00476496 0.10747 309 7
365.938 6.34291 0.00543196 14.9306 -0.0174 0.0579357 -0.0200445 0.109312 310 6
367.132 6.34774 0.00403996 14.9351 -0.0134196 0.055778 0.0497555 0.108219 311 10
368.327 6.35128 0.00296639 14.928 -0.0138027 -0.0879884 -0.00478928 0.107302 312 7
369.521 6.35351 0.00186217 14.9304 -0.0140799 0.0302315 -0.00346502 0.107322 313 7
370.716 6.35438 0.000735776 14.9398 -0.0142621 0.117517 -0.00227733 0.139267 314 7
371.911 6.3539 -0.000405195 14.94 -0.014358 0.0020504 -0.00119865 0.107391 315 7
373.106 6.35204 -0.00155384 14.9495 -0.011704 0.118339 0.0331751 0.108358 316 9
374.302 6.34906 -0.00249016 14.9575 -0.0119467 0.100899 -0.00303321 0.114795 317 7
375.499 6.34494 -0.00344589 14.9542 -0.0134399 -0.0414371 -0.0186657 0.109453 318 6
376.695 6.33953 -0.00452109 14.9612 -0.00934594 0.0867486 0.0511748 0.10638 319 10
377.892 6.33323 -0.00526876 14.9705 -0.0096554 0.117195 -0.00386819 0.137277 320 7
379.09 6.32599 -0.00604119 14.9726 -0.00585076 0.0261426 0.047558 0.108708 321 10
380.287 6.31819 -0.00650925 14.9719 -0.00373322 -0.00874996 0.0264693 0.137479 322 9
381.485 6.31004 -0.00680791 14.978 -0.00449603 0.0759721 -0.00953512 0.104155 323 7
382.683 6.30145 -0.00716759 14.9748 -0.00246279 -0.0402093 0.0254155 0.106575 324 9
383.881 6.29263 -0.00736462 14.9795 -0.00332072 0.0587463 -0.0107241 0.126997 325 7
385.08 6.28349 -0.00763027 14.9818 -2.70935e-05 0.0282884 0.0411703 0.103938 326 10
386.278 6.27434 -0.00763244 14.9775 -0.00373523 -0.0533938 -0.0463517 0.107367 327 5
387.476 6.26483 -0.00793126 14.9797 -0.00172795 0.0282764 0.025091 0.146489 328 9
388.675 6.25516 -0.00806949 14.9873 -0.00124339 0.0947237 0.00605695 0.137628 329 8
389.874 6.24537 -0.00816897 14.987 -0.00347886 -0.00369549 -0.0279434 0.10395 330 6
391.072 6.23524 -0.00844727 14.9872 -0.00143986 0.00195503 0.0254876 0.104546 331 9
392.271 6.22498 -0.00856246 14.9865 -0.00092059 -0.00872612 0.00649085 0.10357 332 8
393.47 6.21462 -0.00863611 14.9926 -0.00314658 0.0764251 -0.0278249 0.105638 333 6
394.67 6.20396 -0.00888784 14.9937 -0.00510928 0.0132442 -0.0245337 0.108138 334 6
395.869 6.19281 -0.00929658 14.9915 -0.00682715 -0.0268936 -0.0214733 0.107349 335 6
397.068 6.18101 -0.00984275 14.9936 -0.00834769 0.0257492 -0.0190068 0.106589 336 6
398.268 6.1684 -0.0105106 15.0004 -0.00968084 0.0855207 -0.0166644 0.106271 337 6
399.468 6.15486 -0.011285 14.9924 -0.00677562 -0.1001 0.0363152 0.105134 338 9
400.667 6.14067 -0.0118271 15.0033 -0.00951796 0.136626 -0.0342792 0.105362 339 5
