1.12 10 0 14.0256 1.8037e-19 0.319827 2.25463e-18 0.634532 1 10
2.24205 10 1.44296e-20 14.0504 3.49549e-19 0.310206 2.11473e-18 0.259024 2 10
3.36608 10 4.23935e-20 14.0745 5.10599e-19 0.300896 2.01313e-18 0.289425 3 10
4.49204 10 8.32415e-20 14.0978 6.66497e-19 0.291836 1.94873e-18 0.279566 4 10
5.61986 10 1.36561e-19 14.1205 8.08617e-19 0.283086 1.7765e-18 0.268592 5 10
6.7495 10 2.01251e-19 14.1424 9.40775e-19 0.274563 1.65197e-18 0.26319 6 10
7.88089 10 2.76513e-19 14.1637 1.08519e-18 0.266325 1.8052e-18 0.398261 7 10
9.01399 10 3.63328e-19 14.1844 1.26163e-18 0.258327 2.20547e-18 0.289002 8 10
10.1487 10 4.64258e-19 14.2044 1.40764e-18 0.250554 1.82513e-18 0.27857 9 10
11.2851 10 5.7687e-19 14.2239 1.49307e-18 0.243032 1.06784e-18 0.285803 10 10
12.423 10 6.96315e-19 14.2427 1.53752e-18 0.235713 5.5563e-19 0.265339 11 10
13.5624 10 8.19316e-19 14.261 1.56228e-18 0.228643 3.09527e-19 0.283355 12 10
14.7033 10 9.44299e-19 14.2787 -0.000797138 0.221241 -0.00996423 0.270259 13 9
15.8456 9.99993 -6.3771e-05 14.2958 -0.00232748 0.213254 -0.0191293 0.2844 14 8
16.9893 9.99964 -0.00024997 14.3125 -0.00293731 0.208604 -0.00762281 0.29199 15 9
18.1343 9.99909 -0.000484954 14.3286 -0.0042894 0.201452 -0.0169012 0.270222 16 8
19.2806 9.99814 -0.000828107 14.3443 -0.0047286 0.196624 -0.00548995 0.302374 17 9
20.4281 9.99675 -0.00120639 14.3594 -0.0067145 0.188637 -0.0248238 0.281489 18 7
21.5769 9.99475 -0.00174355 14.3742 -0.00852933 0.184143 -0.0226854 0.31823 19 7
22.7268 9.99196 -0.0024259 14.3885 -0.0101811 0.179684 -0.0206467 0.265034 20 7
23.8779 9.98823 -0.00324039 14.4025 -0.0124718 0.173986 -0.0286341 0.264188 21 6
25.0301 9.98335 -0.00423813 14.4161 -0.0129598 0.170994 -0.0061 0.28456 22 8
26.1833 9.97726 -0.00527491 14.4294 -0.0149659 0.166261 -0.0250757 0.268036 23 6
27.3377 9.96979 -0.00647218 14.4425 -0.0167751 0.162888 -0.0226158 0.255415 24 6
28.493 9.96076 -0.00781419 14.4552 -0.0183972 0.159478 -0.0202767 0.274948 25 6
29.6494 9.95003 -0.00928597 14.4677 -0.0206345 0.15626 -0.0279654 0.297718 26 5
30.8067 9.93737 -0.0109367 14.48 -0.0226401 0.153804 -0.0250697 0.268981 27 5
31.965 9.9226 -0.0127479 14.4921 -0.0244256 0.151205 -0.0223188 0.313077 28 5
33.1243 9.90556 -0.014702 14.5038 -0.0252082 0.146198 -0.0097828 0.288656 29 6
34.2844 9.88616 -0.0167186 14.5149 -0.0250587 0.138545 0.00186907 0.283674 30 7
35.4454 9.86442 -0.0187233 14.5255 -0.0248415 0.132167 0.00271488 0.427466 31 7
36.6072 9.84035 -0.0207106 14.5356 -0.0245628 0.126994 0.00348373 0.487434 32 7
37.7698 9.81399 -0.0226757 14.5453 -0.0234366 0.121057 0.0140775 0.464403 33 8
38.933 9.78542 -0.0245506 14.5549 -0.0231171 0.120032 0.00399381 0.480733 34 7
40.097 9.75469 -0.0264 14.5641 -0.0227425 0.114346 0.00468264 0.545952 35 7
41.2617 9.72181 -0.0282193 14.5729 -0.0223137 0.110412 0.00535913 0.366304 36 7
42.427 9.68684 -0.0300044 14.5814 -0.0210657 0.10587 0.0156001 0.443317 37 8
43.5929 9.64988 -0.0316897 14.5896 -0.019843 0.102532 0.0152834 0.572453 38 8
44.7594 9.61104 -0.0332771 14.5975 -0.0186462 0.0993133 0.0149599 0.506928 39 8
45.9265 9.57045 -0.0347688 14.6051 -0.0182627 0.0948429 0.00479475 0.528905 40 7
47.0942 9.52813 -0.0362299 14.6129 -0.0178541 0.0970364 0.00510651 0.347642 41 7
48.2624 9.48411 -0.0376582 14.6206 -0.0174146 0.0970483 0.00549436 0.27435 42 7
49.4311 9.43845 -0.0390514 14.6281 -0.0169442 0.0939369 0.00587991 0.297172 43 7
50.6004 9.39118 -0.0404069 14.6354 -0.0164457 0.0904799 0.00623094 0.267569 44 7
51.7702 9.34234 -0.0417226 14.6423 -0.0159218 0.0869036 0.00654939 0.302217 45 7
52.9405 9.29199 -0.0429963 14.6489 -0.0153737 0.082159 0.00685094 0.404444 46 7
54.1113 9.24018 -0.0442262 14.6548 -0.0140072 0.0742197 0.0170818 0.453216 47 8
55.2825 9.18703 -0.0453468 14.6609 -0.0134846 0.0760674 0.00653216 0.490678 48 7
56.4541 9.1326 -0.0464255 14.6669 -0.0129447 0.074017 0.00674841 0.529237 49 7
57.6261 9.07693 -0.0474611 14.6723 -0.0123839 0.0681281 0.00700993 0.591711 50 7
58.7985 9.02008 -0.0484518 14.6775 -0.0110186 0.0643253 0.017067 0.549713 51 8
59.9713 8.96218 -0.0493333 14.6824 -0.00970598 0.0624061 0.0164072 0.447651 52 8
61.1444 8.90335 -0.0501098 14.6873 -0.00844525 0.0605583 0.0157591 0.494105 53 8
62.3179 8.8437 -0.0507854 14.692 -0.0072354 0.0587702 0.0151231 0.512857 54 8
63.4917 8.78335 -0.0513642 14.6966 -0.00607545 0.0570297 0.0144994 0.491453 55 8
64.6659 8.72242 -0.0518503 14.7015 -0.00570641 0.0620246 0.00461293 0.63774 56 7
65.8404 8.66093 -0.0523068 14.7065 -0.00538647 0.0617623 0.00399927 0.587054 57 7
67.0153 8.59891 -0.0527377 14.7112 -0.00505192 0.0596881 0.00418192 0.557024 58 7
68.1905 8.5364 -0.0531419 14.7158 -0.00470457 0.0576615 0.00434178 0.662705 59 7
69.3661 8.47342 -0.0535182 14.7203 -0.00434617 0.0557184 0.00448 0.658025 60 7
70.542 8.41002 -0.0538659 14.7246 -0.00397836 0.0538111 0.0045977 0.45697 61 7
71.7182 8.34622 -0.0541842 14.7288 -0.00360268 0.0519991 0.00469598 0.441783 62 7
72.8948 8.28207 -0.0544724 14.7328 -0.00322061 0.0502229 0.0047759 0.464001 63 7
74.0716 8.2176 -0.05473 14.7367 -0.00283353 0.0485301 0.00483847 0.446581 64 7
75.2488 8.15284 -0.0549567 14.7404 -0.00244276 0.0468493 0.00488468 0.588136 65 7
76.4262 8.08783 -0.0551521 14.744 -0.00204952 0.0452757 0.00491548 0.468196 66 7
77.604 8.02262 -0.0553161 14.7475 -0.00165497 0.0437021 0.00493179 0.421436 67 7
78.7819 7.95724 -0.0554485 14.7502 -0.000456703 0.033474 0.0149784 0.49493 68 8
79.9601 7.8918 -0.055485 14.7528 0.000676418 0.0326991 0.014164 0.592188 69 8
81.1385 7.82641 -0.0554309 14.7556 0.00159896 0.0340819 0.0115318 0.575783 70 7
82.3172 7.76116 -0.055303 14.7573 0.00342308 0.0217557 0.0228014 0.526399 71 9
83.496 7.69623 -0.0550292 14.7583 0.00592557 0.0119805 0.0312811 0.526373 72 10
84.6749 7.63185 -0.0545551 14.763 0.00639782 0.0587821 0.00590312 0.689737 73 6
85.8542 7.56805 -0.0540433 14.7639 0.00868906 0.0121474 0.0286406 0.631835 74 10
87.0336 7.50507 -0.0533482 14.7675 0.00877129 0.0449777 0.00102787 0.516767 75 6
88.2134 7.4429 -0.0526465 14.7713 0.00875632 0.0478148 -0.000187138 0.640272 76 6
89.3935 7.38155 -0.051946 14.7746 0.00871338 0.0406265 -0.000536791 0.47479 77 6
90.5739 7.321 -0.0512489 14.7754 0.0108319 0.0100732 0.0264818 0.483257 78 10
91.7545 7.26147 -0.0503823 14.7763 0.0127815 0.0115395 0.0243698 0.477561 79 10
92.9351 7.20314 -0.0493598 14.7796 0.0121144 0.0405908 -0.00833869 0.471156 80 6
94.1161 7.14595 -0.0483907 14.7811 0.0123386 0.0193596 0.00280271 0.579896 81 8
95.2973 7.08992 -0.0474036 14.7754 0.0143276 -0.0714898 0.0248619 0.626225 82 10
96.478 7.03526 -0.0462574 14.7799 0.0132419 0.0562549 -0.0135709 0.467423 83 5
97.6592 6.98184 -0.045198 14.781 0.0149441 0.013268 0.0212772 0.585549 84 10
98.8406 6.92982 -0.0440025 14.7881 0.0140962 0.0891686 -0.0105981 0.439207 85 5
100.023 6.87911 -0.0428748 14.7911 0.0133829 0.0377655 -0.0089162 0.559338 86 6
101.205 6.82966 -0.0418042 14.792 0.0150223 0.0103951 0.0204922 0.565618 87 10
102.387 6.78163 -0.0406024 14.7929 0.0165139 0.0115275 0.0186444 0.57216 88 10
103.57 6.73515 -0.0392813 14.7939 0.0178644 0.012517 0.0168817 0.459258 89 10
104.752 6.69036 -0.0378521 14.7982 0.0168818 0.0540137 -0.0122827 0.461715 90 6
105.935 6.64716 -0.0365016 14.7991 0.0181463 0.011766 0.0158068 0.504941 91 10
107.119 6.60567 -0.0350499 14.8001 0.019281 0.0126004 0.0141836 0.486307 92 10
108.302 6.56601 -0.0335074 14.8036 0.017929 0.0429034 -0.0169001 0.496976 93 6
109.486 6.52803 -0.0320731 14.8036 0.0190143 0.00077486 0.0135666 0.486282 94 10
110.669 6.49185 -0.0305519 14.7988 0.020008 -0.0602603 0.0124204 0.50537 95 10
111.853 6.45758 -0.0289513 14.7875 0.0180701 -0.141501 -0.0242232 0.517993 96 6
113.035 6.42505 -0.0275057 14.7858 0.0190445 -0.0218153 0.0121797 0.447111 97 10
114.218 6.39432 -0.0259821 14.7729 0.0171316 -0.16042 -0.0239113 0.426009 98 6
115.399 6.36523 -0.0246116 14.7762 0.0131918 0.041151 -0.0492468 0.564733 99 2
116.581 6.33739 -0.0235562 14.7498 0.0117847 -0.330019 -0.0175891 0.521828 100 6
117.761 6.31071 -0.0226135 14.7442 0.00809052 -0.070715 -0.0461773 0.67349 101 2
118.94 6.2848 -0.0219662 14.7453 0.00535698 0.0143409 -0.0341692 0.60435 102 2
120.119 6.2594 -0.0215377 14.74 0.0023562 -0.0658035 -0.0375097 0.503595 103 2
121.298 6.23422 -0.0213492 14.702 0.00147039 -0.475883 -0.0110727 0.678136 104 6
122.474 6.20925 -0.0212315 14.69 -0.00157554 -0.149083 -0.0380741 0.484736 105 2
123.649 6.18416 -0.0213576 14.7068 -0.00446581 0.209951 -0.0361283 0.488677 106 1
124.825 6.15861 -0.0217148 14.7097 -0.00177314 0.035882 0.0336583 0.51517 107 10
126.002 6.13289 -0.0218567 14.7116 -0.000149646 0.0239849 0.0202937 0.469164 108 9
127.178 6.10716 -0.0218687 14.7222 -0.003754 0.132394 -0.0450544 0.716364 109 1
128.356 6.08105 -0.022169 14.7328 -0.00725431 0.132537 -0.0437539 0.685621 110 1
129.534 6.05424 -0.0227493 14.7423 -0.0104967 0.11909 -0.0405297 0.668108 111 1
130.713 6.02642 -0.0235891 14.7527 -0.0133363 0.129581 -0.035495 0.656575 112 1
131.893 5.99732 -0.024656 14.7616 -0.0159703 0.110626 -0.0329253 0.705378 113 1
133.074 5.9667 -0.0259336 14.7586 -0.0179646 -0.0372291 -0.0249286 0.567053 114 2
134.254 5.93439 -0.0273708 14.7683 -0.0200103 0.121152 -0.0255713 0.740662 115 1
135.435 5.90017 -0.0289716 14.7769 -0.0219191 0.107777 -0.0238595 0.62907 116 1
136.617 5.86385 -0.0307251 14.7843 -0.0237371 0.0927925 -0.0227248 0.677581 117 1
137.799 5.82527 -0.0326241 14.7956 -0.0257951 0.140798 -0.0257251 0.859046 118 0
138.982 5.78422 -0.0346877 14.7947 -0.0279543 -0.0108719 -0.0269902 0.762942 119 0
140.164 5.74053 -0.036924 14.7952 -0.0302818 0.00648499 -0.0290936 0.737906 120 0
141.347 5.69397 -0.0393466 14.776 -0.0336942 -0.240839 -0.0426554 0.696788 121 1
142.528 5.64429 -0.0420421 14.774 -0.0384214 -0.0240922 -0.0590901 0.7142 122 1
143.709 5.59098 -0.0451158 14.7482 -0.0386972 -0.323415 -0.0034471 0.637591 123 7
144.887 5.53412 -0.0482116 14.7522 -0.0421488 0.0501513 -0.0431455 0.667415 124 0
146.066 5.47327 -0.0515835 14.7223 -0.0423193 -0.373971 -0.00213138 0.671343 125 5
147.242 5.40856 -0.054969 14.7296 -0.0453422 0.0911713 -0.0377865 0.704115 126 0
148.418 5.33955 -0.0585964 14.7174 -0.0505812 -0.151789 -0.0654865 0.693855 127 1
149.593 5.26584 -0.0626429 14.7401 -0.0526458 0.283372 -0.0258079 0.68033 128 0
150.77 5.18707 -0.0668546 14.7522 -0.0563235 0.151277 -0.0459718 0.682659 129 1
151.947 5.10292 -0.0713605 14.7769 -0.058556 0.309372 -0.0279056 0.704733 130 0
153.126 5.01311 -0.0760449 14.7746 -0.0616504 -0.0296593 -0.0386806 0.663792 131 1
154.304 4.9175 -0.080977 14.7852 -0.0616715 0.132692 -0.000263797 0.607266 132 1
155.482 4.81601 -0.0859107 14.7978 -0.0636166 0.15837 -0.0243138 0.541322 133 3
156.661 4.70843 -0.091 14.7948 -0.0618061 -0.0383019 0.0226323 0.591638 134 0
157.839 4.59505 -0.0959445 14.7969 -0.0613787 0.026989 0.00534225 0.608148 135 2
159.017 4.47586 -0.100855 14.8125 -0.0608556 0.194347 0.00653882 0.694129 136 2
160.196 4.35082 -0.105723 14.8551 -0.060819 0.532293 0.000456907 0.553978 137 2
161.377 4.21966 -0.110589 14.901 -0.0605459 0.573683 0.00341381 0.731415 138 2
162.561 4.08236 -0.115432 14.945 -0.0597215 0.550675 0.0103047 0.59703 139 2
163.748 3.93898 -0.12021 14.9952 -0.0582489 0.627124 0.0184078 0.721049 140 2
164.938 3.78957 -0.12487 15.0301 -0.056595 0.43608 0.0206741 0.707116 141 2
166.13 3.63442 -0.129398 15.053 -0.0548955 0.286627 0.0212436 0.730549 142 2
167.324 3.47379 -0.133789 15.0738 -0.0536314 0.259542 0.0158011 0.799649 143 2
168.518 3.3078 -0.13808 15.0903 -0.0525475 0.207126 0.0135493 0.820956 144 2
169.713 3.13661 -0.142284 15.158 -0.0542007 0.845444 -0.0206654 0.91749 145 3
170.913 2.95945 -0.14662 15.1655 -0.0548171 0.0938773 -0.00770441 0.922728 146 2
172.112 2.77694 -0.151005 15.1705 -0.0564408 0.0628352 -0.0202974 0.787623 147 2
173.311 2.58896 -0.15552 15.1741 -0.0574402 0.044322 -0.0124918 0.859577 148 2
174.51 2.39542 -0.160116 15.212 -0.0593881 0.474477 -0.0243493 0.838503 149 3
175.71 2.19569 -0.164867 15.2639 -0.0596657 0.648093 -0.00346904 0.941708 150 3
176.914 1.98953 -0.16964 14.9883 -0.0310375 -3.44503 0.357852 0.934232 151 6
178.095 1.78417 -0.172123 15.0651 -0.0346629 0.960898 -0.0453174 0.994894 152 3
179.282 1.57445 -0.174896 15.1023 -0.0358414 0.465035 -0.0147317 1.14898 153 0
180.471 1.36081 -0.177763 15.1465 -0.0367917 0.551617 -0.0118789 1.09632 154 0
181.663 1.14303 -0.180707 15.1838 -0.0375112 0.467074 -0.00899355 0.846459 155 0
182.857 0.921137 -0.183707 15.2163 -0.037633 0.405598 -0.00152234 0.794897 156 0
184.054 0.695163 -0.186718 15.2359 -0.0369836 0.245619 0.00811815 0.770824 157 0
185.251 0.465355 -0.189677 15.255 -0.0355014 0.237751 0.0185276 0.896461 158 0
186.448 0.231856 -0.192517 15.2562 -0.0336277 0.0157833 0.0234208 0.740039 159 0
187.646 -0.00488299 -0.195207 15.2486 -0.0314391 -0.0950813 0.0273575 0.887688 160 0
188.842 -0.244514 -0.197722 15.2396 -0.0290571 -0.112498 0.0297748 0.779974 161 0
190.037 -0.486781 -0.200047 15.2284 -0.0265341 -0.140274 0.0315382 0.642917 162 0
191.23 -0.731404 -0.202169 15.1835 -0.0240695 -0.560617 0.0308075 0.685359 163 0
192.42 -0.977597 -0.204095 15.1383 -0.0213693 -0.564969 0.033752 0.786543 164 0
193.605 -1.22508 -0.205805 15.098 -0.018475 -0.504386 0.0361789 0.73278 165 0
194.787 -1.47366 -0.207283 15.0799 -0.0156482 -0.226426 0.0353343 0.771548 166 1
195.967 -1.72341 -0.208534 15.0469 -0.012485 -0.412655 0.0395403 0.655387 167 0
197.145 -1.9738 -0.209533 15.018 -0.00924153 -0.360429 0.0405435 0.883799 168 0
198.32 -2.22457 -0.210273 14.99 -0.0057642 -0.350285 0.0434667 0.920627 169 0
199.493 -2.47542 -0.210734 14.9733 -0.00238513 -0.209105 0.0422383 0.821911 170 1
200.664 -2.72621 -0.210925 14.9454 0.00147745 -0.348759 0.0482823 0.800639 171 0
201.833 -2.97639 -0.210806 14.9303 0.00504233 -0.188088 0.0445609 0.86047 172 1
203.001 -3.22585 -0.210403 14.914 0.00856903 -0.204086 0.0440838 0.910641 173 1
204.168 -3.47424 -0.209717 14.9055 0.0120319 -0.105667 0.043286 0.846893 174 1
205.335 -3.72136 -0.208755 14.8954 0.0154266 -0.127327 0.0424339 0.940229 175 1
206.501 -3.96688 -0.207521 14.8872 0.0188374 -0.102043 0.0426342 0.835445 176 1
207.666 -4.2105 -0.206014 14.889 0.0214064 0.0227571 0.0321132 0.727795 177 2
208.833 -4.45216 -0.204301 14.8919 0.0241368 0.0362873 0.0341305 0.716167 178 2
210 -4.69162 -0.20237 14.9044 0.0263317 0.155342 0.0274355 0.73637 179 3
211.168 -4.92881 -0.200264 14.897 0.0300776 -0.0916004 0.0468241 0.808178 180 1
212.337 -5.16307 -0.197858 14.8994 0.0331887 0.0301361 0.0388882 0.98511 181 2
213.506 -5.39427 -0.195202 14.8921 0.0372068 -0.0920415 0.0502265 0.986609 182 0
214.676 -5.62187 -0.192226 14.8896 0.0409671 -0.0302792 0.0470039 0.945747 183 0
215.846 -5.8456 -0.188949 14.9099 0.0421526 0.253367 0.0148183 0.897645 184 4
217.018 -6.06569 -0.185576 14.9355 0.0430886 0.319707 0.0117005 0.978718 185 5
218.193 -6.2821 -0.182129 14.945 0.0455615 0.119114 0.0309115 1.06822 186 3
219.37 -6.49437 -0.178484 14.958 0.0474463 0.162375 0.0235593 0.845621 187 4
220.548 -6.70235 -0.174689 14.9689 0.0495122 0.136638 0.0258236 0.821678 188 4
221.728 -6.9058 -0.170728 14.9794 0.0517848 0.13119 0.0284085 0.781898 189 4
222.91 -7.10451 -0.166585 14.9956 0.0535842 0.201857 0.0224922 0.79559 190 5
224.094 -7.29836 -0.162298 15.0004 0.0561971 0.0605345 0.0326611 0.901437 191 4
225.279 -7.48694 -0.157802 15.0108 0.0582296 0.130236 0.0254059 0.817461 192 5
226.466 -7.67013 -0.153144 15.0238 0.0602559 0.162423 0.0253296 0.839186 193 6
227.654 -7.84775 -0.148324 15.0359 0.06244 0.150478 0.0273005 0.767815 194 6
228.845 -8.01956 -0.143328 15.01 0.0669754 -0.323904 0.0566935 0.857647 195 1
230.034 -8.18471 -0.13797 14.9869 0.0708766 -0.288701 0.0487645 0.82751 196 1
231.223 -8.34287 -0.1323 14.977 0.0736149 -0.122869 0.0342293 0.832233 197 2
232.411 -8.49393 -0.126411 14.969 0.0759493 -0.100899 0.0291793 0.881 198 2
233.6 -8.63768 -0.120335 14.9627 0.0778738 -0.0789642 0.0240568 0.895614 199 2
234.79 -8.77397 -0.114105 14.9582 0.0793874 -0.0556827 0.01892 0.864683 200 2
235.979 -8.90267 -0.107754 14.962 0.0800988 0.0474453 0.00889255 0.862573 201 3
237.17 -9.02377 -0.101346 14.96 0.0809248 -0.0245094 0.0103245 0.886772 202 2
238.361 -9.13714 -0.0948722 14.9593 0.0813145 -0.00873804 0.00487119 0.894604 203 2
239.554 -9.24276 -0.0883671 14.9654 0.0809075 0.075388 -0.00508726 0.891267 204 3
240.747 -9.34069 -0.0818945 14.9645 0.0805871 -0.011301 -0.00400571 0.985674 205 2
241.941 -9.43093 -0.0754475 14.964 0.0797965 -0.00554323 -0.00988236 1.12353 206 2
243.135 -9.51354 -0.0690638 14.9636 0.0785896 -0.00572205 -0.0150853 1.28443 207 2
244.329 -9.58864 -0.0627766 14.9622 0.0770182 -0.0168085 -0.0196431 1.75112 208 2
245.525 -9.65637 -0.0566151 14.934 0.0764504 -0.352347 -0.00709752 1.57799 209 0
246.718 -9.71668 -0.0504991 14.9108 0.0746925 -0.289881 -0.0219739 1.71434 210 0
247.909 -9.76977 -0.0445237 14.8909 0.0720546 -0.249708 -0.0329739 0.962023 211 0
249.1 -9.81593 -0.0387594 14.8728 0.0684751 -0.225973 -0.044744 0.773941 212 0
250.289 -9.85553 -0.0332813 14.8579 0.0641843 -0.186384 -0.0536338 0.660533 213 0
251.477 -9.88898 -0.0281466 14.848 0.0593795 -0.123322 -0.0600611 0.687583 214 0
252.665 -9.91677 -0.0233962 14.8414 0.0542515 -0.0829816 -0.0640995 0.669318 215 0
253.852 -9.93939 -0.0190561 14.8358 0.049073 -0.0700235 -0.0647312 0.851426 216 0
255.038 -9.95735 -0.0151303 14.8345 0.0444638 -0.0162721 -0.0576154 0.911824 217 1
256.225 -9.97108 -0.0115732 14.8154 0.0399489 -0.238848 -0.0564358 0.839268 218 0
257.41 -9.98101 -0.00837727 14.7983 0.0357265 -0.212729 -0.0527795 0.691917 219 0
258.594 -9.98754 -0.00551915 14.7816 0.0317452 -0.209749 -0.0497663 0.661067 220 0
259.777 -9.99107 -0.00297953 14.7676 0.0279848 -0.174391 -0.0470059 0.754301 221 0
260.958 -9.99194 -0.000740745 14.7528 0.024448 -0.18487 -0.0442094 0.785603 222 0
262.138 -9.99051 0.0012151 14.754 0.0213663 0.014174 -0.0385216 0.887325 223 1
263.319 -9.98706 0.0029244 14.7386 0.0182259 -0.191975 -0.0392551 0.837856 224 0
264.498 -9.98189 0.00438247 14.7225 0.0152919 -0.201714 -0.0366751 0.775925 225 0
265.676 -9.97529 0.00560582 14.7085 0.0125592 -0.174356 -0.0341583 0.85294 226 0
266.852 -9.96751 0.00661055 14.6932 0.0100163 -0.191128 -0.0317865 0.867162 227 0
268.028 -9.9588 0.00741185 14.6799 0.0076504 -0.166953 -0.0295734 0.904668 228 0
269.202 -9.94937 0.00802389 14.6702 0.00590188 -0.121212 -0.0218566 0.861664 229 1
270.376 -9.9394 0.00849604 14.6551 0.00390731 -0.187778 -0.0249321 0.82712 230 0
271.548 -9.92907 0.00880862 14.6638 0.00186261 0.10879 -0.0255588 0.931122 231 0
272.721 -9.91857 0.00895763 14.6071 0.0101192 -0.709319 0.103208 1.86723 232 7
273.889 -9.90715 0.00976717 14.6104 0.0165645 0.0414371 0.0805659 2.02049 233 10
275.058 -9.89419 0.0110923 14.6093 0.0222138 -0.0136733 0.0706169 1.46757 234 9
276.227 -9.87915 0.0128694 14.615 0.0276276 0.0712752 0.0676722 1.13124 235 10
277.396 -9.86152 0.0150796 14.6085 0.0331354 -0.0818968 0.0688472 0.81231 236 10
278.564 -9.8408 0.0177305 14.6081 0.0258208 -0.00481606 -0.0914325 0.642177 237 0
279.733 -9.81766 0.0197961 14.6058 0.0192417 -0.028491 -0.0822389 0.648415 238 1
280.901 -9.79274 0.0213355 14.6033 0.0133407 -0.0316381 -0.0737624 0.630632 239 1
282.069 -9.76657 0.0224027 14.5937 0.00848352 -0.119174 -0.0607146 0.699879 240 0
283.236 -9.73962 0.0230814 14.5833 0.00411833 -0.130689 -0.0545649 0.657064 241 0
284.403 -9.71231 0.0234109 14.5728 0.000121304 -0.13082 -0.0499628 0.651358 242 0
285.568 -9.68501 0.0234206 14.5642 -0.00352623 -0.107217 -0.0455942 0.754422 243 0
286.733 -9.65805 0.0231385 14.5565 -0.00680846 -0.0967741 -0.0410278 0.780726 244 0
287.897 -9.63174 0.0225938 14.5598 -0.01018 0.0409842 -0.0421442 0.705395 245 1
289.062 -9.60638 0.0217794 14.5633 -0.0131212 0.0445366 -0.0367648 0.722655 246 1
290.226 -9.58223 0.0207297 14.5669 -0.0157084 0.0447273 -0.0323402 0.791688 247 1
291.392 -9.55954 0.019473 14.5639 -0.0175801 -0.0371933 -0.0233967 0.903971 248 0
292.556 -9.53849 0.0180666 14.5598 -0.0191652 -0.0513077 -0.0198128 0.810256 249 0
293.721 -9.51923 0.0165334 14.5537 -0.0204152 -0.0771165 -0.0156261 0.877943 250 0
294.885 -9.50188 0.0149002 14.5381 -0.0214094 -0.194037 -0.0124268 0.942207 251 0
296.048 -9.48654 0.0131874 14.5146 -0.0222157 -0.294828 -0.0100795 1.09625 252 0
297.209 -9.4733 0.0114102 14.4917 -0.0228227 -0.285411 -0.00758676 0.997421 253 0
298.369 -9.46218 0.00958437 14.4703 -0.0229682 -0.268102 -0.00181922 1.07445 254 0
299.526 -9.45322 0.00774692 14.4448 -0.0226924 -0.317979 0.00344838 1.12347 255 0
300.682 -9.44636 0.00593153 14.4221 -0.0221021 -0.284004 0.00737787 1.11536 256 0
301.836 -9.44156 0.00416336 14.3978 -0.0213716 -0.304663 0.00913143 1.14017 257 0
302.987 -9.43873 0.00245363 14.3735 -0.0204666 -0.30303 0.0113132 1.42214 258 0
304.137 -9.43779 0.000816305 14.3463 -0.0194154 -0.339639 0.0131388 1.31744 259 0
305.285 -9.43864 -0.000736931 14.3261 -0.0183114 -0.252593 0.0138009 1.35798 260 0
306.431 -9.44116 -0.00220184 14.3045 -0.0172267 -0.270665 0.0135581 1.24907 261 0
307.575 -9.44526 -0.00357998 14.2846 -0.0161768 -0.248659 0.013124 1.11082 262 0
308.718 -9.45083 -0.00487412 14.2618 -0.0151328 -0.285196 0.0130498 1.44274 263 0
309.859 -9.45777 -0.00608475 14.2372 -0.0140975 -0.306737 0.0129416 1.20595 264 0
310.998 -9.46599 -0.00721255 14.2139 -0.0130682 -0.291801 0.0128661 1.14761 265 0
312.135 -9.47538 -0.00825801 14.195 -0.0120469 -0.23644 0.0127669 1.10019 266 0
313.271 -9.48585 -0.00922176 14.1789 -0.0110372 -0.200748 0.0126207 1.17989 267 0
314.405 -9.49731 -0.0101047 14.1628 -0.0100403 -0.200915 0.0124609 1.19545 268 0
315.538 -9.50967 -0.010908 14.1468 -0.00903151 -0.200439 0.0126103 1.263 269 0
316.669 -9.52283 -0.0116305 14.1298 -0.00804768 -0.212502 0.0122979 1.08007 270 0
317.8 -9.53671 -0.0122743 14.1142 -0.00712394 -0.195122 0.0115467 1.38086 271 0
318.929 -9.55121 -0.0128442 14.1022 -0.00628448 -0.150144 0.0104933 1.37382 272 0
320.057 -9.56627 -0.013347 14.0973 -0.00550871 -0.0607491 0.00969706 1.12544 273 0
321.185 -9.58182 -0.0137877 14.102 -0.00478626 0.0584602 0.00903063 1.14136 274 0
322.313 -9.5978 -0.0141706 14.1072 -0.00410229 0.0648856 0.00854962 1.09395 275 0
323.441 -9.61416 -0.0144987 14.1134 -0.00338784 0.0777245 0.00893065 0.981423 276 0
324.57 -9.63084 -0.0147698 14.1217 -0.00262554 0.103629 0.00952874 1.1573 277 0
325.7 -9.64776 -0.0149798 14.1339 -0.00184383 0.152361 0.00977142 1.02947 278 0
326.83 -9.66487 -0.0151273 14.1429 -0.00104648 0.112474 0.00996683 1.13407 279 0
327.962 -9.68208 -0.015211 14.1536 -0.000251564 0.134325 0.00993647 1.17302 280 0
329.094 -9.69932 -0.0152312 14.1662 0.000524647 0.157082 0.00970263 1.12039 281 0
330.227 -9.71653 -0.0151892 14.1778 0.00127449 0.145435 0.00937309 1.21038 282 0
331.361 -9.73365 -0.0150872 14.1934 0.00200514 0.195026 0.00913311 1.14539 283 0
332.496 -9.75059 -0.0149268 14.2116 0.00272026 0.227618 0.00893903 1.07827 284 0
333.633 -9.76732 -0.0147092 14.2337 0.00342188 0.276291 0.00877016 1.00415 285 0
334.772 -9.78375 -0.0144355 14.25 0.00411084 0.203598 0.008612 0.916872 286 0
335.912 -9.79984 -0.0141066 14.2734 0.00479091 0.292027 0.00850093 1.07975 287 0
337.053 -9.81551 -0.0137233 14.3011 0.00544171 0.346375 0.008135 1.26605 288 0
338.197 -9.83071 -0.013288 14.3333 0.00605944 0.402749 0.00772157 1.69284 289 0
339.344 -9.84539 -0.0128032 14.3679 0.00661071 0.431728 0.00689096 1.67253 290 0
340.493 -9.8595 -0.0122744 14.3967 0.00710273 0.360084 0.00615015 2.33054 291 0
341.645 -9.87298 -0.0117061 14.4248 0.00751402 0.351143 0.00514122 2.7917 292 0
342.799 -9.88579 -0.011105 14.4533 0.00784656 0.356638 0.00415671 1.92534 293 0
343.955 -9.89791 -0.0104773 14.4955 0.00809662 0.528145 0.00312572 1.34461 294 0
345.115 -9.90931 -0.00982957 14.5376 0.00827131 0.525379 0.00218371 1.43008 295 0
346.278 -9.91997 -0.00916787 14.5726 0.00839237 0.437832 0.0015132 2.03371 296 0
347.443 -9.92987 -0.00849648 14.6059 0.0084336 0.416338 0.000515324 2.68858 297 0
348.612 -9.93901 -0.00782179 14.6408 0.00839753 0.436568 -0.000450807 2.08521 298 0
349.783 -9.94739 -0.00714999 14.6729 0.0082766 0.401223 -0.00151166 1.21542 299 0
350.957 -9.955 -0.00648786 14.7093 0.00808993 0.454152 -0.0023333 2.53259 300 0
352.134 -9.96187 -0.00584066 14.7949 0.0104744 1.07093 0.0298063 2.68701 301 8
353.317 -9.9678 -0.00500271 14.8379 0.00893421 0.537181 -0.0192528 1.36503 302 0
354.504 -9.97289 -0.00428797 14.8852 0.00763511 0.591517 -0.0162388 1.28716 303 0
355.695 -9.97727 -0.00367716 14.9346 0.00654794 0.617504 -0.0135896 1.21742 304 0
356.89 -9.98103 -0.00315333 14.9872 0.00789842 0.657082 0.0168809 0.906432 305 5
358.089 -9.98406 -0.00252145 15.0129 0.00656288 0.321507 -0.0166942 0.476951 306 1
359.29 -9.98645 -0.00199642 15.0587 0.0102205 0.572145 0.0457199 0.491721 307 7
360.494 -9.98787 -0.00117879 15.1099 0.0150985 0.63988 0.0609752 0.278296 308 9
361.703 -9.98784 2.90924e-05 15.1617 0.0188165 0.647247 0.0464752 0.266029 309 8
362.916 -9.98598 0.00153441 15.2066 0.020795 0.562108 0.0247309 0.312269 310 6
364.133 -9.98209 0.00319801 15.2554 0.0241739 0.609851 0.0422369 0.295783 311 8
365.353 -9.97582 0.00513193 15.3004 0.0281719 0.562072 0.0499743 0.275836 312 9
366.577 -9.96678 0.00738568 15.341 0.0327347 0.507581 0.0570355 0.30094 313 10
367.804 -9.9545 0.0100045 15.3624 0.0291522 0.267363 -0.0447817 0.291054 314 0
369.033 -9.93934 0.0123366 15.3795 0.0258815 0.214481 -0.0408832 0.270506 315 0
370.263 -9.92162 0.0144072 15.3926 0.0228919 0.162876 -0.0373698 0.274917 316 0
371.495 -9.90162 0.0162385 15.4037 0.02259 0.138903 -0.00377465 0.286518 317 3
372.727 -9.87939 0.0180457 15.4105 0.0215055 0.0850916 -0.0135557 0.471716 318 2
373.959 -9.85502 0.0197661 15.4118 0.0205046 0.0166893 -0.0125119 0.267349 319 2
375.192 -9.82863 0.0214065 15.4134 0.0251831 0.020051 0.0584814 0.371849 320 9
376.425 -9.79975 0.0234212 15.4126 0.0294627 -0.0104785 0.0534951 0.503945 321 9
377.657 -9.76797 0.0257782 15.4094 0.0325634 -0.0393271 0.0387595 0.537797 322 8
378.89 -9.73299 0.0283832 15.4045 0.036138 -0.0616074 0.0446821 0.561959 323 9
380.121 -9.69445 0.0312743 15.398 0.0393424 -0.0811338 0.0400548 0.65732 324 9
381.352 -9.65206 0.0344217 15.3903 0.0421896 -0.0971794 0.0355901 0.6497 325 9
382.583 -9.60553 0.0377968 15.3815 0.0446932 -0.109434 0.0312946 0.554066 326 9
383.812 -9.55464 0.0413723 15.3721 0.0468673 -0.117862 0.0271773 0.527922 327 9
385.041 -9.49917 0.0451217 15.3623 0.0487271 -0.122631 0.0232469 0.611319 328 9
386.268 -9.43895 0.0490199 15.3523 0.0502879 -0.123978 0.0195103 0.62023 329 9
387.495 -9.37383 0.0530429 15.3429 0.0515651 -0.117707 0.0159644 0.727595 330 9
388.72 -9.3037 0.0571681 15.3336 0.0525758 -0.116444 0.0126337 0.603727 331 9
389.945 -9.22846 0.0613742 15.3246 0.0533355 -0.112534 0.00949665 0.540367 332 9
391.168 -9.14804 0.065641 15.316 0.0538596 -0.107908 0.00655176 0.485169 333 9
392.39 -9.0624 0.0699498 15.3077 0.0541631 -0.103784 0.00379309 0.538012 334 9
393.611 -8.97152 0.0742828 15.2997 0.0542601 -0.100136 0.00121328 0.541217 335 9
394.832 -8.87539 0.0786236 15.2919 0.0541646 -0.0969172 -0.00119456 0.529604 336 9
396.051 -8.77402 0.0829568 15.2844 0.0538896 -0.0941038 -0.00343733 0.675193 337 9
397.269 -8.66745 0.087268 15.277 0.0534479 -0.0916481 -0.00552163 0.674244 338 9
398.486 -8.55572 0.0915438 15.2699 0.0528516 -0.0895143 -0.00745384 0.676282 339 9
399.702 -8.43891 0.0957719 15.2629 0.0521123 -0.0876546 -0.0092404 0.761604 340 9
400.917 -8.31708 0.0999409 15.256 0.0512413 -0.0860572 -0.0108875 0.757251 341 9
