1.120000000000000107e+00
1.000000000000000000e+01
0.000000000000000000e+00
1.400000000000000000e+01
0.000000000000000000e+00
1.012877211641338704e-02
-1.402116992962254838e-01
8.174009323120117188e-01
1.000000000000000000e+00
3.200000000000000000e+01
2.240064373177843127e+00
9.998994904504076686e+00
-8.973548754958430868e-04
1.400081030176931307e+01
-1.121693594369803891e-02
3.297778211188706621e-02
-6.409427517422718878e-01
8.420605659484863281e-01
2.000000000000000000e+00
3.700000000000000000e+01
3.360320778298838906e+00
9.992388963416763303e+00
-5.896743362142226226e-03
1.400344852433826404e+01
-6.249235608307979195e-02
4.590570454761078167e-02
-6.003506460370930942e-01
8.249421119689941406e-01
3.000000000000000000e+00
4.000000000000000000e+01
4.480768754038436441e+00
9.975874184084510432e+00
-1.473837598342600530e-02
1.400712098070207290e+01
-1.105204077660472406e-01
7.135593949689766902e-02
-4.228319340871495302e-01
8.308010101318359375e-01
4.000000000000000000e+00
4.300000000000000000e+01
5.601407840180338660e+00
9.946410129558996616e+00
-2.628613298286754107e-02
1.401282945586182471e+01
-1.443469624930192041e-01
1.079053697456089367e-01
-3.033820718768124314e-01
8.325922489166259766e-01
5.000000000000000000e+00
3.000000000000000000e+01
6.722237577613841886e+00
9.901805001198829004e+00
-3.977553524232067816e-02
1.402146188544147343e+01
-1.686175282431641997e-01
1.573984053828025864e-01
-2.879918412436521247e-01
8.392019271850585938e-01
6.000000000000000000e+00
3.200000000000000000e+01
7.843257508331178407e+00
9.839965126044528887e+00
-5.510808528573318821e-02
1.403405375787209763e+01
-1.916568755426563686e-01
2.127954333478898619e-01
-1.741680339859823234e-01
8.400530815124511719e-01
7.000000000000000000e+00
3.500000000000000000e+01
8.964467175424864820e+00
9.759599411221580922e+00
-7.155531074665598401e-02
1.405107739253992882e+01
-2.055903182615349545e-01
2.657641750354988730e-01
-4.988775526784325343e-02
8.444499969482421875e-01
8.000000000000000000e+00
3.700000000000000000e+01
1.008586612308506858e+01
9.660297072565560583e+00
-8.832181784129297664e-02
1.407233852654276873e+01
-2.095813386829624148e-01
3.100392938668150578e-01
5.028644762987595496e-02
8.423981666564941406e-01
9.000000000000000000e+00
3.800000000000000000e+01
1.120745389659695945e+01
9.542360448873148826e+00
-1.047664916710987631e-01
1.409714167005211394e+01
-2.055584228725723384e-01
3.411120987795390747e-01
1.288240714477674465e-01
8.464908599853515625e-01
1.000000000000000000e+01
4.200000000000000000e+01
1.232923004233807873e+01
9.406657316031358462e+00
-1.203866914436388380e-01
1.412443063795447706e+01
-1.952524971567509426e-01
3.564569651048232757e-01
1.882409643420436540e-01
8.473374843597412109e-01
1.100000000000000000e+01
4.500000000000000000e+01
1.345119410777572710e+01
9.254491329540744715e+00
-1.348021490443898351e-01
1.415294719516286470e+01
-1.801932200093874503e-01
3.605448931223609321e-01
2.006430112008433797e-01
8.462369441986083984e-01
1.200000000000000000e+01
2.800000000000000000e+01
1.457334564146433564e+01
9.087265880227807457e+00
-1.479334913734554335e-01
1.418179078661265358e+01
-1.641417791133199799e-01
3.701412363254830140e-01
1.214266711683328892e-01
8.456733226776123047e-01
1.300000000000000000e+01
2.900000000000000000e+01
1.569568419304286166e+01
8.905812165047212403e+00
-1.602877030070437026e-01
1.421140208551869222e+01
-1.544276454198533488e-01
3.692983838178953704e-01
1.485047267747945099e-01
8.640532493591308594e-01
1.400000000000000000e+01
3.000000000000000000e+01
1.681820931323216683e+01
8.711167818600156210e+00
-1.716914843892732856e-01
1.424094595622412385e+01
-1.425472672778697880e-01
3.528355017049289444e-01
1.948687800899319977e-01
8.532083034515380859e-01
1.500000000000000000e+01
3.500000000000000000e+01
1.794092055383244855e+01
8.504724264810979761e+00
-1.818481055789273049e-01
1.426917279636051816e+01
-1.269577648706752271e-01
3.222915281522853448e-01
2.267787028652427928e-01
8.527352809906005859e-01
1.600000000000000000e+01
3.900000000000000000e+01
1.906381746772061803e+01
8.288124515152707872e+00
-1.905533430702437692e-01
1.429495611861270099e+01
-1.088154686414558037e-01
2.869001746937271946e-01
2.167729754057410307e-01
8.587038516998291016e-01
1.700000000000000000e+01
2.400000000000000000e+01
2.018689960884772461e+01
8.062952444597632606e+00
-1.978712335189634908e-01
1.431790813258819917e+01
-9.147363060899652010e-02
2.685411544165905440e-01
1.205610823050082270e-01
8.595647811889648438e-01
1.800000000000000000e+01
2.300000000000000000e+01
2.131016653223638357e+01
7.830084335956344788e+00
-2.044175330409311597e-01
1.433939142494152641e+01
-8.182874402459586194e-02
2.444951051650434692e-01
1.319558470310941423e-01
8.903536796569824219e-01
1.900000000000000000e+01
2.600000000000000000e+01
2.243361779397818268e+01
7.590489049959844969e+00
-2.101193151418998262e-01
1.435895103335472989e+01
-7.127227626210833056e-02
2.092432614020367510e-01
1.654661025851482392e-01
8.546433448791503906e-01
2.000000000000000000e+01
2.900000000000000000e+01
2.355725295123113483e+01
7.345395012126100909e+00
-2.147621141863235439e-01
1.437569049426689283e+01
-5.803498805529647142e-02
1.654379159875318805e-01
1.876409554763544818e-01
8.667240142822265625e-01
2.100000000000000000e+01
3.900000000000000000e+01
2.468107156221710241e+01
7.096205791331848367e+00
-2.182040111156985929e-01
1.438892552754589538e+01
-4.302371161718811232e-02
1.235015047387433285e-01
1.708861919990636580e-01
8.682906627655029297e-01
2.200000000000000000e+01
2.800000000000000000e+01
2.580507318621923929e+01
6.844205363960095490e+00
-2.205522364162796345e-01
1.439880564792499484e+01
-2.935281625726302024e-02
1.061306602093248230e-01
7.059025001544469435e-02
8.711352348327636719e-01
2.300000000000000000e+01
3.000000000000000000e+01
2.692925738357945775e+01
6.589923928566101985e+00
-2.224486841167618301e-01
1.440729610074174083e+01
-2.370559625602744469e-02
8.625144797598238711e-02
7.817641622479779007e-02
8.758831024169921875e-01
2.400000000000000000e+01
3.500000000000000000e+01
2.805362371569587410e+01
6.333950711897861297e+00
-2.238448027534053197e-01
1.441419621657981764e+01
-1.745148295804362093e-02
5.774313678486020507e-02
1.093010513748739893e-01
8.871500492095947266e-01
2.500000000000000000e+01
4.700000000000000000e+01
2.917817174502026845e+01
6.077112047814371643e+00
-2.245413946612496159e-01
1.441881566752260646e+01
-8.707398848053701790e-03
3.109509971219726054e-02
1.010868303922369676e-01
8.879158496856689453e-01
2.600000000000000000e+01
3.800000000000000000e+01
3.030290103505555521e+01
5.820173245011245555e+00
-2.245910308545835954e-01
1.442130327549958047e+01
-6.204524166747438230e-04
2.871047928865166909e-02
8.785027229680185401e-03
8.894317150115966797e-01
2.700000000000000000e+01
4.300000000000000000e+01
3.142781115035326422e+01
5.563200931205329880e+00
-2.245844428736476217e-01
1.442360011384267260e+01
8.234976169967100912e-05
2.247892129434436725e-02
2.338194632581919175e-02
8.895394802093505859e-01
2.800000000000000000e+01
4.900000000000000000e+01
3.255290165651101830e+01
5.306372350958138639e+00
-2.244282104362264052e-01
1.442539842754622015e+01
1.952905467765206349e-03
1.411330553999778914e-02
3.153705206941550404e-02
8.983037471771240234e-01
2.900000000000000000e+01
3.500000000000000000e+01
3.367817212017001793e+01
5.049926577605818423e+00
-2.240701408655609295e-01
1.442652749198941997e+01
4.475869633318446672e-03
2.627791633047493747e-02
-4.647353809731930713e-02
8.880786895751953125e-01
3.000000000000000000e+01
3.800000000000000000e+01
3.480362210901252240e+01
4.793511680588444790e+00
-2.240095019387182973e-01
1.442862972529585974e+01
7.579865855329021018e-04
3.133551830556413620e-02
-1.949124783682740225e-02
8.899936676025390625e-01
3.100000000000000000e+01
4.300000000000000000e+01
3.592925119175937709e+01
4.536980074799241258e+00
-2.240736069980313605e-01
1.443113656676030487e+01
-8.013132414132900783e-04
2.368319298329257805e-02
2.882780650277985690e-02
8.922696113586425781e-01
3.200000000000000000e+01
4.900000000000000000e+01
3.705505893816751239e+01
4.280550326529573013e+00
-2.239532140957266326e-01
1.443303122219896828e+01
1.504911278809098474e-03
1.420949531043547154e-02
3.580057455846493569e-02
9.179155826568603516e-01
3.300000000000000000e+01
3.500000000000000000e+01
3.818104491902742126e+01
4.024493916723068665e+00
-2.236036975162477292e-01
1.443416798182380312e+01
4.368957243486293329e-03
2.549312711508378015e-02
-4.319331214019343085e-02
8.952541351318359375e-01
3.400000000000000000e+01
3.900000000000000000e+01
3.930720870616072204e+01
3.768483626549851362e+00
-2.235306181344660637e-01
1.443620743199300982e+01
9.134922722708188614e-04
2.991278770461125447e-02
-1.709318711416545067e-02
8.998847007751464844e-01
3.500000000000000000e+01
4.400000000000000000e+01
4.043354987241764320e+01
3.512389993221844087e+00
-2.235669351502150570e-01
1.443860045500937872e+01
-4.539626968624171921e-04
2.184449830944235060e-02
3.046821173145145695e-02
8.959848880767822266e-01
3.600000000000000000e+01
4.900000000000000000e+01
4.156006799167457899e+01
3.256444116040428494e+00
-2.234082556108827611e-01
1.444034801487413411e+01
1.983494241653699364e-03
1.212642757251192194e-02
3.682110657393915937e-02
9.077074527740478516e-01
3.700000000000000000e+01
3.700000000000000000e+01
4.268676263883160260e+01
3.000925319037969441e+00
-2.230139209894772545e-01
1.444131812907993506e+01
4.929182767568832113e-03
2.324836387224138434e-02
-4.265622097300580950e-02
8.934764862060546875e-01
3.800000000000000000e+01
3.900000000000000000e+01
4.381363338981004318e+01
2.745510341034347324e+00
-2.228925861822989851e-01
1.444317799818971437e+01
1.516685089728367353e-03
2.762958795916592436e-02
-1.698543977656386678e-02
9.021873474121093750e-01
3.900000000000000000e+01
4.500000000000000000e+01
4.494067982154997765e+01
2.490070506935421424e+00
-2.228799581896907245e-01
1.444538836522644765e+01
1.578499076032580106e-04
2.735826866298030069e-02
7.771757266081605331e-04
9.003255367279052734e-01
4.000000000000000000e+01
3.300000000000000000e+01
4.606790151200782901e+01
2.234611811650847546e+00
-2.228623562724321716e-01
1.444757702671948607e+01
2.200239657319108533e-04
4.534886305818108809e-02
-6.886248291346902528e-02
8.901507854461669922e-01
4.100000000000000000e+01
3.200000000000000000e+01
4.719529804015390795e+01
1.978611923887059421e+00
-2.232854742458198205e-01
1.445120493576414056e+01
-5.288974667345611169e-03
5.449179181626906399e-02
-3.483206759210752401e-02
8.862814903259277344e-01
4.200000000000000000e+01
3.500000000000000000e+01
4.832286898596998270e+01
1.721806298233691468e+00
-2.239315174517969576e-01
1.445556427910944208e+01
-8.075540074714213090e-03
4.940036358433985697e-02
1.936544950864507036e-02
9.128842353820800781e-01
4.300000000000000000e+01
4.000000000000000000e+01
4.945061393044682774e+01
1.464341628510516413e+00
-2.244536217809187661e-01
1.445951630819618927e+01
-6.526304114022607461e-03
3.334671849550829847e-02
6.066061503510501718e-02
8.948490619659423828e-01
4.400000000000000000e+01
4.900000000000000000e+01
5.057853245558185051e+01
1.206678453354192770e+00
-2.245874981738159026e-01
1.446218404567582994e+01
-1.673454911214206087e-03
1.703124606213801684e-02
6.150706429185019697e-02
9.141144752502441406e-01
4.500000000000000000e+01
3.800000000000000000e+01
5.170662414437660459e+01
9.492840377989263390e-01
-2.243277293552451979e-01
1.446354654536080098e+01
3.247110232133809671e-03
2.295223057442452586e-02
-2.265818351416572229e-02
8.918180465698242188e-01
4.600000000000000000e+01
4.100000000000000000e+01
5.283488858083442352e+01
6.919864193873976888e-01
-2.242129729111651537e-01
1.446538272380675494e+01
1.434455551000551887e-03
2.322199723594486898e-02
-1.270244141546653105e-03
8.975477218627929688e-01
4.700000000000000000e+01
4.700000000000000000e+01
5.396332534995801922e+01
4.347760769956999227e-01
-2.241063460295910081e-01
1.446724048358563053e+01
1.332836019676819639e-03
1.978970290881232330e-02
1.276981023954487648e-02
9.017345905303955078e-01
4.800000000000000000e+01
3.300000000000000000e+01
5.509193403774704478e+01
1.777501606366397868e-01
-2.239179923624837754e-01
1.446882365981833551e+01
2.354420838840409758e-03
3.553280941974712448e-02
-5.994495363237893615e-02
8.968608379364013672e-01
4.900000000000000000e+01
3.400000000000000000e+01
5.622071423119572131e+01
-7.954670139410385810e-02
-2.241132863986237678e-01
1.447166628457191528e+01
-2.441175451749905134e-03
4.306735515566817440e-02
-2.871891227362952798e-02
9.105362892150878906e-01
5.000000000000000000e+01
3.700000000000000000e+01
5.734966551829045756e+01
-3.373328185872059293e-01
-2.244923814733149892e-01
1.447511167298436874e+01
-4.738688433640267372e-03
3.692306612312901137e-02
2.307658183442647115e-02
8.928833007812500000e-01
5.100000000000000000e+01
4.500000000000000000e+01
5.847878748800744830e+01
-5.954328318991874980e-01
-2.247237864242658811e-01
1.447806551827421906e+01
-2.892561886886149680e-03
2.812168658465896698e-02
3.302128768156893657e-02
8.966872692108154297e-01
5.200000000000000000e+01
3.200000000000000000e+01
5.960807973031031537e+01
-8.535956146543876022e-01
-2.247438551340547319e-01
1.448031525320099178e+01
-2.508588723606347548e-04
3.951944203979262937e-02
-4.324588837621452103e-02
8.942804336547851562e-01
5.300000000000000000e+01
3.200000000000000000e+01
6.073754183614769886e+01
-1.112150046928072289e+00
-2.250406975294513556e-01
1.448347680856417519e+01
-3.710529942457796437e-03
4.352800856226579640e-02
-1.525132005658191153e-02
8.824586868286132812e-01
5.400000000000000000e+01
3.600000000000000000e+01
6.186717339745095501e+01
-1.371212247322396438e+00
-2.254351483732101036e-01
1.448695904924915467e+01
-4.930635546984349360e-03
3.453473063503853524e-02
3.367487236289289088e-02
8.864092826843261719e-01
5.500000000000000000e+01
4.400000000000000000e+01
6.299697400713171191e+01
-1.630526014190620154e+00
-2.256140800338463370e-01
1.448972182769995776e+01
-2.236645757952918090e-03
2.352377904464297842e-02
4.115801021979930557e-02
8.874630928039550781e-01
5.600000000000000000e+01
3.000000000000000000e+01
6.412694325907959580e+01
-1.889778001893209547e+00
-2.255296004290758549e-01
1.449160373002352920e+01
1.055995059631026356e-03
3.334556347751593819e-02
-3.715672020060314246e-02
8.742396831512451172e-01
5.700000000000000000e+01
3.000000000000000000e+01
6.525708074815982229e+01
-2.149250992826829965e+00
-2.256829238335892329e-01
1.449427137510173047e+01
-1.916542556417225041e-03
3.622263231677358419e-02
-1.101387861109862781e-02
8.916239738464355469e-01
5.800000000000000000e+01
3.300000000000000000e+01
6.638738607021088001e+01
-2.409028842331049969e+00
-2.259067360612136421e-01
1.449716918568707236e+01
-2.797652845305115266e-03
2.648136270864132058e-02
3.632701089323255722e-02
8.658225536346435547e-01
5.900000000000000000e+01
4.000000000000000000e+01
6.751785882204221423e+01
-2.668834840628113270e+00
-2.258980554191213630e-01
1.449928769470376366e+01
1.085080261534893120e-04
1.508892123400773499e-02
4.251680379032882207e-02
8.748657703399658203e-01
6.000000000000000000e+01
2.500000000000000000e+01
6.864849860143182525e+01
-2.928345008575843345e+00
-2.256172672327709794e-01
1.450049480840248428e+01
3.509852329379795077e-03
2.483398411670112438e-02
-3.681873953756322621e-02
8.606324195861816406e-01
6.100000000000000000e+01
2.700000000000000000e+01
6.977930500712400885e+01
-3.187839678448352920e+00
-2.255721189794610004e-01
1.450248152713182037e+01
5.643531663747369809e-04
2.785133828899777342e-02
-1.157355435943158845e-02
8.653471469879150391e-01
6.200000000000000000e+01
2.900000000000000000e+01
7.091027763882701151e+01
-3.447406926770540725e+00
-2.256010414740513836e-01
1.450470963419494197e+01
-3.615311823797900947e-04
1.845628639136620563e-02
3.504835612131232403e-02
8.896744251251220703e-01
6.300000000000000000e+01
3.300000000000000000e+01
7.204141609721071404e+01
-3.706779592888872710e+00
-2.254056544894653680e-01
1.450618613710625127e+01
2.442337307325195828e-03
7.582013627471795303e-03
4.070247154301914055e-02
8.492617607116699219e-01
6.400000000000000000e+01
1.500000000000000000e+01
7.317271998390430099e+01
-3.965647389337247031e+00
-2.249497716870040298e-01
1.450679269819644901e+01
5.698535030766727072e-03
1.789990754965664621e-02
-3.901413334728154325e-02
8.409991264343261719e-01
6.500000000000000000e+01
1.600000000000000000e+01
7.430418890149400113e+01
-4.224307444375512866e+00
-2.247435793379652935e-01
1.450822469080041976e+01
2.577404362984203612e-03
2.157308498902388294e-02
-1.406935059193505783e-02
8.395586013793945312e-01
6.600000000000000000e+01
1.800000000000000000e+01
7.543582245352072846e+01
-4.482866832892575815e+00
-2.246274308327149416e-01
1.450995053759954345e+01
1.451856315629398986e-03
1.293622476403744059e-02
3.236015471442480612e-02
8.369028568267822266e-01
6.700000000000000000e+01
1.900000000000000000e+01
7.656762024447786530e+01
-4.741078818631046410e+00
-2.243041773372922709e-01
1.451098543558066822e+01
4.040668692783383475e-03
2.867211903012645280e-03
3.791998812312322858e-02
8.452329635620117188e-01
6.800000000000000000e+01
1.000000000000000000e+00
7.769958187980891751e+01
-4.998654303267467292e+00
-2.237382359178816116e-01
1.451121481253290746e+01
7.074267742633241762e-03
1.388706159481944979e-02
-4.181984176989273633e-02
8.366198539733886719e-01
6.900000000000000000e+01
2.000000000000000000e+00
7.883170696590524074e+01
-5.255911812480932532e+00
-2.234399414857982658e-01
1.451232577746049301e+01
3.728680401041822856e-03
1.827788515789130486e-02
-1.684551870725827655e-02
8.485248088836669922e-01
7.000000000000000000e+01
2.000000000000000000e+00
7.996399511010375249e+01
-5.512979565304354068e+00
-2.232494583734413729e-01
1.451378800827312432e+01
2.381038904461160732e-03
1.040877695452913088e-02
2.966913127773560671e-02
8.325321674346923828e-01
7.100000000000000000e+01
2.000000000000000000e+00
8.109644592068471525e+01
-5.769631340219984139e+00
-2.228690928209069722e-01
1.451462071042948665e+01
4.754569406680009269e-03
-6.601953311480279751e-03
6.467068788459755246e-02
8.278033733367919922e-01
7.200000000000000000e+01
2.000000000000000000e+00
8.222905900686942005e+01
-6.025374269929942628e+00
-2.220748348659111471e-01
1.451409255416456823e+01
9.928224437447813466e-03
-2.998499668065424117e-02
8.985517878302290429e-02
8.317854404449462891e-01
7.300000000000000000e+01
2.000000000000000000e+00
8.336183397881792700e+01
-6.279524026786410751e+00
-2.207055037667039754e-01
1.451169375443011589e+01
1.711663874008964581e-02
-5.726814806596980389e-02
1.067640652001149160e-01
8.224058151245117188e-01
7.400000000000000000e+01
2.000000000000000000e+00
8.449477044762681999e+01
-6.531268589281035375e+00
-2.186528826502160683e-01
1.450711230258483830e+01
2.565776395609883909e-02
-8.627184461835746276e-02
1.167735722069082882e-01
8.209929466247558594e-01
7.500000000000000000e+01
2.000000000000000000e+00
8.562786802532697550e+01
-6.779721721087874187e+00
-2.158529106716039481e-01
1.450021055501536971e+01
3.499964973265150270e-02
-1.151235129998484652e-01
1.210960643679937915e-01
8.178954124450683594e-01
7.600000000000000000e+01
2.000000000000000000e+00
8.676112632488130316e+01
-7.023967232619663825e+00
-2.122779238810366675e-01
1.449100067397538183e+01
4.468733488209100657e-02
-1.422734682966497743e-01
1.207892185892339987e-01
8.196263313293457031e-01
7.700000000000000000e+01
2.000000000000000000e+00
8.789454496018245777e+01
-7.263095031720367523e+00
-2.079298860914982894e-01
1.447961879651164985e+01
5.435047236922972702e-02
-1.665030879233198036e-01
1.167697111754181089e-01
8.370413780212402344e-01
7.800000000000000000e+01
2.000000000000000000e+00
8.902812354605070766e+01
-7.496229905743380328e+00
-2.028345221504372353e-01
1.446629854947778426e+01
6.369204926326317573e-02
-2.277965299428919010e-01
2.874852540074232521e-01
8.263857364654541016e-01
7.900000000000000000e+01
1.120000000000000000e+02
9.016186169823161833e+01
-7.721213785225504722e+00
-1.958992525837286724e-01
1.444807482708235469e+01
8.669086958385703590e-02
-4.177237827431623529e-01
9.171722549794218970e-01
8.171312808990478516e-01
8.000000000000000000e+01
1.120000000000000000e+02
9.129575903339387821e+01
-7.931175144793663812e+00
-1.830940805851518083e-01
1.441465692446290170e+01
1.600646499822107882e-01
-5.548556891413980452e-01
8.664796239172017911e-01
8.166835308074951172e-01
8.100000000000000000e+01
1.110000000000000000e+02
9.242981516912706752e+01
-8.119712203862077260e+00
-1.647434389935048538e-01
1.437026846933158986e+01
2.293830198955869315e-01
-5.978129557229427959e-01
6.397786364528524894e-01
8.204090595245361328e-01
8.200000000000000000e+01
1.100000000000000000e+02
9.356402972393944140e+01
-8.282207167889049870e+00
-1.422982141285596414e-01
1.432244343287375443e+01
2.805653108118151273e-01
-5.641229923931234680e-01
4.414179570612790093e-01
8.179748058319091797e-01
8.300000000000000000e+01
1.100000000000000000e+02
9.469840231725569879e+01
-8.415569807302832217e+00
-1.170279143384222453e-01
1.427731359348230455e+01
3.158787473767174503e-01
-4.749878161891540884e-01
2.677787420882461467e-01
8.290321826934814453e-01
8.400000000000000000e+01
1.120000000000000000e+02
9.583293256941482241e+01
-8.518004249338677170e+00
-9.004383059892007157e-02
1.423931456818717223e+01
3.373010467437771442e-01
-3.517727955717919741e-01
1.171796456636196859e-01
8.302588462829589844e-01
8.500000000000000000e+01
1.160000000000000000e+02
9.696762010166789025e+01
-8.588798042221281293e+00
-6.230979712717073238e-02
1.421117274454142887e+01
3.466754183968667191e-01
-2.149417082856430739e-01
1.962322293996704436e-02
8.342518806457519531e-01
8.600000000000000000e+01
1.250000000000000000e+02
9.810246453617583029e+01
-8.627909105371053045e+00
-3.445017502860560354e-02
1.419397740787857742e+01
3.482452762320640827e-01
-7.713700605553874823e-02
2.311216487794753860e-02
8.291082382202148438e-01
8.700000000000000000e+01
1.260000000000000000e+02
9.923746549600728883e+01
-8.635221603539719126e+00
-6.442635074821612823e-03
1.418780644739413255e+01
3.500942494222998858e-01
6.023774884071908531e-02
-7.140441892576135374e-02
8.461084365844726562e-01
8.800000000000000000e+01
1.260000000000000000e+02
1.003726226051364137e+02
-8.611257242788868282e+00
2.110791659783750607e-02
1.419262546730139007e+01
3.443818959082389775e-01
1.853447159057663995e-01
-1.770201081036683333e-01
8.303012847900390625e-01
8.900000000000000000e+01
1.240000000000000000e+02
1.015079354884406797e+02
-8.557260225357467220e+00
4.752553957863314693e-02
1.420745304457385139e+01
3.302202872599455108e-01
2.883030110217399411e-01
-2.588079719694630354e-01
8.370268344879150391e-01
9.000000000000000000e+01
1.200000000000000000e+02
1.026434037716987575e+02
-8.475037601527308340e+00
7.228679153882422437e-02
1.423051728545559058e+01
3.095156495023884680e-01
3.635243617518879589e-01
-3.188749481063860025e-01
8.458964824676513672e-01
9.100000000000000000e+01
1.210000000000000000e+02
1.037790270815883247e+02
-8.366819358521917493e+00
9.500724383113443028e-02
1.425959923439573984e+01
2.840056536538775878e-01
4.010697859083922623e-01
-4.204290362967495476e-01
8.225665092468261719e-01
9.200000000000000000e+01
9.400000000000000000e+01
1.049148050456838632e+02
-8.235583510758083037e+00
1.150369502911454400e-01
1.429168481726840945e+01
2.503713307501376217e-01
3.735712979862526595e-01
-6.599152033437548637e-01
8.204770088195800781e-01
9.300000000000000000e+01
9.400000000000000000e+01
1.060507372924545848e+02
-8.086100479048328182e+00
1.308431994497564199e-01
1.432157052110730966e+01
1.975781144826372349e-01
3.111544241115149489e-01
-6.505923966450493090e-01
8.298821449279785156e-01
9.400000000000000000e+01
9.600000000000000000e+01
1.071868234512622280e+02
-7.923120048553226269e+00
1.424856572698390833e-01
1.434646287503623086e+01
1.455307227510332924e-01
2.405723446401442089e-01
-5.432695711027075713e-01
8.299896717071533203e-01
9.500000000000000000e+01
1.080000000000000000e+02
1.083230631523588983e+02
-7.750637330355714560e+00
1.506511898348644185e-01
1.436570866260744239e+01
1.020691570628166900e-01
1.864640006795426075e-01
-3.642846300841049989e-01
8.332395553588867188e-01
9.600000000000000000e+01
9.700000000000000000e+01
1.094594560268850074e+02
-7.571342653099487841e+00
1.564853007673514818e-01
1.438062578266180580e+01
7.292638665608829063e-02
1.354215433049921202e-01
-3.065568165372183906e-01
8.428869247436523438e-01
9.700000000000000000e+01
9.000000000000000000e+01
1.105960017068670709e+02
-7.387510663773584341e+00
1.603574480740003472e-01
1.439145950612620517e+01
4.840184133311081771e-02
5.081231082755266470e-02
-4.621737869743959837e-01
8.189895153045654297e-01
9.800000000000000000e+01
0.000000000000000000e+00
1.117326998252155903e+02
-7.202587463185302852e+00
1.612716831440130782e-01
1.439552449099240938e+01
1.142793837515913846e-02
-1.479671475814070547e-01
-1.079117503699389635e+00
8.183948993682861328e-01
9.900000000000000000e+01
0.000000000000000000e+00
1.128695500157229503e+02
-7.024625227707551822e+00
1.552795661903497160e-01
1.438368711918589682e+01
-7.490146192079202847e-02
-3.116446360135194382e-01
-1.007569027404743967e+00
8.222858905792236328e-01
1.000000000000000000e+02
0.000000000000000000e+00
1.140065519130612728e+02
-6.861103378454033397e+00
1.428390074612959915e-01
1.435875554830481526e+01
-1.555069841131715425e-01
-3.954098236859326931e-01
-7.629959299065631750e-01
8.224449157714843750e-01
1.010000000000000000e+02
1.000000000000000000e+00
1.151437051527803277e+02
-6.717618996198980952e+00
1.255152747808402636e-01
1.432712276240994065e+01
-2.165466585056965987e-01
-4.074633680924977241e-01
-5.512474711405479511e-01
8.212077617645263672e-01
1.020000000000000000e+02
1.000000000000000000e+00
1.162810093713054300e+02
-6.598148124601298292e+00
1.046635582850850288e-01
1.429452569296254083e+01
-2.606464561969404348e-01
-3.629235943816144783e-01
-3.672663238387760543e-01
8.156340122222900391e-01
1.030000000000000000e+02
1.000000000000000000e+00
1.174184642059352939e+02
-6.505284027885056553e+00
8.146133731676162559e-02
1.426549180541201167e+01
-2.900277621040425191e-01
-2.794437789054304844e-01
-2.081091467665788231e-01
8.289709091186523438e-01
1.040000000000000000e+02
2.000000000000000000e+00
1.185560692948399719e+02
-6.440453287570855778e+00
5.692721780913211765e-02
1.424313630309957723e+01
-3.066764938453688250e-01
-1.743181913147706652e-01
-7.212552441633601763e-02
8.283967971801757812e-01
1.050000000000000000e+02
2.000000000000000000e+00
1.196938242770587948e+02
-6.404110717392575758e+00
3.193149494523805920e-02
1.422919084779439558e+01
-3.124465357986757064e-01
-6.269249407464538848e-02
4.176799282372758992e-02
8.098695278167724609e-01
1.060000000000000000e+02
2.000000000000000000e+00
1.208317287924981684e+02
-6.395914150143631183e+00
7.203087235415857326e-03
1.422417544826842395e+01
-3.091050963727774992e-01
4.338758134523335031e-02
1.346123810875801685e-01
8.075277805328369141e-01
1.070000000000000000e+02
2.000000000000000000e+00
1.219697824819295846e+02
-6.414880206164587761e+00
-1.666380123544582842e-02
1.422764645477604262e+01
-2.983361058857710857e-01
1.352991568116301835e-01
2.077037285066384020e-01
8.016972541809082031e-01
1.080000000000000000e+02
2.000000000000000000e+00
1.231079849869875744e+02
-6.459522191914112810e+00
-3.920138584386502478e-02
1.423847038732097126e+01
-2.817198076052399580e-01
2.077187125978374738e-01
2.626915658837790102e-01
8.212969303131103516e-01
1.090000000000000000e+02
2.000000000000000000e+00
1.242463359501675342e+02
-6.527971300037294533e+00
-6.005774443062803641e-02
1.425508788432879825e+01
-2.607044823345376350e-01
2.582126445939358916e-01
3.015351393481677245e-01
7.949302196502685547e-01
1.100000000000000000e+02
2.000000000000000000e+00
1.253848350148236790e+02
-6.618082291078482449e+00
-7.898427812556277350e-02
1.427574489589631312e+01
-2.365816711866842170e-01
2.866772138175877060e-01
3.263822783235528213e-01
7.882282733917236328e-01
1.110000000000000000e+02
2.000000000000000000e+00
1.265234818251670674e+02
-6.727524833008440730e+00
-9.582196523922677234e-02
1.429867907300172014e+01
-2.104710889207999924e-01
2.947332597214247230e-01
3.394262538666599216e-01
7.978603839874267578e-01
1.120000000000000000e+02
2.000000000000000000e+00
1.276622760262634557e+02
-6.853861659560280373e+00
-1.104873243281441486e-01
1.432225773377943412e+01
-1.833169886114671965e-01
2.851494934539733350e-01
3.427782596229757006e-01
7.941825389862060547e-01
1.130000000000000000e+02
2.000000000000000000e+00
1.288012172640312656e+02
-6.994614683470472549e+00
-1.229589025554744808e-01
1.434506969325575199e+01
-1.558947278416291382e-01
2.613391623325078683e-01
3.383745317397674479e-01
8.179168701171875000e-01
1.140000000000000000e+02
2.000000000000000000e+00
1.299403051852395379e+02
-7.147320167520861744e+00
-1.332648837796703012e-01
1.436597682624235084e+01
-1.288247653024477413e-01
2.269512954729879795e-01
3.279224575366633254e-01
8.014636039733886719e-01
1.150000000000000000e+02
2.000000000000000000e+00
1.310795394375059004e+02
-7.309574016127510454e+00
-1.414721612756314750e-01
1.438413292988018988e+01
-1.025909686995146730e-01
1.855607180821561286e-01
3.128809430753874965e-01
8.003461360931396484e-01
1.160000000000000000e+02
2.000000000000000000e+00
1.322189196692945359e+02
-7.479068204396089214e+00
-1.476770007359101688e-01
1.439897778732676059e+01
-7.756049325348367274e-02
1.404502024115350522e-01
2.944662517046772177e-01
8.009269237518310547e-01
1.170000000000000000e+02
2.000000000000000000e+00
1.333584455299140643e+02
-7.653619311248718304e+00
-1.519972561852789283e-01
1.441021380351968340e+01
-5.400319311710949366e-02
6.235449095011169618e-02
4.530840585998839321e-01
8.009185791015625000e-01
1.180000000000000000e+02
8.600000000000000000e+01
1.344981166695156674e+02
-7.829849942191551726e+00
-1.534177736596084307e-01
1.441520216279569055e+01
-1.775646842911877965e-02
-1.259520165876271136e-01
1.072311595041535393e+00
8.026292324066162109e-01
1.190000000000000000e+02
8.600000000000000000e+01
1.356379327390909566e+02
-7.999756741038299701e+00
-1.479754969256721064e-01
1.440512600146868039e+01
6.802845917420405342e-02
-2.537440132341473031e-01
8.220611745616764887e-01
8.090832233428955078e-01
1.200000000000000000e+02
2.000000000000000000e+00
1.367778933904699272e+02
-8.157231830132587902e+00
-1.372720286745410523e-01
1.438482648040994860e+01
1.337933531391381770e-01
-2.223363810152090281e-01
-6.922857294028653130e-02
8.075258731842041016e-01
1.210000000000000000e+02
2.000000000000000000e+00
1.379179982763190537e+02
-8.302822130935551215e+00
-1.270116232902278319e-01
1.436703956992873010e+01
1.282550673039152545e-01
-1.709937714908571493e-01
-2.355974655608586710e-01
8.042340278625488281e-01
1.220000000000000000e+02
2.000000000000000000e+00
1.390582470501391867e+02
-8.438299004928017766e+00
-1.182590416855041071e-01
1.435336006820946153e+01
1.094072700590465602e-01
-1.323245418363150350e-01
-1.941974627231989325e-01
8.007206916809082031e-01
1.230000000000000000e+02
2.000000000000000000e+00
1.401986393662636203e+02
-8.565115593244735592e+00
-1.107493238422088550e-01
1.434277410486255633e+01
9.387147304119064506e-02
-1.031368735320503660e-01
-1.584511508640286392e-01
8.037288188934326172e-01
1.240000000000000000e+02
2.000000000000000000e+00
1.413391748798560457e+02
-8.684453300406683951e+00
-1.042536933644433866e-01
1.433452315497999230e+01
8.119538097206835392e-02
-8.105831242521954749e-02
-1.278966782615161280e-01
7.955510616302490234e-01
1.250000000000000000e+02
2.000000000000000000e+00
1.424798532469085046e+02
-8.797263138407901195e+00
-9.857660162755162159e-02
1.432803848998597651e+01
7.096364671114706313e-02
-6.432034826191479482e-02
-1.020429001822644177e-01
8.143694400787353516e-01
1.260000000000000000e+02
2.000000000000000000e+00
1.436206741242395708e+02
-8.904302334317684142e+00
-9.355258445182634830e-02
1.432289286212502333e+01
6.280021469656590916e-02
-5.159844109703382031e-02
-8.039689497592741874e-02
7.961444854736328125e-01
1.270000000000000000e+02
2.000000000000000000e+00
1.447616371694921327e+02
-9.006166587895526376e+00
-8.904310740394701107e-02
1.431876498683726240e+01
5.636846309849171538e-02
-4.189459995131983305e-02
-6.248094469070084034e-02
7.985861301422119141e-01
1.280000000000000000e+02
2.000000000000000000e+00
1.459027420411316029e+02
-9.103318348433500518e+00
-8.493350840208815922e-02
1.431541341884115681e+01
5.136998752323564815e-02
-3.445199499469975279e-02
-4.784260339097583248e-02
7.970747947692871094e-01
1.290000000000000000e+02
2.000000000000000000e+00
1.470439883984438723e+02
-9.196111462255641911e+00
-8.113010206193155271e-02
1.431265725924157906e+01
4.754257925195758128e-02
-2.869326997216870012e-02
-3.606026746958345547e-02
7.975251674652099609e-01
1.300000000000000000e+02
2.000000000000000000e+00
1.481853759015333196e+02
-9.284812524142193269e+00
-7.755748143358028035e-02
1.431036179764380556e+01
4.465775785439090456e-02
-2.417611104557071400e-02
-2.674583634082071046e-02
7.971601486206054688e-01
1.310000000000000000e+02
2.000000000000000000e+00
1.493269042113208798e+02
-9.369619247538251372e+00
-7.415603415781026053e-02
1.430842770876015990e+01
4.251809094712524772e-02
-2.549078012374916824e-02
4.128662473743775069e-02
8.010981082916259766e-01
1.320000000000000000e+02
4.200000000000000000e+01
1.504685729895420820e+02
-9.450229440772346834e+00
-7.049035248372063911e-02
1.430638844635025997e+01
4.582102092612026778e-02
-4.310399705071965570e-02
2.641978315498245133e-01
7.930846214294433594e-01
1.330000000000000000e+02
4.200000000000000000e+01
1.516103818987450609e+02
-9.524705147944859007e+00
-6.513380468771214071e-02
1.430294012658620240e+01
6.695684745010622996e-02
-5.495844937821736664e-02
2.511081970050621504e-01
7.946922779083251953e-01
1.340000000000000000e+02
4.200000000000000000e+01
1.527523306022885947e+02
-9.591207518259579956e+00
-5.817016443087124483e-02
1.429854345063594678e+01
8.704550321051120199e-02
-5.658081342381215961e-02
1.773378166361656016e-01
8.229134082794189453e-01
1.350000000000000000e+02
4.200000000000000000e+01
1.538944187643402302e+02
-9.648441496245988347e+00
-5.007156214755888873e-02
1.429401698556204181e+01
1.012325285414044512e-01
-5.030557814627023561e-02
1.141461416223067959e-01
7.999420166015625000e-01
1.360000000000000000e+02
4.200000000000000000e+01
1.550366460498743209e+02
-9.695576446464610143e+00
-4.124242455786376882e-02
1.428999253931034019e+01
1.103642198711889955e-01
-3.863233848326874664e-02
6.056203130652328820e-02
7.961194515228271484e-01
1.370000000000000000e+02
4.200000000000000000e+01
1.561790121246699812e+02
-9.732174021098957795e+00
-3.202568996780690014e-02
1.428690195223167869e+01
1.152091823757108585e-01
-2.390355665857768486e-02
1.570577944463233400e-02
7.954123020172119141e-01
1.380000000000000000e+02
4.200000000000000000e+01
1.573215166553092956e+02
-9.758122975389037279e+00
-2.270843838930438480e-02
1.428498966769899248e+01
1.164656447312814452e-01
-8.120183028892391519e-03
-2.124290670684602506e-02
7.946982383728027344e-01
1.390000000000000000e+02
4.200000000000000000e+01
1.584641593091752441e+02
-9.773580606995531994e+00
-1.352714141372568339e-02
1.428434005305668109e+01
1.147662121947337632e-01
7.143241956364398959e-03
-5.106530285363553717e-02
7.969577312469482422e-01
1.400000000000000000e+02
4.200000000000000000e+01
1.596069397544499964e+02
-9.778920473049863560e+00
-4.672662376410249493e-03
1.428491151241319024e+01
1.106809879664429203e-01
2.075450800491651648e-02
-7.451347627976979970e-02
7.996642589569091797e-01
1.410000000000000000e+02
4.200000000000000000e+01
1.607498576601127525e+02
-9.774686022367177429e+00
3.704930412714657964e-03
1.428657187305358356e+01
1.047199098640613363e-01
3.199467441206138574e-02
-9.231216440391196154e-02
7.877106666564941406e-01
1.420000000000000000e+02
4.200000000000000000e+01
1.618929126959380085e+02
-9.761549769574083157e+00
1.149172534965452880e-02
1.428913144700654847e+01
9.733493671174837936e-02
4.050252047491653684e-02
-1.051557254145936704e-01
7.816200256347656250e-01
1.430000000000000000e+02
4.200000000000000000e+01
1.630361045324935105e+02
-9.740277632212748671e+00
1.860552364394100003e-02
1.429237164864454002e+01
8.892247867858088517e-02
4.620631555791732126e-02
-1.137028068371685047e-01
8.006160259246826172e-01
1.440000000000000000e+02
4.200000000000000000e+01
1.641794328411384924e+02
-9.711698050705530605e+00
2.499162397446959283e-02
1.429606815388917518e+01
7.982625413160740480e-02
4.925277292571195176e-02
-1.185707138295655494e-01
7.963149547576904297e-01
1.450000000000000000e+02
4.200000000000000000e+01
1.653228972940216011e+02
-9.676675513881903612e+00
3.061887173648896593e-02
1.430000837572323213e+01
7.034059702524216029e-02
4.993980946828013856e-02
-1.203307409708008618e-01
7.948081493377685547e-01
1.460000000000000000e+02
4.200000000000000000e+01
1.664664975640791056e+02
-9.636088119075550296e+00
3.547600275629521349e-02
1.430400356048069455e+01
6.071413774757809106e-02
4.865715247026614065e-02
-1.195051044774087107e-01
8.193902969360351562e-01
1.470000000000000000e+02
4.200000000000000000e+01
1.676102333250330503e+02
-9.590808805105790924e+00
3.956830110744604528e-02
1.430789613267831584e+01
5.115372938938539393e-02
4.583686284962418256e-02
-1.165656397953914736e-01
8.354780673980712891e-01
1.480000000000000000e+02
4.200000000000000000e+01
1.687541042513892364e+02
-9.541689908297598777e+00
4.291457936390637162e-02
1.431156308170628577e+01
4.182847820575407577e-02
3.875016453349644507e-02
-1.728209211042288362e-01
8.479135036468505859e-01
1.490000000000000000e+02
2.000000000000000000e+00
1.698981100184354602e+02
-9.489997414737663561e+00
4.515480372529963315e-02
1.431466309486896371e+01
2.800280451741576915e-02
1.927040344182895382e-02
-3.843068003416710288e-01
8.131930828094482422e-01
1.500000000000000000e+02
2.000000000000000000e+00
1.710422503022395517e+02
-9.438550307631906833e+00
4.493546456450620008e-02
1.431620472714431003e+01
-2.741739509917913431e-03
5.728101314006472933e-03
-2.685782474210677839e-01
8.342168331146240234e-01
1.510000000000000000e+02
6.000000000000000000e+01
1.721865247796475842e+02
-9.389319338389032765e+00
4.299722462021793312e-02
1.431666297524942877e+01
-2.422799930360333698e-02
1.310703254560063868e-02
1.420452478861423118e-01
8.269035816192626953e-01
1.520000000000000000e+02
6.200000000000000000e+01
1.733309331282819130e+02
-9.341262506038745528e+00
4.196807426240097699e-02
1.431771153785307682e+01
-1.286437947271195162e-02
2.223899809974394515e-02
1.888805163934199893e-01
8.633131980895996094e-01
1.530000000000000000e+02
6.100000000000000000e+01
1.744754750265393568e+02
-9.292994044414522037e+00
4.214775920950190879e-02
1.431949065770105634e+01
2.246061838761647528e-03
2.887518196343918930e-02
1.362620037951157437e-01
8.473584651947021484e-01
1.540000000000000000e+02
6.100000000000000000e+01
1.756201501535893215e+02
-9.243513843456307555e+00
4.319952098089158143e-02
1.432180067225813325e+01
1.314702214237090799e-02
3.529106534343462442e-02
1.223863657781782965e-01
8.333458900451660156e-01
1.550000000000000000e+02
7.800000000000000000e+01
1.767649581893719528e+02
-9.191923040428195080e+00
4.503455549326159518e-02
1.432462395748560802e+01
2.293793140462517186e-02
4.475215927128850524e-02
1.637500266402351912e-01
8.107109069824218750e-01
1.560000000000000000e+02
6.100000000000000000e+01
1.779098988145963460e+02
-9.137018216099736634e+00
4.791759017612911425e-02
1.432820413022731110e+01
3.603793353584398840e-02
4.714405257473242017e-02
1.611613259586445676e-02
8.599512577056884766e-01
1.570000000000000000e+02
6.000000000000000000e+01
1.790549717107385277e+02
-9.078679293073381729e+00
5.090376810761016585e-02
1.433197565443328969e+01
3.732722414351314494e-02
4.078803261837737892e-02
-1.289885346013070200e-01
8.209331035614013672e-01
1.580000000000000000e+02
2.000000000000000000e+00
1.802001765600398642e+02
-9.017852559277018898e+00
5.306441941764285242e-02
1.433523869704275988e+01
2.700814137540858209e-02
1.273097192322492077e-02
-4.677520636412336730e-01
8.342154026031494141e-01
1.590000000000000000e+02
2.000000000000000000e+00
1.813455130455049584e+02
-8.957975504684513979e+00
5.223145752037164358e-02
1.433625717479661787e+01
-1.041202371589011050e-02
-1.305545181002898403e-02
-4.509850626282444486e-01
8.384745121002197266e-01
1.600000000000000000e+02
2.000000000000000000e+00
1.824909808509000015e+02
-8.902362717640007972e+00
4.851219122227967001e-02
1.433521273865181378e+01
-4.649082872614966611e-02
-2.778621149464033380e-02
-3.423330070780463696e-01
8.521890640258789062e-01
1.610000000000000000e+02
2.000000000000000000e+00
1.836365796607508969e+02
-8.853528377174615827e+00
4.260199367888820032e-02
1.433298984173224255e+01
-7.387746929239337457e-02
-3.180125764894459195e-02
-2.486323053121647919e-01
8.387291431427001953e-01
1.620000000000000000e+02
2.000000000000000000e+00
1.847823091603413843e+02
-8.813296118240135257e+00
3.510054938149887588e-02
1.433044574112032699e+01
-9.376805371736655903e-02
-2.698082938092927208e-02
-1.683999363137551608e-01
8.040251731872558594e-01
1.630000000000000000e+02
2.000000000000000000e+00
1.859281690357112780e+02
-8.782899245397448595e+00
2.652134549170151803e-02
1.432828727476985264e+01
-1.072400486224669713e-01
-1.586429027025104688e-02
-1.003383451134355620e-01
8.264467716217041016e-01
1.640000000000000000e+02
2.000000000000000000e+00
1.870741589736546473e+02
-8.763071668654234259e+00
1.729997619317817301e-02
1.432701813154823256e+01
-1.152671162315418163e-01
6.803667922383738187e-05
7.850152248656104559e-02
8.783023357391357422e-01
1.650000000000000000e+02
6.900000000000000000e+01
1.882202786617179697e+02
-8.753236555140906816e+00
8.581016638568817953e-03
1.432702357448257047e+01
-1.089869944326169321e-01
1.469736490502526749e-02
5.606541970601474079e-01
8.972892761230468750e-01
1.660000000000000000e+02
6.700000000000000000e+01
1.893665277881982831e+02
-8.749281700339523127e+00
3.450243945144406722e-03
1.432819936367497249e+01
-6.413465866780514169e-02
1.944268222675571423e-02
5.636674512104663526e-01
8.715164661407470703e-01
1.670000000000000000e+02
6.900000000000000000e+01
1.905129060421414806e+02
-8.747072692123031956e+00
1.926942939466980403e-03
1.432975477825311295e+01
-1.904126257096782834e-02
2.083903234382233904e-02
4.703420517102978038e-01
8.203687667846679688e-01
1.680000000000000000e+02
7.800000000000000000e+01
1.916594131133405483e+02
-8.743158695462533103e+00
3.413831064735460032e-03
1.433142190084061873e+01
1.858610156585599471e-02
2.465702357221655205e-02
4.720193654345725132e-01
8.273844718933105469e-01
1.690000000000000000e+02
8.000000000000000000e+01
1.928060486923335759e+02
-8.734075267603797599e+00
7.921643128785203769e-03
1.433339446272639606e+01
5.634765080062179715e-02
3.405237520011095143e-02
3.714017989366176775e-01
8.534748554229736328e-01
1.700000000000000000e+02
8.200000000000000000e+01
1.939528124704021366e+02
-8.717094552860990220e+00
1.480642670602930200e-02
1.433611865274240493e+01
8.605979471555122440e-02
4.908686596538647251e-02
2.548231986287913808e-01
8.589606285095214844e-01
1.710000000000000000e+02
8.400000000000000000e+01
1.950997041395694680e+02
-8.690341804407983872e+00
2.332207875449766529e-02
1.434004560201963585e+01
1.064456506058545360e-01
6.787127381269186799e-02
1.565333831947348098e-01
8.354005813598632812e-01
1.720000000000000000e+02
8.300000000000000000e+01
1.962467233925985965e+02
-8.652660668122340581e+00
3.283954445541233114e-02
1.434547530392465120e+01
1.189683212614333213e-01
8.777168415836644755e-02
7.473015569534352531e-02
8.560781478881835938e-01
1.730000000000000000e+02
8.300000000000000000e+01
1.973938699229907172e+02
-8.603492245581147557e+00
4.283528315277719545e-02
1.435249703865732052e+01
1.249467337170608039e-01
1.062035134403727099e-01
7.743539983883634958e-03
8.371605873107910156e-01
1.740000000000000000e+02
8.100000000000000000e+01
1.985411434249833178e+02
-8.542767143244363481e+00
5.288058050603891558e-02
1.436099331973255033e+01
1.255662169157714947e-01
1.210686369001123808e-01
-4.600507582488196773e-02
8.423104286193847656e-01
1.750000000000000000e+02
7.800000000000000000e+01
1.996885435935483883e+02
-8.470809698543067867e+00
6.263144537402139111e-02
1.437067881068455932e+01
1.218858108497809373e-01
1.309449976804932803e-01
-8.802607910384820100e-02
8.321137428283691406e-01
1.760000000000000000e+02
7.700000000000000000e+01
2.008360701243907158e+02
-8.388253566389801463e+00
7.181894333573923817e-02
1.438115441049899879e+01
1.148437245214730812e-01
1.351132095914753251e-01
-1.197662635459591507e-01
8.113532066345214844e-01
1.770000000000000000e+02
7.100000000000000000e+01
2.019837227139460936e+02
-8.295967850686574607e+00
8.023993721076294605e-02
1.439196346726631681e+01
1.052624234377963486e-01
1.334842280164449946e-01
-1.426007456404211338e-01
8.104529380798339844e-01
1.780000000000000000e+02
6.900000000000000000e+01
2.031315010593796444e+02
-8.194992973845911521e+00
8.774828631368795928e-02
1.440264220550763063e+01
9.385436378656265843e-02
1.264751787028117747e-01
-1.578192214766061530e-01
8.051364421844482422e-01
1.790000000000000000e+02
6.500000000000000000e+01
2.042794048585839448e+02
-8.086485492283024712e+00
9.424659239916269304e-02
1.441276021980385558e+01
8.122882606843416509e-02
1.148664260093301692e-01
-1.666123096574918527e-01
8.128366470336914062e-01
1.800000000000000000e+02
6.400000000000000000e+01
2.054274338101773481e+02
-7.971671086418590235e+00
9.967857970282947844e-02
1.442194953388460199e+01
6.789984129583481742e-02
8.162648354124169003e-02
-3.204174530896386486e-01
8.096013069152832031e-01
1.810000000000000000e+02
2.000000000000000000e+00
2.065755876135021651e+02
-7.852921751885804547e+00
1.030598953067225765e-01
1.442847965256790133e+01
4.226644504866372554e-02
-1.919905355505235889e-02
-8.563995628509190050e-01
8.153839111328125000e-01
1.820000000000000000e+02
2.000000000000000000e+00
2.077238659686231017e+02
-7.736595773141885068e+00
1.009602537083697932e-01
1.442694372828349714e+01
-2.624551997940979126e-02
-1.086889090571085958e-01
-8.100018323174303925e-01
8.153684139251708984e-01
1.830000000000000000e+02
2.000000000000000000e+00
2.088722685763252969e+02
-7.628701534559713338e+00
9.367660038318545435e-02
1.441824861555892845e+01
-9.104566656480422848e-02
-1.590862628836564596e-01
-6.156853836255345991e-01
8.114035129547119141e-01
1.840000000000000000e+02
2.000000000000000000e+00
2.100207951381127600e+02
-7.533787392187600851e+00
8.245256060279769483e-02
1.440552171452823593e+01
-1.403004972548470008e-01
-1.722425613617684093e-01
-4.480910026690612669e-01
8.236429691314697266e-01
1.850000000000000000e+02
2.000000000000000000e+00
2.111694453562066371e+02
-7.455142269043188996e+00
6.836073840532794210e-02
1.439174230961929446e+01
-1.761477774683719022e-01
-1.549125240166038253e-01
-3.038550990957643028e-01
8.212859630584716797e-01
1.860000000000000000e+02
2.000000000000000000e+00
2.123182189335433350e+02
-7.394978644693192216e+00
5.232424357364529738e-02
1.437934930769796438e+01
-2.004561853960330486e-01
-1.159233105441748179e-01
-1.805343747646487307e-01
8.169405460357666016e-01
1.870000000000000000e+02
2.000000000000000000e+00
2.134671155737729578e+02
-7.354598615441301668e+00
3.513232874346890189e-02
1.437007544285443039e+01
-2.148989353772049471e-01
-6.431623286988763510e-02
-7.629830946611036724e-02
8.218109607696533203e-01
1.880000000000000000e+02
2.000000000000000000e+00
2.146161349812575168e+02
-7.334543772286255425e+00
1.745210473270939963e-02
1.436493014422483938e+01
-2.210028001344937765e-01
-8.205732024713086048e-03
1.036288725222711538e-02
8.240377902984619141e-01
1.890000000000000000e+02
2.000000000000000000e+00
2.157652768610693101e+02
-7.334729699766358912e+00
-1.617967996358493643e-04
1.436427368566286233e+01
-2.201737691543156072e-01
4.583384235781196026e-02
8.085331518339101964e-02
8.164544105529785156e-01
1.900000000000000000e+02
2.000000000000000000e+00
2.169145409189890756e+02
-7.354565940811201408e+00
-1.725823711480739542e-02
1.436794039305148729e+01
-2.137055039396443257e-01
9.300145471904386341e-02
1.365956864944683213e-01
8.230063915252685547e-01
1.910000000000000000e+02
2.000000000000000000e+00
2.180639268615043989e+02
-7.393062301804672387e+00
-3.348046503641434468e-02
1.437538050942901080e+01
-2.027778490200868589e-01
1.302418876223176980e-01
1.790767778950035083e-01
8.079769611358642578e-01
1.920000000000000000e+02
2.000000000000000000e+00
2.192134343958079512e+02
-7.448922389316359194e+00
-4.855660157949327066e-02
1.438579986043879622e+01
-1.884517067884865782e-01
1.560540669738985642e-01
2.098372190225870904e-01
8.100552558898925781e-01
1.930000000000000000e+02
2.000000000000000000e+00
2.203630632297958982e+02
-7.520625276505651158e+00
-6.228977992082763981e-02
1.439828418579670810e+01
-1.716647292666796110e-01
1.702112296091184973e-01
2.304305009653721814e-01
8.223679065704345703e-01
1.940000000000000000e+02
2.000000000000000000e+00
2.215128130720660238e+02
-7.606496194180627057e+00
-7.454820305598362784e-02
1.441190108416543758e+01
-1.532302891894498365e-01
1.734497669739765158e-01
2.423720174496324375e-01
8.137810230255126953e-01
1.950000000000000000e+02
2.000000000000000000e+00
2.226626836319162237e+02
-7.704767130029114064e+00
-8.525544527946196660e-02
1.442577706552335570e+01
-1.338405277934792414e-01
1.671661754002684575e-01
2.470923950832110694e-01
8.132224082946777344e-01
1.960000000000000000e+02
2.000000000000000000e+00
2.238126746193427721e+02
-7.813628200734580531e+00
-9.438129617440775554e-02
1.443915035955537896e+01
-1.140731361868223548e-01
1.531466994659336223e-01
2.459027593931685796e-01
8.171246051788330078e-01
1.970000000000000000e+02
2.000000000000000000e+00
2.249627857450385875e+02
-7.931270636608309665e+00
-1.019333694092372650e-01
1.445140209551265364e+01
-9.440091543536886787e-02
1.333424822405948618e-01
2.399743154339736562e-01
8.243780136108398438e-01
1.980000000000000000e+02
2.000000000000000000e+00
2.261130167203916130e+02
-8.055922188026118036e+00
-1.079496070252893430e-01
1.446206949409190123e+01
-7.520297020065097593e-02
1.096944129486132624e-01
2.303311721081093000e-01
8.230659961700439453e-01
1.990000000000000000e+02
2.000000000000000000e+00
2.272633672574831678e+02
-8.185875728309797594e+00
-1.124917251398495216e-01
1.447084504712779029e+01
-5.677647643200223193e-02
8.400608805776421661e-02
2.178535689518752427e-01
8.297429084777832031e-01
2.000000000000000000e+02
2.000000000000000000e+00
2.284138370690861848e+02
-8.319511789633688537e+00
-1.156395804131176985e-01
1.447756553417241321e+01
-3.934819091585221168e-02
5.785985636432844359e-02
2.032881434835503709e-01
8.248991966247558594e-01
2.010000000000000000e+02
2.000000000000000000e+00
2.295644258686636761e+02
-8.455315727891205668e+00
-1.174863915680911530e-01
1.448219432268155948e+01
-2.308513943716818118e-02
1.616941428512763679e-02
3.069015163194017681e-01
8.437678813934326172e-01
2.020000000000000000e+02
8.000000000000000000e+01
2.307151333703669422e+02
-8.590996751761153405e+00
-1.173690330186204361e-01
1.448348787582436970e+01
1.466981868383961107e-03
-7.987943446936540681e-02
7.177357449938449596e-01
8.284032344818115234e-01
2.030000000000000000e+02
8.100000000000000000e+01
2.318659592890340377e+02
-8.721197987487631309e+00
-1.126581657011891113e-01
1.447709752106682046e+01
5.888584146789156010e-02
-1.579288344449425452e-01
6.679123396203275886e-01
8.391101360321044922e-01
2.040000000000000000e+02
8.200000000000000000e+01
2.330169033401880654e+02
-8.840948753720653031e+00
-1.036726594101876897e-01
1.446446321431122506e+01
1.123188286375177702e-01
-1.972517786268168649e-01
5.018375519872765311e-01
8.580462932586669922e-01
2.050000000000000000e+02
8.200000000000000000e+01
2.341679652400355280e+02
-8.946537270236817108e+00
-9.147539278646769911e-02
1.444868307202107971e+01
1.524658327964998894e-01
-2.050891016093014940e-01
3.884732126656461615e-01
8.440964221954345703e-01
2.060000000000000000e+02
1.010000000000000000e+02
2.353191447054647369e+02
-9.035112703999811146e+00
-7.679189760168757262e-02
1.443227594389233559e+01
1.835436898097515812e-01
-1.920554135861340939e-01
3.730077933429856163e-01
8.429410457611083984e-01
2.070000000000000000e+02
1.020000000000000000e+02
2.364704414540440212e+02
-9.103951332525468843e+00
-5.972115253951233715e-02
1.441691151080544486e+01
2.133843132771904294e-01
-1.517524359509137000e-01
2.594835513227464197e-01
8.483941555023193359e-01
2.080000000000000000e+02
1.020000000000000000e+02
2.376218552040203065e+02
-9.151173901457775983e+00
-4.098971274887152488e-02
1.440477131592937177e+01
2.341429973830101430e-01
-9.249982757104646680e-02
1.626966513096992362e-01
8.518922328948974609e-01
2.090000000000000000e+02
1.210000000000000000e+02
2.387733856743173533e+02
-9.175609606799344675e+00
-2.121701438984863880e-02
1.439737132972368805e+01
2.471587294877860830e-01
-2.229807205103018219e-02
1.644186193475092317e-01
8.766334056854248047e-01
2.100000000000000000e+02
1.210000000000000000e+02
2.399250325845341365e+02
-9.176061094869048418e+00
-3.920368670016910473e-04
1.439558748395960563e+01
2.603122190355868226e-01
5.732675839595913203e-02
6.793217973025469925e-02
8.513805866241455078e-01
2.110000000000000000e+02
1.220000000000000000e+02
2.410767956549433109e+02
-9.152022951708634224e+00
2.086770660611888401e-02
1.440017362463128237e+01
2.657467934140071986e-01
1.367506321289013727e-01
-4.111073679766985567e-02
8.606414794921875000e-01
2.120000000000000000e+02
1.220000000000000000e+02
2.422286746064894487e+02
-9.103772106262182362e+00
4.186434136373437531e-02
1.441111367520159448e+01
2.624579344701936101e-01
2.093416405929415802e-01
-9.830786541841912696e-02
8.846004009246826172e-01
2.130000000000000000e+02
1.390000000000000000e+02
2.433806691607875621e+02
-9.031988713443713124e+00
6.223180578267198393e-02
1.442786100644902980e+01
2.545933052367200800e-01
2.791460104240917062e-01
-5.871779826641977673e-02
8.627717494964599609e-01
2.140000000000000000e+02
1.390000000000000000e+02
2.445327790401213974e+02
-8.937044173743672104e+00
8.222347629270450320e-02
1.445019268728295714e+01
2.498958813754064978e-01
3.382848510182334678e-01
-1.188017599956597836e-01
8.669495582580566406e-01
2.150000000000000000e+02
1.390000000000000000e+02
2.456850039674419008e+02
-8.819742665250975833e+00
1.014548155387648004e-01
1.447725547536441582e+01
2.403917405757537151e-01
3.796461136312156981e-01
-1.927581557229766929e-01
8.682010173797607422e-01
2.160000000000000000e+02
1.370000000000000000e+02
2.468373436663655980e+02
-8.681434341862411586e+00
1.194525025881980479e-01
1.450762716445491307e+01
2.249710881179155797e-01
3.993406759640771853e-01
-2.400494368760632546e-01
8.811364173889160156e-01
2.170000000000000000e+02
1.690000000000000000e+02
2.479897828091565657e+02
-8.523830225468772781e+00
1.359138732416244888e-01
1.453957441853203925e+01
2.057671331678305182e-01
4.019049142999442381e-01
-2.462484884133381846e-01
8.840630054473876953e-01
2.180000000000000000e+02
1.720000000000000000e+02
2.491422913686170659e+02
-8.348703291718880592e+00
1.507992535692055658e-01
1.457172681167603656e+01
1.860672540947634623e-01
4.003203241232267118e-01
-2.376838819173134609e-01
8.618326187133789062e-01
2.190000000000000000e+02
1.400000000000000000e+02
2.502948842515416743e+02
-8.157771387919718009e+00
1.641634570525158376e-01
1.460375243760589470e+01
1.670525435413783844e-01
3.977284800526836861e-01
-1.994036725223812534e-01
8.645718097686767578e-01
2.200000000000000000e+02
1.380000000000000000e+02
2.514475910221177912e+02
-7.952474884682794176e+00
1.762514770316828683e-01
1.463557071601010939e+01
1.511002497395878830e-01
3.768664798194043541e-01
-2.214015087481993604e-01
8.574290275573730469e-01
2.210000000000000000e+02
1.380000000000000000e+02
2.526004114067494299e+02
-7.734441485424065732e+00
1.869225273548614230e-01
1.466572003439565997e+01
1.333881290397319341e-01
3.406649463203015316e-01
-2.500143257086993587e-01
8.605387210845947266e-01
2.220000000000000000e+02
1.370000000000000000e+02
2.537533451324978842e+02
-7.505535428250352581e+00
1.959934859935043017e-01
1.469297323010128409e+01
1.133869829830359832e-01
2.939185219821283113e-01
-2.488409105166379531e-01
8.595559597015380859e-01
2.230000000000000000e+02
1.590000000000000000e+02
2.549063770626685539e+02
-7.267633668473076014e+00
2.034718628048406974e-01
1.471648671185985435e+01
9.347971014170494697e-02
2.531482024478393100e-01
-1.876680285544957694e-01
8.768143653869628906e-01
2.240000000000000000e+02
1.590000000000000000e+02
2.560594775443155982e+02
-7.022161375914503623e+00
2.097491642334283202e-01
1.473673856805568150e+01
7.846626785734528431e-02
2.190448333680761195e-01
-1.718579288213437084e-01
8.542141914367675781e-01
2.250000000000000000e+02
1.330000000000000000e+02
2.572126612984388885e+02
-6.770423336873159670e+00
2.149265749175593432e-01
1.475426215472512759e+01
6.471763355163778764e-02
1.857433088948035049e-01
-1.646491791966551155e-01
8.558366298675537109e-01
2.260000000000000000e+02
1.260000000000000000e+02
2.583659575207447006e+02
-6.513673798534129311e+00
2.190502308548317734e-01
1.476912161943671187e+01
5.154569921590537729e-02
1.412972171775050967e-01
-1.788928403593766370e-01
8.520002365112304688e-01
2.270000000000000000e+02
1.220000000000000000e+02
2.595193659410470559e+02
-6.253290897013963345e+00
2.220289726138041930e-01
1.478042539681091228e+01
3.723427198715524578e-02
9.423182742667179923e-02
-1.721203252301678754e-01
8.575553894042968750e-01
2.280000000000000000e+02
1.310000000000000000e+02
2.606728715753150141e+02
-5.990609401240799770e+00
2.239061442913035382e-01
1.478796394300504602e+01
2.346464596874181519e-02
6.638405216641274365e-02
-9.661881609018210804e-02
8.604629039764404297e-01
2.290000000000000000e+02
1.240000000000000000e+02
2.618264597626900922e+02
-5.726381211276898142e+00
2.251649555458257179e-01
1.479327466717835904e+01
1.573514068152724599e-02
5.142125214387949228e-02
-7.317294963259719787e-02
8.739635944366455078e-01
2.300000000000000000e+02
1.230000000000000000e+02
2.629801594466645724e+02
-5.461167457561249883e+00
2.259554599226992755e-01
1.479738836734986940e+01
9.881304710919469603e-03
2.752212724914659958e-02
-7.932987261128741918e-02
8.670041561126708984e-01
2.310000000000000000e+02
1.450000000000000000e+02
2.641339557368790452e+02
-5.195587945143435249e+00
2.262382531148605935e-01
1.479959013752980113e+01
3.534914902016475513e-03
1.650827392387643755e-02
-3.187954607434314441e-02
8.727130889892578125e-01
2.320000000000000000e+02
1.370000000000000000e+02
2.652878340641262866e+02
-4.929893848361288633e+00
2.263170172121461154e-01
1.480091079944371124e+01
9.845512160690239600e-04
1.954162692934247048e-02
2.768934972449503540e-03
8.625683784484863281e-01
2.330000000000000000e+02
1.380000000000000000e+02
2.664418086248718396e+02
-4.664060345131175289e+00
2.264135024932553142e-01
1.480247412959805864e+01
1.206066013864984243e-03
1.593879046961621526e-02
-4.683864071402220330e-03
8.572964668273925781e-01
2.340000000000000000e+02
1.220000000000000000e+02
2.675958649061217898e+02
-4.398127187478547917e+00
2.264800110443075387e-01
1.480374923283562794e+01
8.313568881528066168e-04
8.108616591551154329e-03
-4.554457800545232138e-02
8.654484748840332031e-01
2.350000000000000000e+02
1.250000000000000000e+02
2.687500315594541576e+02
-4.132442030766481089e+00
2.262550342961248684e-01
1.480439792216295203e+01
-2.812209352283379094e-03
1.463295249020113431e-02
2.407024536433925721e-02
8.553342819213867188e-01
2.360000000000000000e+02
1.170000000000000000e+02
2.699043083197183819e+02
-3.866817734312549604e+00
2.261841071182739693e-01
1.480556855836216812e+01
-8.865897231362385167e-04
1.492972346828214114e-02
1.243013353392774523e-03
8.537161350250244141e-01
2.370000000000000000e+02
1.120000000000000000e+02
2.710586949224011732e+02
-3.601244703101770916e+00
2.261211352258847840e-01
1.480676293623963069e+01
-7.871486548648165549e-04
3.266019984704549017e-03
-4.268372268147711812e-02
8.537814617156982422e-01
2.380000000000000000e+02
1.040000000000000000e+02
2.722131911036244105e+02
-3.336055051829437179e+00
2.257849875083341451e-01
1.480702421783840705e+01
-4.201846469382986005e-03
-2.499045397623689269e-02
-1.040927532729944011e-01
8.527181148529052734e-01
2.390000000000000000e+02
9.200000000000000000e+01
2.733677966001441177e+02
-3.072058382326773085e+00
2.247826461698363421e-01
1.480502498152030988e+01
-1.252926673122253809e-02
-8.660216979168300355e-02
-2.299905707853168169e-01
8.396039009094238281e-01
2.400000000000000000e+02
8.400000000000000000e+01
2.745225111493485315e+02
-2.811041539320570770e+00
2.223083651783125114e-01
1.479809680793697524e+01
-3.092851239404788288e-02
-1.403921803409646785e-01
-2.086128222454543824e-01
8.557090759277343750e-01
2.410000000000000000e+02
8.900000000000000000e+01
2.756773344892569071e+02
-2.554620117760870279e+00
2.184989621244177727e-01
1.478686543350969806e+01
-4.761753817368423458e-02
-1.576675449615594360e-01
-7.827833499611958068e-02
8.505289554595947266e-01
2.420000000000000000e+02
8.200000000000000000e+01
2.768322663585178134e+02
-2.303393278344473938e+00
2.141885777265478685e-01
1.477425202991277331e+01
-5.387980497337380159e-02
-1.759810280252294135e-01
-8.756056965350793309e-02
8.547892570495605469e-01
2.430000000000000000e+02
6.900000000000000000e+01
2.779873064964077116e+02
-2.058028839049808489e+00
2.093178056828955136e-01
1.476017354767075496e+01
-6.088465054565443679e-02
-2.552295817839667080e-01
-3.451721857536567128e-01
8.434276580810546875e-01
2.440000000000000000e+02
9.000000000000000000e+00
2.791424546428293070e+02
-1.821176121657472446e+00
2.022379316504197555e-01
1.473975518112803762e+01
-8.849842540594697604e-02
-4.433427318082383550e-01
-8.637207557194012120e-01
9.101343154907226562e-01
2.450000000000000000e+02
1.200000000000000000e+01
2.802977105383101843e+02
-1.599440425325610260e+00
1.896302447813398295e-01
1.470428776258337855e+01
-1.575960858634990747e-01
-5.768653741746065933e-01
-7.967950386643166683e-01
9.028942584991455078e-01
2.460000000000000000e+02
1.500000000000000000e+01
2.814530739240013304e+02
-1.398826346668909482e+00
1.719230696648082757e-01
1.465813853264941002e+01
-2.213396889566444092e-01
-6.218532449096647596e-01
-5.893315399234162477e-01
9.215779304504394531e-01
2.470000000000000000e+02
1.700000000000000000e+01
2.826085445416755420e+02
-1.223669056043697356e+00
1.504441726927668588e-01
1.460839027305663684e+01
-2.684862121505177113e-01
-5.992286775315935898e-01
-4.373780679026509355e-01
9.077246189117431641e-01
2.480000000000000000e+02
1.000000000000000000e+01
2.837641221337260049e+02
-1.077095850943447619e+00
1.261660560861484759e-01
1.456045197885410936e+01
-3.034764575827297861e-01
-5.338504860877391067e-01
-3.856134335806081226e-01
8.666257858276367188e-01
2.490000000000000000e+02
1.400000000000000000e+01
2.849198064431646458e+02
-9.618176344469241412e-01
9.942001350461419917e-02
1.451774393996709023e+01
-3.343255322691784381e-01
-4.216325437722767688e-01
-2.407314600532145521e-01
8.557555675506591797e-01
2.500000000000000000e+02
1.400000000000000000e+01
2.860755972136208243e+02
-8.794634855161956866e-01
7.113328957873935043e-02
1.448401333646530809e+01
-3.535840490734356023e-01
-2.795624828667575557e-01
-8.539346978733430849e-02
8.793747425079345703e-01
2.510000000000000000e+02
1.800000000000000000e+01
2.872314941893397986e+02
-8.305398055030843718e-01
4.230004744622556379e-02
1.446164833783596748e+01
-3.604155266564223470e-01
-1.280458493929659269e-01
4.582841786115454674e-02
8.633975982666015625e-01
2.520000000000000000e+02
2.000000000000000000e+01
2.883874971151812474e+02
-8.146320773284979611e-01
1.376010718802316360e-02
1.445140466988452843e+01
-3.567492532275299832e-01
1.661006742110782142e-02
1.534594230188611463e-01
8.559768199920654297e-01
2.530000000000000000e+02
2.000000000000000000e+01
2.895436057366177920e+02
-8.305847212356632925e-01
-1.379769276285852317e-02
1.445273347527821883e+01
-3.444724993860210915e-01
1.426700275900749659e-01
2.384573197259459709e-01
8.696904182434082031e-01
2.540000000000000000e+02
2.500000000000000000e+01
2.906998197997334614e+02
-8.766603612202346074e-01
-3.982936586749415836e-02
1.446414707748542483e+01
-3.253959138079454139e-01
2.450716128274299521e-01
2.723240163625018084e-01
8.751108646392822266e-01
2.550000000000000000e+02
2.100000000000000000e+01
2.918561390512222715e+02
-9.509031988627337784e-01
-6.411816526740977962e-02
1.448375280651161923e+01
-3.036099924989452692e-01
3.312956550392875954e-01
2.105860763475207731e-01
8.633453845977783203e-01
2.560000000000000000e+02
2.200000000000000000e+01
2.930125632383868037e+02
-1.051835707813554066e+00
-8.705921377870126654e-02
1.451025645891476223e+01
-2.867631063911436073e-01
3.964551439212149475e-01
2.493007870178733099e-01
8.657202720642089844e-01
2.570000000000000000e+02
2.500000000000000000e+01
2.941690921091366704e+02
-1.177702347132370653e+00
-1.084047372530783648e-01
1.454197287042845943e+01
-2.668190434297137426e-01
4.355116272569681257e-01
3.031248587151428309e-01
8.657546043395996094e-01
2.580000000000000000e+02
2.500000000000000000e+01
2.953257254119871504e+02
-1.326342201929100240e+00
-1.278102616316785511e-01
1.457681380060901688e+01
-2.425690547325023150e-01
4.478507592869718223e-01
3.278660390328147489e-01
8.689479827880859375e-01
2.590000000000000000e+02
6.000000000000000000e+00
2.964824492000417990e+02
-1.495391342786353439e+00
-1.451174433604687231e-01
1.461264186135197463e+01
-2.163397716098771351e-01
4.427462757973898988e-01
3.033609322762801930e-01
8.660736083984375000e-01
2.600000000000000000e+02
6.000000000000000000e+00
2.976392361511822173e+02
-1.682646457779810589e+00
-1.604831151226907004e-01
1.464806156341576582e+01
-1.920708970277747174e-01
4.310966895491041839e-01
2.858550306197384927e-01
8.676943778991699219e-01
2.610000000000000000e+02
1.700000000000000000e+01
2.987960998292850832e+02
-1.886020141622475554e+00
-1.740193146889463527e-01
1.468254929857969593e+01
-1.692024945781956391e-01
4.146237770959348978e-01
2.540523140913797384e-01
8.799240589141845703e-01
2.620000000000000000e+02
1.700000000000000000e+01
2.999530671351699880e+02
-2.103648171349788321e+00
-1.859295794450171735e-01
1.471571920074737072e+01
-1.488783094508852600e-01
3.795800244437375071e-01
2.676321656704162000e-01
8.645708560943603516e-01
2.630000000000000000e+02
2.000000000000000000e+01
3.011101378198885641e+02
-2.333536166728466199e+00
-1.961269983407973316e-01
1.474608560270286972e+01
-1.274677361972519629e-01
3.301293508449321124e-01
2.848813940318484783e-01
8.816063404083251953e-01
2.640000000000000000e+02
2.200000000000000000e+01
3.022673116350904934e+02
-2.573534574536521458e+00
-2.045011763147736583e-01
1.477249595077046429e+01
-1.046772246747040835e-01
2.698245488997885744e-01
2.920389227469401550e-01
8.670959472656250000e-01
2.650000000000000000e+02
2.800000000000000000e+01
3.034245883330220863e+02
-2.821417100128560396e+00
-2.110063051831695680e-01
1.479408191468244915e+01
-8.131411085494887059e-02
2.099267316551856055e-01
2.623820442958701427e-01
8.664271831512451172e-01
2.660000000000000000e+02
1.800000000000000000e+01
3.045819676665248608e+02
-3.075169331543994744e+00
-2.158321889680719086e-01
1.481087605321486222e+01
-6.032354731127925751e-02
1.741127460778590930e-01
1.527052229344412482e-01
8.687603473663330078e-01
2.670000000000000000e+02
1.700000000000000000e+01
3.057394493890340073e+02
-3.333616759339568247e+00
-2.196807593261938252e-01
1.482480507290109273e+01
-4.810712947652395766e-02
1.369439268143368693e-01
1.492199455013732967e-01
8.663229942321777344e-01
2.680000000000000000e+02
2.200000000000000000e+01
3.068970332545771953e+02
-3.595605813098460501e+00
-2.225743220331069527e-01
1.483576058704623968e+01
-3.616953383641409447e-02
9.256805713933058399e-02
1.695490147175229556e-01
8.662776947021484375e-01
2.690000000000000000e+02
2.800000000000000000e+01
3.080547190177727543e+02
-3.859819688366473933e+00
-2.243827710458279334e-01
1.484316603161738612e+01
-2.260561265901225858e-02
5.159972392352329962e-02
1.525589754462894077e-01
8.916501998901367188e-01
2.700000000000000000e+02
1.400000000000000000e+01
3.092125064338287643e+02
-4.125070496880437254e+00
-2.252148426156926619e-01
1.484729400953126799e+01
-1.040089462330910652e-02
3.674388605980904998e-02
5.481458990632716299e-02
8.928086757659912109e-01
2.710000000000000000e+02
1.700000000000000000e+01
3.103703952585412367e+02
-4.390931094780269106e+00
-2.256961008101568966e-01
1.485023352041605271e+01
-6.015727430802933484e-03
1.989844809269225578e-02
6.170945285328532232e-02
8.889100551605224609e-01
2.720000000000000000e+02
1.900000000000000000e+01
3.115283852482929206e+02
-4.656920147716499869e+00
-2.257824185063601052e-01
1.485182539626346632e+01
-1.078971202540107699e-03
2.656190197969365840e-03
6.307268499443265120e-02
8.879256248474121094e-01
2.730000000000000000e+02
0.000000000000000000e+00
3.126864761600517113e+02
-4.922545502480102364e+00
-2.254650710185989448e-01
1.485203789147930387e+01
3.966843597014504952e-03
7.686443496912609419e-03
-1.855497201374081695e-02
8.748030662536621094e-01
2.740000000000000000e+02
1.000000000000000000e+00
3.138446677513694567e+02
-5.187951848272565947e+00
-2.252664753517257257e-01
1.485265280695905687e+01
2.482445835915239596e-03
7.003994134557878226e-03
2.390479136578187169e-03
8.739726543426513672e-01
2.750000000000000000e+02
2.000000000000000000e+00
3.150029597803803654e+02
-5.453120460079735388e+00
-2.250525806183784061e-01
1.485321312648982151e+01
2.673684166841494569e-03
-5.159535498044931501e-03
4.467376486988906131e-02
8.823332786560058594e-01
2.760000000000000000e+02
2.000000000000000000e+00
3.161613520057996993e+02
-5.717702763720143189e+00
-2.245527737898637965e-01
1.485280036364997791e+01
6.247585356432619474e-03
-2.571041769969806268e-02
7.602241422795599779e-02
8.606600761413574219e-01
2.770000000000000000e+02
2.000000000000000000e+00
3.173198441869224098e+02
-5.981105876918491937e+00
-2.235664235102902686e-01
1.485074353023400207e+01
1.232937849466909930e-02
-5.188807458686994778e-02
9.808794169203094437e-02
8.558635711669921875e-01
2.780000000000000000e+02
2.000000000000000000e+00
3.184784360836216024e+02
-6.242565607324332966e+00
-2.219523104038877426e-01
1.484659248426705069e+01
2.017641383003157540e-02
-8.123449422756667815e-02
1.123605449414267626e-01
8.421304225921630859e-01
2.790000000000000000e+02
2.000000000000000000e+00
3.196371274563474003e+02
-6.501208113550048573e+00
-2.196190898098600852e-01
1.484009372472884536e+01
2.916525742534571697e-02
-1.116000009959927652e-01
1.201632366103601579e-01
8.313658237457275391e-01
2.800000000000000000e+02
2.000000000000000000e+00
3.207959180661253527e+02
-6.756101373373241792e+00
-2.165168245015261228e-01
1.483116572464916594e+01
3.877831635417453016e-02
-1.411605686539862958e-01
1.226565249434763416e-01
8.058164119720458984e-01
2.810000000000000000e+02
2.000000000000000000e+00
3.219548076745550134e+02
-7.006297538934800784e+00
-2.126295574335539118e-01
1.481987287915684703e+01
4.859083834965263748e-02
-1.684322561317008748e-01
1.208497117713251690e-01
7.994680404663085938e-01
2.820000000000000000e+02
2.000000000000000000e+00
3.231137960438086907e+02
-7.250867192895984026e+00
-2.079688522102452197e-01
1.480639829866631096e+01
5.825881529135865100e-02
-1.922755135499221169e-01
1.156157645337786283e-01
7.986729145050048828e-01
2.830000000000000000e+02
2.000000000000000000e+00
3.242728829366301397e+02
-7.488926452860243721e+00
-2.025682060939203444e-01
1.479101625758231719e+01
6.750807645406094182e-02
-2.118868113279104293e-01
1.077074666363956046e-01
8.119509220123291016e-01
2.840000000000000000e+02
2.000000000000000000e+00
3.254320681163329709e+02
-7.719657804613563989e+00
-1.964782321911225371e-01
1.477406531267608614e+01
7.612467378497259074e-02
-2.267779477163500701e-01
9.777321578321139517e-02
7.932386398315429688e-01
2.850000000000000000e+02
2.000000000000000000e+00
3.265913513467994562e+02
-7.942325478514154824e+00
-1.897625097073121769e-01
1.475592307685877813e+01
8.394653104762950235e-02
-2.367450237026558213e-01
8.637142135915591712e-02
7.947509288787841797e-01
2.860000000000000000e+02
2.000000000000000000e+00
3.277507323924789944e+02
-8.156286118220309689e+00
-1.824940101268032189e-01
1.473698347496256567e+01
9.085624475636197572e-02
-2.418298448826572411e-01
7.398293669224828562e-02
7.931420803070068359e-01
2.870000000000000000e+02
2.000000000000000000e+00
3.289102110183869740e+02
-8.360995427364510846e+00
-1.747520197514638718e-01
1.471763708737195309e+01
9.677487969174183857e-02
-2.422767190166430495e-01
6.102134099347528845e-02
7.948770523071289062e-01
2.880000000000000000e+02
2.000000000000000000e+00
3.300697869901032959e+02
-8.556011418173779859e+00
-1.666194927937662829e-01
1.469825494985062164e+01
1.016565869712198616e-01
-2.384874731560460148e-01
4.784116104179954310e-02
7.970364093780517578e-01
2.890000000000000000e+02
2.000000000000000000e+00
3.312294600737710084e+02
-8.740994826745547286e+00
-1.581807824054011768e-01
1.467917595199813796e+01
1.054838798545638251e-01
-2.465439866282226333e-01
1.230229364226290839e-01
7.866373062133789062e-01
2.900000000000000000e+02
5.700000000000000000e+01
3.323892300360948298e+02
-8.915037139332552485e+00
-1.489547252239312447e-01
1.465945243306788015e+01
1.153257147683741518e-01
-3.000084020650328753e-01
4.273356502037606308e-01
7.871944904327392578e-01
2.910000000000000000e+02
5.700000000000000000e+01
3.335490966443400680e+02
-9.074933105042218173e+00
-1.369937198811572443e-01
1.463545176090267752e+01
1.495125667846750050e-01
-3.173139139123648533e-01
3.045156671800469672e-01
7.831828594207763672e-01
2.920000000000000000e+02
2.000000000000000000e+00
3.347090596663310293e+02
-9.218431158380509416e+00
-1.230838142684309439e-01
1.461006664778968833e+01
1.738738201590787624e-01
-2.712173897838177083e-01
-7.616684463754783141e-02
7.859964370727539062e-01
2.930000000000000000e+02
4.200000000000000000e+01
3.358691188704499950e+02
-9.346157253476276239e+00
-1.096613764613849490e-01
1.458836925660698292e+01
1.677804725880749359e-01
-2.438317636512143949e-01
5.507928702837144863e-02
7.865746021270751953e-01
2.940000000000000000e+02
4.200000000000000000e+01
3.370292740256354591e+02
-9.457742580321333747e+00
-9.588643121735737629e-02
1.456886271551488576e+01
1.721868155503446518e-01
-2.145668160213887177e-01
6.127650158546660286e-02
8.015604019165039062e-01
2.950000000000000000e+02
4.200000000000000000e+01
3.381895249013810485e+02
-9.552769113472027840e+00
-8.171931636318281733e-02
1.455169737023317289e+01
1.770889356771819800e-01
-1.781640102554549188e-01
6.702107898531525776e-03
7.868490219116210938e-01
2.960000000000000000e+02
4.200000000000000000e+01
3.393498712677341587e+02
-9.631222513919349026e+00
-6.750930801845765605e-02
1.453744424941273827e+01
1.776251043090645021e-01
-1.387838066785551661e-01
-3.882835726300298829e-02
7.826223373413085938e-01
2.970000000000000000e+02
4.200000000000000000e+01
3.405103128952946463e+02
-9.693421071514535470e+00
-5.354780116021571473e-02
1.452634154487845386e+01
1.745188357280242630e-01
-9.691350319520619649e-02
-1.360609443822251852e-01
7.844812870025634766e-01
2.980000000000000000e+02
2.000000000000000000e+00
3.416708495552134082e+02
-9.740398634426115976e+00
-4.045708434602001552e-02
1.451858846462283914e+01
1.636339601774462471e-01
-5.313178299788390291e-02
-3.804150729038571765e-01
7.813773155212402344e-01
2.990000000000000000e+02
2.000000000000000000e+00
3.428314810191911306e+02
-9.774996883390748792e+00
-2.980102399840900071e-02
1.451433792198300665e+01
1.332007543451376730e-01
-2.340008500185675189e-02
-3.861284255168550561e-01
7.805013656616210938e-01
3.000000000000000000e+02
2.000000000000000000e+00
3.439922070594769821e+02
-9.800091261528706355e+00
-2.161618557410585964e-02
1.451246591518285811e+01
1.023104803037892668e-01
-5.785120237522534126e-03
-3.267108505631453053e-01
7.791459560394287109e-01
3.010000000000000000e+02
2.000000000000000000e+00
3.451530274488672489e+02
-9.818111307187837866e+00
-1.552229659340684763e-02
1.451200310556385631e+01
7.617361225873764408e-02
4.187495659513373880e-03
-2.734462241861867482e-01
7.978346347808837891e-01
3.020000000000000000e+02
2.000000000000000000e+00
3.463139419607039713e+02
-9.831089088187960456e+00
-1.117846344749943120e-02
1.451233810521661738e+01
5.429791432384270533e-02
9.558424499056528134e-03
-2.260760903222187590e-01
7.837812900543212891e-01
3.030000000000000000e+02
2.000000000000000000e+00
3.474749503688737491e+02
-9.840704219196251046e+00
-8.281517279654215108e-03
1.451310277917654190e+01
3.621182709806520378e-02
1.232327232567609343e-02
-1.842492195815685907e-01
7.843828201293945312e-01
3.040000000000000000e+02
2.000000000000000000e+00
3.486360524478064349e+02
-9.848325531130520005e+00
-6.563766117131037900e-03
1.451408864096259776e+01
2.147188953153971597e-02
1.373451066395414699e-02
-1.475717637959732542e-01
7.839772701263427734e-01
3.050000000000000000e+02
2.000000000000000000e+00
3.497972479724736559e+02
-9.855049479057656825e+00
-5.790474242902089383e-03
1.451518740181571587e+01
9.666148427861856463e-03
1.414284140659471944e-02
-5.553433020424591166e-02
7.877182960510253906e-01
3.060000000000000000e+02
4.200000000000000000e+01
3.509585367183877906e+02
-9.861288681423070912e+00
-5.372602081980314657e-03
1.451631882912824345e+01
5.223402011522183634e-03
1.319446657999101546e-02
1.867452479891429096e-01
7.980403900146484375e-01
3.070000000000000000e+02
4.200000000000000000e+01
3.521199184616003777e+02
-9.865654986728968012e+00
-3.759560333928025321e-03
1.451737438645464273e+01
2.016302185065361671e-02
1.328868928480719802e-02
1.931293982158199529e-01
7.855708599090576172e-01
3.080000000000000000e+02
4.200000000000000000e+01
3.532813929787009783e+02
-9.866712498462172576e+00
-9.104904372944882911e-04
1.451843748159742731e+01
3.561337370791921308e-02
1.510635732651088858e-02
1.373622223297860656e-01
7.829124927520751953e-01
3.090000000000000000e+02
4.200000000000000000e+01
3.544429600468158696e+02
-9.863439544964778705e+00
2.817697682249679578e-03
1.451964599018354818e+01
4.660235149430209944e-02
1.830979523882447779e-02
9.007701413694903236e-02
7.842974662780761719e-01
3.100000000000000000e+02
4.200000000000000000e+01
3.556046194436067367e+02
-9.855165626921721156e+00
7.122378692270321318e-03
1.452111077380265236e+01
5.380851262525802176e-02
2.231898240578900072e-02
5.043603557804169496e-02
8.051676750183105469e-01
3.110000000000000000e+02
4.200000000000000000e+01
3.567663709472694791e+02
-9.841514592411281015e+00
1.174985032999043000e-02
1.452289629239511548e+01
5.784339547150135763e-02
2.651154081603213086e-02
1.765327371854785374e-02
7.852413654327392578e-01
3.120000000000000000e+02
4.200000000000000000e+01
3.579282143365327329e+02
-9.822353706138635232e+00
1.649030291950924487e-02
1.452501721566039805e+01
5.925565736898518593e-02
3.033956743976329307e-02
-9.009533038339522654e-03
7.848029136657714844e-01
3.130000000000000000e+02
4.200000000000000000e+01
3.590901493906567907e+02
-9.797748268455716669e+00
2.117309449758268680e-02
1.452744438105557911e+01
5.853489472591802412e-02
3.338782584998423175e-02
-3.024581791738071082e-02
7.869193553924560547e-01
3.140000000000000000e+02
4.200000000000000000e+01
3.602521758894321806e+02
-9.767921433096919515e+00
2.566231284098489246e-02
1.453011540712357785e+01
5.611522929252756725e-02
3.539231112152929626e-02
-4.670553166959681007e-02
7.801237106323242188e-01
3.150000000000000000e+02
4.200000000000000000e+01
3.614142936131784722e+02
-9.733218869856262501e+00
2.985261578170167809e-02
1.453294679201330020e+01
5.237878675895982217e-02
3.623364333273926263e-02
-5.899526054306096501e-02
7.920727729797363281e-01
3.160000000000000000e+02
4.200000000000000000e+01
3.625765023427429128e+02
-9.694077919309913582e+00
3.366534905494287383e-02
1.453584548347991934e+01
4.765916591551494497e-02
3.591600176786613474e-02
-6.767773321116263285e-02
7.794318199157714844e-01
3.170000000000000000e+02
4.200000000000000000e+01
3.637388018594992900e+02
-9.651000890756227690e+00
3.704494483563262885e-02
1.453871876362134863e+01
4.224494725862193434e-02
3.453927561383185463e-02
-7.327129143360182340e-02
7.839417457580566406e-01
3.180000000000000000e+02
4.200000000000000000e+01
3.649011919453465680e+02
-9.604532161412917546e+00
3.995560435114733216e-02
1.454148190567045518e+01
3.638324394393378791e-02
3.226969003984336837e-02
-7.624973111416115390e-02
7.896816730499267578e-01
3.190000000000000000e+02
4.200000000000000000e+01
3.660636723827077503e+02
-9.555238744196000056e+00
4.237826558753140377e-02
1.454406348087364265e+01
3.028326545480089504e-02
2.623405499380115913e-02
-1.369638598213373248e-01
7.781560420989990234e-01
3.200000000000000000e+02
2.000000000000000000e+00
3.672262429545285158e+02
-9.504140711847517409e+00
4.392435812105891652e-02
1.454616220527314674e+01
1.932615666909390933e-02
8.562230373021506580e-03
-3.499796183763930757e-01
7.934498786926269531e-01
3.210000000000000000e+02
2.000000000000000000e+00
3.683889034442757975e+02
-9.453846888259924697e+00
4.323058109697751339e-02
1.454684718370298846e+01
-8.672212801017539080e-03
-7.342154489120567007e-03
-3.303877204130034606e-01
7.892432212829589844e-01
3.220000000000000000e+02
2.000000000000000000e+00
3.695516536359369297e+02
-9.406820208743374323e+00
4.042232266225288806e-02
1.454625981134385881e+01
-3.510323043405781662e-02
-1.671156637226278718e-02
-2.513565540954404431e-01
7.854526042938232422e-01
3.230000000000000000e+02
2.000000000000000000e+00
3.707144933140181138e+02
-9.364933619620044780e+00
3.600538228131744400e-02
1.454492288603407779e+01
-5.521175476169305069e-02
-1.980011696263161980e-02
-1.831006181541846300e-01
7.887654304504394531e-01
3.240000000000000000e+02
2.000000000000000000e+00
3.718774222635431670e+02
-9.329550364816364905e+00
3.041659794419521862e-02
1.454333887667706904e+01
-6.985980421402782081e-02
-1.769176976822439684e-02
-1.246113985102980104e-01
7.904515266418457031e-01
3.250000000000000000e+02
2.000000000000000000e+00
3.730404402700524997e+02
-9.301597311697063830e+00
2.403030065660708564e-02
1.454192353509561286e+01
-7.982871609485166220e-02
-1.182519465978693063e-02
-7.497191526006553863e-02
8.037571907043457031e-01
3.260000000000000000e+02
2.000000000000000000e+00
3.742035471196015806e+02
-9.281631572018078202e+00
1.716418311135453276e-02
1.454097751952282991e+01
-8.582646931565690585e-02
-3.682936178583950948e-03
-3.333926994306228575e-02
7.919673919677734375e-01
3.270000000000000000e+02
2.000000000000000000e+00
3.753667425987599131e+02
-9.269900703587927282e+00
1.008469423846638027e-02
1.454068288462854319e+01
-8.849361091110190258e-02
5.397199969836563582e-03
1.072400640735222954e-03
7.980990409851074219e-01
3.280000000000000000e+02
2.000000000000000000e+00
3.765300264946097286e+02
-9.266396801945042228e+00
3.012068729678933285e-03
1.454111466062613012e+01
-8.840781885984308475e-02
1.432209399148121065e-02
2.900425324109598413e-02
7.974355220794677734e-01
3.290000000000000000e+02
2.000000000000000000e+00
3.776933985947446786e+02
-9.270904809445951855e+00
-3.874929558365499717e-03
1.454226042814544861e+01
-8.608747860055540602e-02
2.228113894824357288e-02
5.115957796848584482e-02
8.032100200653076172e-01
3.300000000000000000e+02
2.000000000000000000e+00
3.788568586872688684e+02
-9.283045382019750491e+00
-1.043450654741162262e-02
1.454404291926130810e+01
-8.199471236307653843e-02
2.874269466517365146e-02
6.820607747365925455e-02
7.844119071960449219e-01
3.310000000000000000e+02
2.000000000000000000e+00
3.800204065607952657e+02
-9.302312661907494729e+00
-1.655756464062632660e-02
1.454634233483452199e+01
-7.653822616518379807e-02
3.342507474961564640e-02
8.077511153619636175e-02
7.937753200531005859e-01
3.320000000000000000e+02
2.000000000000000000e+00
3.811840420044447342e+02
-9.328107308416837995e+00
-2.216366202000937327e-02
1.454901634081449302e+01
-7.007621724228808857e-02
3.625392884791800441e-02
8.945941789359236618e-02
7.796525955200195312e-01
3.330000000000000000e+02
2.000000000000000000e+00
3.823477648078447260e+02
-9.359765138533161277e+00
-2.719721912487342921e-02
1.455191665512232646e+01
-6.291946381080069928e-02
3.731454143376389254e-02
9.481051282946356684e-02
7.779760360717773438e-01
3.340000000000000000e+02
2.000000000000000000e+00
3.835115747611280881e+02
-9.396581725587964229e+00
-3.162398894762891849e-02
1.455490181843702757e+01
-5.533462278444361421e-02
3.680485699719682202e-02
9.733657747917866254e-02
7.829852104187011719e-01
3.350000000000000000e+02
2.000000000000000000e+00
3.846754716549318687e+02
-9.437833297533366306e+00
-3.542780467451766419e-02
1.455784620699680509e+01
-4.754769658610932120e-02
3.499290131219190414e-02
9.750126295465615101e-02
7.822759151458740234e-01
3.360000000000000000e+02
2.000000000000000000e+00
3.858394552803959527e+02
-9.482794267134192268e+00
-3.860761231849661052e-02
1.456064563910178045e+01
-3.974759554973682912e-02
2.932087377545133933e-02
1.555834585171200490e-01
7.776913642883300781e-01
3.370000000000000000e+02
4.000000000000000000e+01
3.870035254291621527e+02
-9.530305005863551671e+00
-4.079168582796598858e-02
1.456299130900381655e+01
-2.730091886836722576e-02
1.232265863937431760e-02
3.660261051781159569e-01
7.762854099273681641e-01
3.380000000000000000e+02
4.000000000000000000e+01
3.881676818933727304e+02
-9.577634450026293322e+00
-4.063319226429542436e-02
1.456397712169496650e+01
1.981169545882052740e-03
-3.508463741819234372e-03
3.443021118516387258e-01
7.810416221618652344e-01
3.390000000000000000e+02
4.000000000000000000e+01
3.893319244656692604e+02
-9.622213136485775919e+00
-3.827116518477437224e-02
1.456369644459562096e+01
2.952533849401315150e-02
-1.329073720452988994e-02
2.634211548930350255e-01
7.954838275909423828e-01
3.400000000000000000e+02
4.000000000000000000e+01
3.904962529391915496e+02
-9.662075796434800523e+00
-3.422324271393789585e-02
1.456263318561925679e+01
5.059903088545595479e-02
-1.700171752616608245e-02
1.935142288312816095e-01
7.813715934753417969e-01
3.410000000000000000e+02
4.000000000000000000e+01
3.916606671075762733e+02
-9.695779658041736582e+00
-2.893682917858121650e-02
1.456127304821716528e+01
6.608016919195848493e-02
-1.555612908146208895e-02
1.335544186694933022e-01
7.836067676544189453e-01
3.420000000000000000e+02
4.000000000000000000e+01
3.928251667649558954e+02
-9.722329803896828437e+00
-2.279566736373977998e-02
1.456002855789064832e+01
7.676452268551794966e-02
-1.029790346418479885e-02
8.260628972008593474e-02
7.819604873657226562e-01
3.430000000000000000e+02
4.000000000000000000e+01
3.939897517059574739e+02
-9.741111325220771278e+00
-1.612582529468979328e-02
1.455920472561351531e+01
8.337302586312482500e-02
-2.664830456966527095e-03
3.981050555744939518e-02
7.866773605346679688e-01
3.440000000000000000e+02
4.000000000000000000e+01
3.951544217257013543e+02
-9.751827984769207092e+00
-9.201195990072130737e-03
1.455899153917695976e+01
8.655786630772077661e-02
5.942938925529439587e-03
3.432971944215580662e-02
8.010401725769042969e-01
3.450000000000000000e+02
5.200000000000000000e+01
3.963191766198001460e+02
-9.754223721800455493e+00
-2.056856481024671619e-03
1.455946697429100212e+01
8.930424386309324114e-02
1.591412095014455019e-02
1.125067940674706890e-01
7.948436737060546875e-01
3.460000000000000000e+02
5.200000000000000000e+01
3.974840161843573583e+02
-9.747458809094933230e+00
5.807526510054600473e-03
1.456074010396701368e+01
9.830478738849089682e-02
2.895285962669635893e-02
1.108309927955358348e-01
8.088459968566894531e-01
3.470000000000000000e+02
6.500000000000000000e+01
3.986489402159665474e+02
-9.730704616114170591e+00
1.438122785502530046e-02
1.456305633273714939e+01
1.071712668121337642e-01
4.674572383096542438e-02
1.620664870133049773e-01
8.127696514129638672e-01
3.480000000000000000e+02
6.600000000000000000e+01
3.998139485117097252e+02
-9.702748192505701752e+00
2.399215471688115331e-02
1.456679599064362662e+01
1.201365857731981623e-01
6.783307940458893626e-02
1.079467146364639779e-01
8.276815414428710938e-01
3.490000000000000000e+02
6.500000000000000000e+01
4.009790408691563925e+02
-9.662776913500529474e+00
3.429394055241037631e-02
1.457222263699599374e+01
1.287723229441152806e-01
8.895331879754664328e-02
3.382620504065562972e-02
8.090822696685791016e-01
3.500000000000000000e+02
6.500000000000000000e+01
