1.12 10 0 14.0256 1.8037e-19 0.319827 2.25463e-18 0.2581 1 10
2.24205 10 1.44296e-20 14.0504 3.49549e-19 0.310206 2.11473e-18 0.104718 2 10
3.36608 10 4.23935e-20 14.0745 5.10599e-19 0.300896 2.01313e-18 0.105377 3 10
4.49204 10 8.32415e-20 14.0978 6.66497e-19 0.291836 1.94873e-18 0.105043 4 10
5.61986 10 1.36561e-19 14.1205 8.08617e-19 0.283086 1.7765e-18 0.10471 5 10
6.7495 10 2.01251e-19 14.1424 9.40775e-19 0.274563 1.65197e-18 0.106165 6 10
7.88089 10 2.76513e-19 14.1637 1.08519e-18 0.266325 1.8052e-18 0.105612 7 10
9.01399 10 3.63328e-19 14.1844 1.26163e-18 0.258327 2.20547e-18 0.10659 8 10
10.1487 10 4.64258e-19 14.2044 1.40764e-18 0.250554 1.82513e-18 0.101407 9 10
11.2851 10 5.7687e-19 14.2239 1.49307e-18 0.243032 1.06784e-18 0.105393 10 10
12.423 10 6.96315e-19 14.2427 1.53752e-18 0.235713 5.5563e-19 0.105028 11 10
13.5624 10 8.19316e-19 14.261 1.56228e-18 0.228643 3.09527e-19 0.105454 12 10
14.7033 10 9.44299e-19 14.2787 -0.000797138 0.221241 -0.00996423 0.104801 13 9
15.8456 9.99993 -6.3771e-05 14.2958 -0.00232748 0.213254 -0.0191293 0.104513 14 8
16.9893 9.99964 -0.00024997 14.3125 -0.00293731 0.208604 -0.00762281 0.10514 15 9
18.1343 9.99909 -0.000484954 14.3286 -0.0042894 0.201452 -0.0169012 0.106412 16 8
19.2806 9.99814 -0.000828107 14.3443 -0.0047286 0.196624 -0.00548995 0.105742 17 9
20.4281 9.99675 -0.00120639 14.3594 -0.0067145 0.188637 -0.0248238 0.104616 18 7
21.5769 9.99475 -0.00174355 14.3742 -0.00852933 0.184143 -0.0226854 0.104316 19 7
22.7268 9.99196 -0.0024259 14.3885 -0.0101811 0.179684 -0.0206467 0.10526 20 7
23.8779 9.98823 -0.00324039 14.4025 -0.0124718 0.173986 -0.0286341 0.105516 21 6
25.0301 9.98335 -0.00423813 14.4161 -0.0129598 0.170994 -0.0061 0.105024 22 8
26.1833 9.97726 -0.00527491 14.4294 -0.0149659 0.166261 -0.0250757 0.104411 23 6
27.3377 9.96979 -0.00647218 14.4425 -0.0167751 0.162888 -0.0226158 0.104337 24 6
28.493 9.96076 -0.00781419 14.4552 -0.0183972 0.159478 -0.0202767 0.105365 25 6
29.6494 9.95003 -0.00928597 14.4677 -0.0206345 0.15626 -0.0279654 0.10707 26 5
30.8067 9.93737 -0.0109367 14.48 -0.0226401 0.153804 -0.0250697 0.104288 27 5
31.965 9.9226 -0.0127479 14.4921 -0.0244256 0.151205 -0.0223188 0.104642 28 5
33.1243 9.90556 -0.014702 14.5038 -0.0252082 0.146198 -0.0097828 0.104741 29 6
34.2844 9.88616 -0.0167186 14.5149 -0.0250587 0.138545 0.00186907 0.103736 30 7
35.4454 9.86442 -0.0187233 14.5255 -0.0248415 0.132167 0.00271488 0.226604 31 7
36.6072 9.84035 -0.0207106 14.5356 -0.0245628 0.126994 0.00348373 0.388099 32 7
37.7698 9.81399 -0.0226757 14.5453 -0.0234366 0.121057 0.0140775 0.22943 33 8
38.933 9.78542 -0.0245506 14.5549 -0.0231171 0.120032 0.00399381 0.256819 34 7
40.097 9.75469 -0.0264 14.5641 -0.0227425 0.114346 0.00468264 0.258097 35 7
41.2617 9.72181 -0.0282193 14.5729 -0.0223137 0.110412 0.00535913 0.197243 36 7
42.427 9.68684 -0.0300044 14.5814 -0.0210657 0.10587 0.0156001 0.311653 37 8
43.5929 9.64988 -0.0316897 14.5896 -0.019843 0.102532 0.0152834 0.268514 38 8
44.7594 9.61104 -0.0332771 14.5975 -0.0186462 0.0993133 0.0149599 0.220984 39 8
45.9265 9.57045 -0.0347688 14.6051 -0.0182627 0.0948429 0.00479475 0.258112 40 7
47.0942 9.52813 -0.0362299 14.6129 -0.0178541 0.0970364 0.00510651 0.156155 41 7
48.2624 9.48411 -0.0376582 14.6206 -0.0174146 0.0970483 0.00549436 0.104419 42 7
49.4311 9.43845 -0.0390514 14.6281 -0.0169442 0.0939369 0.00587991 0.105066 43 7
50.6004 9.39118 -0.0404069 14.6354 -0.0164457 0.0904799 0.00623094 0.105581 44 7
51.7702 9.34234 -0.0417226 14.6423 -0.0159218 0.0869036 0.00654939 0.103879 45 7
52.9405 9.29199 -0.0429963 14.6489 -0.0153737 0.082159 0.00685094 0.170653 46 7
54.1113 9.24018 -0.0442262 14.6548 -0.0140072 0.0742197 0.0170818 0.23807 47 8
55.2825 9.18703 -0.0453468 14.6609 -0.0134846 0.0760674 0.00653216 0.239913 48 7
56.4541 9.1326 -0.0464255 14.6669 -0.0129447 0.074017 0.00674841 0.252579 49 7
57.6261 9.07693 -0.0474611 14.6723 -0.0123839 0.0681281 0.00700993 0.332184 50 7
58.7985 9.02008 -0.0484518 14.6775 -0.0110186 0.0643253 0.017067 0.385638 51 8
59.9713 8.96218 -0.0493333 14.6824 -0.00970598 0.0624061 0.0164072 0.239279 52 8
61.1444 8.90335 -0.0501098 14.6873 -0.00844525 0.0605583 0.0157591 0.350451 53 8
62.3179 8.8437 -0.0507854 14.692 -0.0072354 0.0587702 0.0151231 0.318579 54 8
63.4917 8.78335 -0.0513642 14.6966 -0.00607545 0.0570297 0.0144994 0.338908 55 8
64.6659 8.72242 -0.0518503 14.7015 -0.00570641 0.0620246 0.00461293 0.302079 56 7
65.8404 8.66093 -0.0523068 14.7065 -0.00538647 0.0617623 0.00399927 0.389 57 7
67.0153 8.59891 -0.0527377 14.7112 -0.00505192 0.0596881 0.00418192 0.336213 58 7
68.1905 8.5364 -0.0531419 14.7158 -0.00470457 0.0576615 0.00434178 0.297501 59 7
69.3661 8.47342 -0.0535182 14.7203 -0.00434617 0.0557184 0.00448 0.270568 60 7
70.542 8.41002 -0.0538659 14.7246 -0.00397836 0.0538111 0.0045977 0.242798 61 7
71.7182 8.34622 -0.0541842 14.7288 -0.00360268 0.0519991 0.00469598 0.236977 62 7
72.8948 8.28207 -0.0544724 14.7328 -0.00322061 0.0502229 0.0047759 0.291756 63 7
74.0716 8.2176 -0.05473 14.7367 -0.00283353 0.0485301 0.00483847 0.242875 64 7
75.2488 8.15284 -0.0549567 14.7404 -0.00244276 0.0468493 0.00488468 0.240499 65 7
76.4262 8.08783 -0.0551521 14.744 -0.00204952 0.0452757 0.00491548 0.241993 66 7
77.604 8.02262 -0.0553161 14.7475 -0.00165497 0.0437021 0.00493179 0.241142 67 7
78.7819 7.95724 -0.0554485 14.7502 -0.000456703 0.033474 0.0149784 0.363676 68 8
79.9601 7.8918 -0.055485 14.7528 0.000676418 0.0326991 0.014164 0.342592 69 8
81.1385 7.82641 -0.0554309 14.7556 0.00159896 0.0340819 0.0115318 0.321663 70 7
82.3172 7.76116 -0.055303 14.7573 0.00342308 0.0217557 0.0228014 0.24411 71 9
83.496 7.69623 -0.0550292 14.7583 0.00592557 0.0119805 0.0312811 0.311597 72 10
84.6749 7.63185 -0.0545551 14.763 0.00639782 0.0587821 0.00590312 0.349236 73 6
85.8542 7.56805 -0.0540433 14.7639 0.00868906 0.0121474 0.0286406 0.329023 74 10
87.0336 7.50507 -0.0533482 14.7675 0.00877129 0.0449777 0.00102787 0.270604 75 6
88.2134 7.4429 -0.0526465 14.7713 0.00875632 0.0478148 -0.000187138 0.262817 76 6
89.3935 7.38155 -0.051946 14.7746 0.00871338 0.0406265 -0.000536791 0.355127 77 6
90.5739 7.321 -0.0512489 14.7754 0.0108319 0.0100732 0.0264818 0.323819 78 10
91.7545 7.26147 -0.0503823 14.7763 0.0127815 0.0115395 0.0243698 0.277449 79 10
92.9351 7.20314 -0.0493598 14.7796 0.0121144 0.0405908 -0.00833869 0.268256 80 6
94.1161 7.14595 -0.0483907 14.7811 0.0123386 0.0193596 0.00280271 0.284682 81 8
95.2973 7.08992 -0.0474036 14.7754 0.0143276 -0.0714898 0.0248619 0.312134 82 10
96.478 7.03526 -0.0462574 14.7799 0.0132419 0.0562549 -0.0135709 0.267332 83 5
97.6592 6.98184 -0.045198 14.781 0.0149441 0.013268 0.0212772 0.33334 84 10
98.8406 6.92982 -0.0440025 14.7881 0.0140962 0.0891686 -0.0105981 0.243318 85 5
100.023 6.87911 -0.0428748 14.7911 0.0133829 0.0377655 -0.0089162 0.243555 86 6
101.205 6.82966 -0.0418042 14.792 0.0150223 0.0103951 0.0204922 0.240949 87 10
102.387 6.78163 -0.0406024 14.7929 0.0165139 0.0115275 0.0186444 0.241012 88 10
103.57 6.73515 -0.0392813 14.7939 0.0178644 0.012517 0.0168817 0.354758 89 10
104.752 6.69036 -0.0378521 14.7982 0.0168818 0.0540137 -0.0122827 0.24177 90 6
105.935 6.64716 -0.0365016 14.7991 0.0181463 0.011766 0.0158068 0.272228 91 10
107.119 6.60567 -0.0350499 14.8001 0.019281 0.0126004 0.0141836 0.270213 92 10
108.302 6.56601 -0.0335074 14.8036 0.017929 0.0429034 -0.0169001 0.23873 93 6
109.486 6.52803 -0.0320731 14.8036 0.0190143 0.00077486 0.0135666 0.245672 94 10
110.669 6.49185 -0.0305519 14.7988 0.020008 -0.0602603 0.0124204 0.30304 95 10
111.853 6.45758 -0.0289513 14.7875 0.0180701 -0.141501 -0.0242232 0.239743 96 6
113.035 6.42505 -0.0275057 14.7858 0.0190445 -0.0218153 0.0121797 0.19897 97 10
114.218 6.39432 -0.0259821 14.7729 0.0171316 -0.16042 -0.0239113 0.241596 98 6
115.399 6.36523 -0.0246116 14.7762 0.0131918 0.041151 -0.0492468 0.261801 99 2
116.581 6.33739 -0.0235562 14.7498 0.0117847 -0.330019 -0.0175891 0.270266 100 6
117.761 6.31071 -0.0226135 14.7442 0.00809052 -0.070715 -0.0461773 0.3833 101 2
118.94 6.2848 -0.0219662 14.7453 0.00535698 0.0143409 -0.0341692 0.259645 102 2
120.119 6.2594 -0.0215377 14.74 0.0023562 -0.0658035 -0.0375097 0.276358 103 2
121.298 6.23422 -0.0213492 14.702 0.00147039 -0.475883 -0.0110727 0.256133 104 6
122.474 6.20925 -0.0212315 14.69 -0.00157554 -0.149083 -0.0380741 0.251209 105 2
123.649 6.18416 -0.0213576 14.7068 -0.00446581 0.209951 -0.0361283 0.246323 106 1
124.825 6.15861 -0.0217148 14.7097 -0.00177314 0.035882 0.0336583 0.228913 107 10
126.002 6.13289 -0.0218567 14.7116 -0.000149646 0.0239849 0.0202937 0.263279 108 9
127.178 6.10716 -0.0218687 14.7222 -0.003754 0.132394 -0.0450544 0.288175 109 1
128.356 6.08105 -0.022169 14.7328 -0.00725431 0.132537 -0.0437539 0.387833 110 1
129.534 6.05424 -0.0227493 14.7423 -0.0104967 0.11909 -0.0405297 0.36126 111 1
130.713 6.02642 -0.0235891 14.7527 -0.0133363 0.129581 -0.035495 0.306518 112 1
131.893 5.99732 -0.024656 14.7616 -0.0159703 0.110626 -0.0329253 0.386567 113 1
133.074 5.9667 -0.0259336 14.7586 -0.0179646 -0.0372291 -0.0249286 0.265079 114 2
134.254 5.93439 -0.0273708 14.7683 -0.0200103 0.121152 -0.0255713 0.297195 115 1
135.435 5.90017 -0.0289716 14.7769 -0.0219191 0.107777 -0.0238595 0.293284 116 1
136.617 5.86385 -0.0307251 14.7843 -0.0237371 0.0927925 -0.0227248 0.356335 117 1
137.799 5.82527 -0.0326241 14.7956 -0.0257951 0.140798 -0.0257251 0.399004 118 0
138.982 5.78422 -0.0346877 14.7947 -0.0279543 -0.0108719 -0.0269902 0.365876 119 0
140.164 5.74053 -0.036924 14.7952 -0.0302818 0.00648499 -0.0290936 0.413178 120 0
141.347 5.69397 -0.0393466 14.776 -0.0336942 -0.240839 -0.0426554 0.439109 121 1
142.528 5.64429 -0.0420421 14.774 -0.0384214 -0.0240922 -0.0590901 0.465393 122 1
143.709 5.59098 -0.0451158 14.7482 -0.0386972 -0.323415 -0.0034471 0.358341 123 7
144.887 5.53412 -0.0482116 14.7522 -0.0421488 0.0501513 -0.0431455 0.320714 124 0
146.066 5.47327 -0.0515835 14.7223 -0.0423193 -0.373971 -0.00213138 0.381514 125 5
147.242 5.40856 -0.054969 14.7296 -0.0453422 0.0911713 -0.0377865 0.413122 126 0
148.418 5.33955 -0.0585964 14.7174 -0.0505812 -0.151789 -0.0654865 0.341951 127 1
149.593 5.26584 -0.0626429 14.7401 -0.0526458 0.283372 -0.0258079 0.384864 128 0
150.77 5.18707 -0.0668546 14.7522 -0.0563235 0.151277 -0.0459718 0.304866 129 1
151.947 5.10292 -0.0713605 14.7769 -0.058556 0.309372 -0.0279056 0.344255 130 0
153.126 5.01311 -0.0760449 14.7746 -0.0616504 -0.0296593 -0.0386806 0.369937 131 1
154.304 4.9175 -0.080977 14.7852 -0.0616715 0.132692 -0.000263797 0.330712 132 1
155.482 4.81601 -0.0859107 14.7977 -0.0636025 0.156069 -0.0241364 0.360623 133 3
156.661 4.70844 -0.0909989 14.808 -0.0622278 0.129461 0.0171832 0.331938 134 0
157.84 4.59491 -0.0959771 14.8229 -0.0605496 0.186074 0.020977 0.275079 135 0
159.02 4.47556 -0.100821 14.8356 -0.0589987 0.158691 0.0193866 0.272083 136 0
160.201 4.35053 -0.105541 14.8509 -0.0576509 0.191641 0.0168472 0.27079 137 0
161.381 4.21992 -0.110153 14.8742 -0.056059 0.290334 0.0198993 0.269809 138 0
162.564 4.08381 -0.114638 14.9001 -0.0543767 0.324094 0.0210289 0.348244 139 0
163.747 3.94231 -0.118988 14.929 -0.0526734 0.360775 0.0212915 0.396022 140 0
164.932 3.79554 -0.123202 14.9566 -0.0509197 0.345957 0.0219213 0.318423 141 0
166.119 3.64366 -0.127275 15.0114 -0.0489097 0.68506 0.0251242 0.356937 142 0
167.31 3.48657 -0.131188 15.0395 -0.0482203 0.350964 0.00861809 0.370947 143 1
168.502 3.32458 -0.135046 15.0577 -0.0478354 0.227439 0.0048114 0.375141 144 0
169.695 3.15783 -0.138873 15.066 -0.0486279 0.103545 -0.00990713 0.455949 145 0
170.888 2.98634 -0.142763 15.0748 -0.0507656 0.109982 -0.0267212 0.442778 146 1
172.081 2.80991 -0.146824 14.8711 -0.0313568 -2.54645 0.24261 0.325687 147 6
173.258 2.63291 -0.149333 14.6764 -0.0145104 -2.43316 0.21058 0.445045 148 7
174.418 2.45688 -0.150493 14.5158 0.00105682 -2.00796 0.19459 0.370339 149 3
175.567 2.28288 -0.150409 14.3407 0.0153649 -2.18911 0.17885 0.37031 150 4
176.701 2.11236 -0.14918 14.1944 0.0296607 -1.82818 0.178698 0.381297 151 2
177.824 1.94625 -0.146807 14.0686 0.042966 -1.57305 0.166316 0.446745 152 3
178.938 1.78545 -0.14337 13.9652 0.0554819 -1.29242 0.156448 0.449934 153 10
180.045 1.63073 -0.138931 13.8697 0.0702214 -1.19314 0.184244 0.364991 154 7
181.144 1.48325 -0.133313 13.7702 0.0786308 -1.24364 0.105118 0.376674 155 2
182.237 1.34369 -0.127023 13.6955 0.0891151 -0.934243 0.131054 0.376779 156 8
183.325 1.21265 -0.119894 13.6067 0.0959722 -1.10936 0.0857144 0.391607 157 3
184.407 1.09075 -0.112216 13.5273 0.106542 -0.993013 0.132127 0.332502 158 7
185.483 0.978738 -0.103692 13.4587 0.113683 -0.857782 0.0892599 0.395731 159 9
186.555 0.877037 -0.0945978 13.3986 0.119731 -0.750268 0.075594 0.588235 160 8
187.623 0.786016 -0.0850194 13.3215 0.1265 -0.964129 0.0846157 0.643151 161 7
188.686 0.706268 -0.0748994 13.2761 0.130903 -0.567484 0.0550421 0.541142 162 8
189.746 0.637888 -0.0644271 13.226 0.135824 -0.626898 0.0615118 0.540456 163 8
190.802 0.581244 -0.0535612 13.1783 0.141198 -0.59607 0.0671761 0.579072 164 8
191.855 0.536698 -0.0422653 13.1287 0.137497 -0.620246 -0.0462646 0.614777 165 3
192.905 0.503866 -0.0312655 13.0988 0.133441 -0.372922 -0.0507075 0.633644 166 3
193.953 0.482291 -0.0205903 13.0718 0.128735 -0.338399 -0.0588229 0.744164 167 3
194.999 0.471529 -0.0102915 13.0133 0.123904 -0.730252 -0.0603869 0.665876 168 3
196.04 0.471134 -0.000379184 12.9942 0.118893 -0.239182 -0.0626372 0.738154 169 3
197.079 0.480627 0.00913224 12.9658 0.114066 -0.355315 -0.0603307 0.636077 170 3
198.116 0.499564 0.0182575 12.9272 0.109149 -0.482667 -0.0614662 0.641895 171 3
199.15 0.527472 0.0269895 12.903 0.102918 -0.301409 -0.0778909 0.62822 172 2
200.182 0.563823 0.0352229 12.8698 0.0952804 -0.415623 -0.0954679 0.602025 173 4
201.21 0.607923 0.0428453 12.8831 0.0889625 0.166845 -0.0789734 0.607173 174 0
202.24 0.659395 0.0499623 12.8933 0.0830803 0.126648 -0.0735268 0.672114 175 1
203.269 0.717754 0.0566088 12.8412 0.0746345 -0.651336 -0.105573 0.62178 176 4
204.295 0.781999 0.0625795 12.8398 0.069587 -0.0167131 -0.0630938 0.624731 177 1
205.32 0.851944 0.0681465 12.8213 0.0743881 -0.232065 0.0600139 0.596817 178 8
206.342 0.927877 0.0740975 12.8073 0.0772467 -0.174332 0.0357326 0.678642 179 9
207.364 1.01004 0.0802773 12.8075 0.0790299 0.00230074 0.022289 0.607253 180 9
208.384 1.09866 0.0865997 12.7993 0.0802225 -0.102854 0.0149074 0.558346 181 9
209.404 1.19377 0.0930175 12.7973 0.0806781 -0.0247598 0.00569569 0.617532 182 9
210.423 1.29544 0.0994717 12.7855 0.0808571 -0.147998 0.0022376 0.555022 183 9
211.44 1.40359 0.10594 12.695 0.0637064 -1.13082 -0.214385 0.317338 184 7
212.449 1.51613 0.111037 12.5945 0.0460532 -1.25624 -0.220664 0.32485 185 7
213.45 1.63146 0.114721 12.553 0.0336362 -0.518715 -0.155213 0.33489 186 0
214.447 1.7491 0.117412 12.4906 0.0182369 -0.779426 -0.192492 0.337642 187 8
215.44 1.86761 0.118871 12.4367 0.00417313 -0.674391 -0.175797 0.383838 188 8
216.428 1.98593 0.119205 12.4186 -0.00497441 -0.225735 -0.114344 0.424859 189 6
217.414 2.10368 0.118807 12.4303 -0.0173588 0.14596 -0.154805 0.529297 190 9
218.402 2.22018 0.117418 12.4298 -0.0268258 -0.00582933 -0.118338 0.497102 191 8
219.389 2.33455 0.115272 12.4693 -0.0353029 0.49367 -0.105964 0.513986 192 9
220.381 2.44648 0.112448 12.1493 -0.0634214 -4 -0.351481 0.550531 193 0
221.347 2.55065 0.107374 11.8293 -0.0855578 -4 -0.276705 0.574736 194 0
222.289 2.64562 0.100529 11.5093 -0.0983053 -4 -0.159344 0.53247 195 2
223.205 2.73082 0.092665 11.1893 -0.1127 -4 -0.179936 0.577574 196 0
224.097 2.80561 0.083649 10.8693 -0.125189 -4 -0.156115 0.537796 197 2
224.965 2.86958 0.0736339 11.0389 -0.12072 2.11965 0.0558661 0.534455 198 10
225.846 2.92604 0.0639763 10.7189 -0.133933 -4 -0.165164 0.563998 199 1
226.702 2.97169 0.0532616 10.6502 -0.124417 -0.859058 0.118953 0.564143 200 7
227.553 3.00858 0.0433083 10.8311 -0.116779 2.26171 0.0954735 0.554378 201 9
228.419 3.03801 0.0339659 11.0016 -0.10948 2.13094 0.0912365 0.562659 202 9
229.299 3.06019 0.0252075 11.0985 -0.102096 1.21074 0.0923053 0.593289 203 9
230.187 3.07532 0.0170399 11.1326 -0.0941785 0.426936 0.0989653 0.558729 204 8
231.077 3.08378 0.00950558 10.9488 -0.0823613 -2.29731 0.147715 0.586792 205 8
231.953 3.08634 0.00291668 10.6288 -0.114009 -4 -0.395594 0.525328 206 2
232.804 3.08106 -0.00620402 10.3088 -0.137467 -4 -0.293223 0.390545 207 2
233.628 3.06688 -0.0172014 9.98882 -0.116673 -4 0.259917 0.524922 208 10
234.427 3.04567 -0.0265352 9.80967 -0.0978577 -2.23944 0.235195 0.650124 209 6
235.211 3.01871 -0.0343638 9.974 -0.085314 2.05418 0.156796 0.683852 210 4
236.009 2.98586 -0.041189 10.1991 -0.0776569 2.81352 0.0957138 0.545666 211 7
236.824 2.94719 -0.0474015 10.3793 -0.0699476 2.25263 0.0963667 0.606863 212 6
237.653 2.90321 -0.0529973 10.549 -0.0630898 2.12129 0.0857218 0.61312 213 3
238.495 2.85425 -0.0580445 10.722 -0.0581645 2.16239 0.061566 0.60759 214 1
239.351 2.80051 -0.0626977 10.8933 -0.0543862 2.14149 0.0472289 0.587962 215 0
240.221 2.74212 -0.0670486 11.0529 -0.0496 1.9948 0.0598276 0.624441 216 2
241.103 2.67938 -0.0710166 11.2105 -0.0459988 1.96972 0.0450149 0.674876 217 1
241.997 2.61245 -0.0746965 11.3625 -0.0428012 1.90076 0.0399699 0.615085 218 1
242.903 2.54151 -0.0781206 11.5746 -0.0398645 2.65044 0.0367094 0.583466 219 7
243.826 2.4663 -0.0813097 11.7123 -0.0365584 1.72135 0.0413259 0.634339 220 2
244.76 2.38747 -0.0842344 11.8466 -0.0342775 1.67936 0.0285117 0.533325 221 1
245.704 2.30514 -0.0869766 11.9808 -0.0321138 1.67742 0.0270464 0.554158 222 1
246.659 2.21943 -0.0895457 12.1098 -0.0300987 1.61253 0.0251882 0.648848 223 1
247.624 2.13047 -0.0919536 12.2381 -0.0281807 1.60409 0.0239745 0.600533 224 1
248.598 2.03838 -0.0942081 12.3593 -0.0264211 1.51427 0.0219962 0.580172 225 1
249.582 1.94329 -0.0963217 12.4725 -0.0248097 1.41517 0.0201422 0.567065 226 1
250.575 1.84535 -0.0983065 12.576 -0.0225573 1.29355 0.0281541 0.628849 227 2
251.576 1.7448 -0.100111 12.6727 -0.0212294 1.20875 0.0165993 0.615569 228 1
252.585 1.64176 -0.101809 12.7617 -0.0199711 1.11269 0.0157292 0.596391 229 1
253.6 1.53638 -0.103407 12.8433 -0.0187647 1.02007 0.0150802 0.535821 230 1
254.622 1.42879 -0.104908 12.9182 -0.0175944 0.935626 0.0146277 0.521826 231 1
255.65 1.31912 -0.106316 12.9871 -0.0164481 0.861657 0.0143296 0.346435 232 1
256.683 1.20751 -0.107632 13.0509 -0.0153173 0.79726 0.0141346 0.517723 233 1
257.721 1.09408 -0.108857 13.1117 -0.0149695 0.760269 0.00434774 0.45156 234 0
258.763 0.978876 -0.110055 13.169 -0.0137918 0.716519 0.0147217 0.545026 235 1
259.81 0.862009 -0.111158 12.849 0.000644961 -4 0.180459 0.577961 236 3
260.832 0.748036 -0.111106 12.9118 0.000743084 0.784826 0.00122655 0.521025 237 1
261.858 0.633566 -0.111047 12.9731 0.000105859 0.766349 -0.00796532 0.576605 238 0
262.89 0.518562 -0.111038 13.0323 -0.000437916 0.739908 -0.00679718 0.555758 239 0
263.926 0.402996 -0.111074 13.0896 -0.000893492 0.716698 -0.00569471 0.618406 240 0
264.967 0.286848 -0.111145 13.144 -0.000491839 0.679386 0.00502066 0.556249 241 1
266.012 0.170176 -0.111184 13.1966 -7.22225e-05 0.658226 0.00524521 0.533139 242 1
267.061 0.0530309 -0.11119 13.2477 0.000363107 0.637734 0.00544162 0.568542 243 1
268.114 -0.0645366 -0.111161 13.2971 0.000811998 0.617874 0.00561114 0.589097 244 1
269.172 -0.182474 -0.111096 13.345 0.00127241 0.598621 0.0057551 0.578642 245 1
270.233 -0.300728 -0.110994 13.3914 0.00174238 0.579977 0.0058747 0.546338 246 1
271.297 -0.419245 -0.110855 13.4363 0.00222008 0.561881 0.00597116 0.59107 247 1
272.366 -0.53797 -0.110677 13.2666 0.0236096 -2.12195 0.26737 0.655092 248 1
273.421 -0.653203 -0.108789 13.1007 0.043751 -2.07386 0.251766 0.665938 249 2
274.463 -0.763347 -0.105288 12.9095 0.0577566 -2.38991 0.17507 0.70114 250 5
275.49 -0.867137 -0.100668 12.7703 0.0696031 -1.73935 0.148081 0.676144 251 4
276.507 -0.964147 -0.0950997 12.8342 0.0634447 0.797844 -0.0769798 0.950011 252 1
277.53 -1.05645 -0.0900241 12.6239 0.0738647 -2.62814 0.13025 0.739681 253 10
278.536 -1.1413 -0.084115 12.5719 0.0561599 -0.64956 -0.22131 0.803069 254 4
279.539 -1.2213 -0.0796222 12.3742 0.063198 -2.47191 0.0879759 0.713684 255 10
280.526 -1.29504 -0.0745663 12.2181 0.0806823 -1.95093 0.218554 0.956585 256 3
281.501 -1.36157 -0.0681117 12.0777 0.095158 -1.75501 0.180945 1.30278 257 1
282.466 -1.41999 -0.0604991 12.1896 0.0854121 1.39852 -0.121824 0.971622 258 1
283.44 -1.4723 -0.0536661 12.323 0.0731377 1.66742 -0.15343 0.99289 259 5
284.424 -1.51942 -0.0478151 12.3898 0.0641464 0.83462 -0.112391 0.768585 260 0
285.415 -1.56171 -0.0426834 12.4556 0.0556725 0.823236 -0.105924 0.601139 261 0
286.41 -1.5998 -0.0382296 12.3532 0.0743194 -1.28068 0.233087 0.736913 262 0
287.398 -1.63169 -0.0322841 12.2138 0.085145 -1.74184 0.13532 0.640821 263 4
288.375 -1.65658 -0.0254725 12.2679 0.0734551 0.676548 -0.146124 0.517859 264 0
289.356 -1.67581 -0.019596 12.3197 0.0621891 0.646532 -0.140825 0.522286 265 2
290.341 -1.69022 -0.0146209 12.3722 0.0517727 0.657117 -0.130205 0.49208 266 0
291.331 -1.70059 -0.0104791 12.417 0.0415101 0.559235 -0.128283 0.50833 267 3
292.325 -1.7077 -0.00715829 12.2199 0.0573155 -2.46341 0.197568 0.629369 268 2
293.302 -1.71022 -0.00257306 12.266 0.0465338 0.576115 -0.134772 0.789125 269 0
294.283 -1.70909 0.00114965 12.3065 0.0364082 0.506473 -0.126569 1.08073 270 0
295.268 -1.70509 0.00406231 12.0272 0.0526679 -3.49174 0.203246 0.800854 271 8
296.23 -1.69713 0.00827574 11.7883 0.0665091 -2.9861 0.173014 0.730183 272 3
297.173 -1.68431 0.0135965 11.7881 0.0510158 -0.00274181 -0.193666 0.677118 273 8
298.116 -1.66764 0.0176777 11.785 0.0380975 -0.0381947 -0.161479 0.67383 274 7
299.059 -1.6481 0.0207255 11.7356 0.0267753 -0.617862 -0.141528 0.731549 275 7
299.997 -1.62663 0.0228676 11.4419 0.0425253 -3.6703 0.196876 0.685875 276 8
300.912 -1.60259 0.0262696 11.1676 0.059138 -3.42959 0.207658 0.677461 277 9
301.805 -1.5749 0.0310006 10.9459 0.0758394 -2.77042 0.208768 0.76685 278 8
302.68 -1.54245 0.0370678 10.7661 0.0930287 -2.24777 0.214866 0.751571 279 8
303.541 -1.50412 0.0445101 10.5783 0.105044 -2.34805 0.150189 0.764249 280 4
304.386 -1.45936 0.0529136 10.511 0.121142 -0.84126 0.201224 0.741406 281 1
305.225 -1.40676 0.0626049 10.3905 0.129528 -1.50642 0.104825 0.78256 282 4
306.054 -1.34616 0.0729671 10.3051 0.137395 -1.06764 0.0983417 0.803172 283 5
306.875 -1.27702 0.0839587 10.2623 0.144717 -0.534022 0.0915209 0.781551 284 0
307.693 -1.19871 0.0955361 10.2267 0.149119 -0.445116 0.0550335 0.828826 285 0
308.506 -1.11095 0.107466 10.1547 0.148187 -0.899947 -0.0116576 0.741508 286 3
309.313 -1.01425 0.119321 10.1213 0.145337 -0.41734 -0.035624 0.762809 287 4
310.116 -0.908524 0.130948 10.0933 0.142698 -0.350165 -0.0329888 0.818055 288 5
310.915 -0.793959 0.142363 10.1186 0.139855 0.31544 -0.0355335 0.586669 289 3
311.715 -0.670149 0.153552 10.1331 0.137022 0.181305 -0.0354124 0.678561 290 3
312.514 -0.537387 0.164514 10.1812 0.131527 0.602293 -0.068688 0.675912 291 4
313.317 -0.395548 0.175036 10.2114 0.124 0.377369 -0.0940866 0.710655 292 5
314.12 -0.245315 0.184956 10.1473 0.11625 -0.802267 -0.0968739 0.747857 293 9
314.916 -0.0886115 0.194256 10.2112 0.107525 0.798786 -0.109061 0.674319 294 5
315.716 0.0759673 0.202858 10.2596 0.0971338 0.606084 -0.129895 0.660977 295 4
316.519 0.24757 0.210628 10.31 0.0877207 0.62933 -0.117663 0.70992 296 0
317.324 0.42567 0.217646 10.2749 0.0802546 -0.43838 -0.0933263 0.7774 297 1
318.126 0.608314 0.224066 10.2936 0.0730869 0.233579 -0.0895967 0.747782 298 0
318.927 0.795982 0.229913 10.3201 0.0653378 0.331354 -0.0968636 0.668649 299 0
319.73 0.988332 0.23514 10.3767 0.057094 0.707626 -0.103047 0.456342 300 0
320.537 1.18542 0.239708 10.3909 0.0460148 0.177765 -0.138491 0.488363 301 9
321.343 1.38575 0.243389 10.4026 0.0331817 0.145054 -0.160413 0.508662 302 9
322.151 1.58845 0.246044 10.4266 0.0213982 0.300562 -0.147294 0.33687 303 8
322.959 1.793 0.247756 10.4006 0.00968866 -0.325191 -0.14637 0.589425 304 8
323.766 1.99767 0.248531 10.3875 -0.00183736 -0.163388 -0.144075 0.607506 305 8
324.571 2.20196 0.248384 10.407 -0.010816 0.243366 -0.112233 0.474636 306 7
325.378 2.40594 0.247518 10.438 -0.0219559 0.387347 -0.139249 0.351893 307 8
326.188 2.6091 0.245762 10.5302 -0.0274136 1.15252 -0.0682212 0.384336 308 0
327.006 2.81226 0.243569 10.5468 -0.0357782 0.207472 -0.104557 0.391328 309 7
327.825 3.0134 0.240707 10.554 -0.0424636 0.090754 -0.0835674 0.337728 310 6
328.646 3.21189 0.237309 10.6688 -0.0477004 1.43521 -0.0654602 0.475411 311 0
329.476 3.40937 0.233493 10.7207 -0.0519376 0.648367 -0.0529654 0.34308 312 4
330.312 3.60435 0.229338 10.7931 -0.057336 0.904369 -0.0674792 0.283523 313 1
331.153 3.79678 0.224752 10.8404 -0.0632579 0.591457 -0.0740245 0.293813 314 1
332 3.98577 0.219691 10.8802 -0.0692025 0.497758 -0.0743075 0.350109 315 1
332.85 4.17075 0.214155 10.9135 -0.0748636 0.416374 -0.0707636 0.321541 316 5
333.704 4.35119 0.208166 10.9654 -0.0691287 0.648999 0.0716865 0.363286 317 8
334.564 4.52773 0.202635 11.0115 -0.0759025 0.575352 -0.0846719 0.39735 318 6
335.428 4.69978 0.196563 11.0567 -0.0824088 0.566125 -0.081329 0.318271 319 6
336.296 4.86681 0.18997 11.183 -0.0856655 1.57874 -0.0407087 0.39793 320 1
337.176 5.02972 0.183117 11.2428 -0.0914658 0.747192 -0.0725038 0.346905 321 0
338.062 5.18702 0.1758 11.2567 -0.0826568 0.173056 0.110112 0.329711 322 9
338.949 5.33865 0.169187 11.2649 -0.0884625 0.102794 -0.0725717 0.323698 323 5
339.839 5.48411 0.16211 11.3384 -0.0921869 0.919354 -0.0465543 0.371505 324 1
340.735 5.62391 0.154735 11.4096 -0.0958144 0.889325 -0.0453439 0.35803 325 1
341.638 5.75766 0.14707 11.451 -0.0831562 0.517523 0.158228 0.277099 326 8
342.545 5.88587 0.140418 11.4689 -0.0720925 0.223863 0.138296 0.273532 327 8
343.454 6.00904 0.13465 11.5023 -0.0787205 0.417054 -0.0828496 0.295493 328 0
344.367 6.12683 0.128353 11.4928 -0.0854814 -0.118554 -0.0845117 0.296409 329 0
345.279 6.23828 0.121514 11.4798 -0.0740661 -0.162637 0.142692 0.308245 330 8
346.192 6.34419 0.115589 11.4606 -0.0625181 -0.23948 0.144349 0.375953 331 9
347.103 6.44538 0.110588 11.4818 -0.0500311 0.265563 0.156088 0.309622 332 7
348.016 6.5431 0.106585 11.4735 -0.0395953 -0.104904 0.130448 0.413997 333 9
348.929 6.63785 0.103417 11.5103 -0.0297166 0.460088 0.123483 0.346174 334 6
349.845 6.73073 0.10104 11.5462 -0.0217726 0.448799 0.0993008 0.32457 335 6
350.764 6.82231 0.0992983 11.5706 -0.0152898 0.305462 0.0810346 0.382509 336 6
351.686 6.91294 0.0980751 11.6219 -0.00911656 0.640798 0.0771657 0.395817 337 5
352.611 7.00331 0.0973457 11.608 -0.00593911 -0.173438 0.0397182 0.782782 338 5
353.535 7.09312 0.0968706 11.5825 -0.00467201 -0.318336 0.0158387 0.802641 339 6
354.457 7.1824 0.0964969 11.534 -0.00225917 -0.605965 0.0301605 0.761517 340 5
355.376 7.27114 0.0963161 11.5037 -0.00119266 -0.378764 0.0133315 0.765803 341 6
356.292 7.35955 0.0962207 11.5009 0.000227676 -0.0358582 0.0177542 0.828152 342 4
357.208 7.44796 0.0962389 11.4795 0.000402068 -0.266683 0.00217989 0.799685 343 6
358.122 7.53624 0.0962711 11.4801 5.9486e-05 0.00685453 -0.00428227 0.785117 344 4
359.036 7.62452 0.0962758 11.457 -0.00100151 -0.288963 -0.0132625 0.764823 345 7
359.948 7.71255 0.0961957 11.3887 -0.00270664 -0.852919 -0.0213142 0.738842 346 9
360.855 7.79987 0.0959792 11.3657 -0.00431206 -0.288558 -0.0200677 0.755085 347 7
361.76 7.88669 0.0956342 11.338 -0.00600179 -0.345826 -0.0211215 0.75138 348 7
362.663 7.97287 0.0951541 11.2765 -0.00808848 -0.768423 -0.0260837 0.748816 349 8
363.561 8.058 0.094507 11.2113 -0.0101813 -0.815856 -0.0261602 0.695402 350 8
364.454 8.14191 0.0936925 11.0795 -0.0126349 -1.64627 -0.0306705 0.908878 351 9
365.337 8.22394 0.0926817 11.0568 -0.0145531 -0.284588 -0.0239768 0.86804 352 7
366.218 8.30478 0.0915175 11.0141 -0.0162785 -0.533211 -0.0215678 1.08868 353 10
367.095 8.38416 0.0902152 10.7895 -0.0298193 -2.80807 -0.16926 0.831467 354 0
367.955 8.45987 0.0878296 11.1095 -0.0534745 4 -0.29569 1.80808 355 8
368.841 8.53405 0.0835517 11.0713 -0.0486774 -0.477791 0.0599637 0.722007 356 9
369.724 8.60452 0.0796575 10.7626 -0.0617084 -3.85823 -0.162888 0.83458 357 1
370.582 8.6688 0.0747208 10.6293 -0.0696914 -1.66627 -0.0997873 0.713028 358 1
371.431 8.72755 0.0691455 10.531 -0.075158 -1.22815 -0.0683323 0.745122 359 3
372.271 8.7807 0.0631329 10.211 0.0039496 -4 0.988845 0.728901 360 1
373.087 8.8325 0.0634488 10.2274 -0.000450746 0.204325 -0.0550043 0.619023 361 8
373.903 8.88435 0.0634128 10.0913 -0.0161088 -1.70157 -0.195726 0.795589 362 6
374.709 8.93447 0.0621241 10.0633 -0.0270927 -0.349283 -0.137298 0.71574 363 1
375.513 8.98271 0.0599566 9.74332 -0.0495135 -4 -0.280261 0.706688 364 2
376.291 9.02633 0.0559956 9.70073 -0.0566023 -0.532353 -0.0886091 0.694229 365 3
377.066 9.06626 0.0514674 9.85812 -0.0499295 1.96728 0.0834103 0.721291 366 6
377.854 9.10368 0.047473 9.98692 -0.0445952 1.61005 0.0666786 0.64851 367 9
378.652 9.13875 0.0439054 10.1262 -0.0389855 1.74152 0.0701213 0.689242 368 6
379.461 9.17178 0.0407866 10.2537 -0.0344905 1.5938 0.0561876 0.565514 369 8
380.281 9.20297 0.0380273 10.3842 -0.0301682 1.63099 0.0540282 0.503759 370 7
381.111 9.23255 0.0356139 10.5093 -0.0262332 1.56344 0.0491879 0.567247 371 7
381.951 9.26072 0.0335152 10.6382 -0.0224779 1.61119 0.0469402 0.520819 372 6
382.802 9.28771 0.031717 10.7648 -0.0190662 1.58306 0.0426468 0.621159 373 6
383.663 9.3137 0.0301917 10.872 -0.016406 1.33966 0.0332521 0.616016 374 8
384.532 9.33882 0.0288792 10.9905 -0.0140521 1.48113 0.0294247 0.570353 375 6
385.411 9.36322 0.027755 11.109 -0.011818 1.48081 0.0279252 0.635542 376 6
386.3 9.38704 0.0268096 11.2152 -0.00919997 1.32737 0.032726 0.603829 377 7
387.196 9.41043 0.0260736 11.3109 -0.0077846 1.1968 0.0176921 0.605217 378 8
388.101 9.43346 0.0254508 11.4028 -0.00652135 1.14903 0.0157906 0.665133 379 8
389.013 9.4562 0.0249291 11.494 -0.00537685 1.13952 0.0143063 0.665446 380 8
389.932 9.47872 0.024499 11.5951 -0.00476726 1.26445 0.00761989 0.715915 381 10
390.86 9.50109 0.0241176 11.6988 -0.00359017 1.29547 0.0147136 0.671044 382 8
391.795 9.52339 0.0238304 11.802 -0.00267854 1.29024 0.0113954 0.712064 383 8
392.739 9.54569 0.0236161 11.9054 -0.00209025 1.29313 0.00735365 0.702912 384 8
393.691 9.56802 0.0234489 12.0073 -0.00175398 1.27292 0.00420331 0.678698 385 8
394.652 9.59041 0.0233086 12.1223 -0.00176868 1.43827 -0.00018374 0.686867 386 8
395.621 9.61287 0.0231671 12.2249 -0.00198256 1.28169 -0.00267351 0.710055 387 8
396.599 9.63537 0.0230085 12.3252 -0.00241277 1.25425 -0.00537764 0.724755 388 8
397.585 9.65787 0.0228154 12.4243 -0.00301086 1.23867 -0.00747606 0.692761 389 8
398.578 9.6803 0.0225746 12.5215 -0.00416428 1.2146 -0.0144177 0.655844 390 9
399.58 9.70258 0.0222414 12.6227 -0.00429725 1.2651 -0.00166219 0.684627 391 7
400.589 9.72469 0.0218977 12.724 -0.00510586 1.26634 -0.0101075 0.57932 392 6
