1.12 10 0 14.0723 3.3633e-18 0.904274 4.20412e-17 0.132127 1 0
2.24579 10 2.69064e-19 14.1395 6.76803e-18 0.838852 4.25592e-17 0.056789 2 0
3.37694 10 8.10506e-19 14.2017 1.02138e-17 0.778162 4.30721e-17 0.053151 3 0
4.51308 10 1.62761e-18 14.2595 1.37269e-17 0.721872 4.39143e-17 0.053524 4 0
5.65384 10 2.72576e-18 14.313 1.71026e-17 0.669658 4.21953e-17 0.052728 5 0
6.79888 10 4.09397e-18 14.3627 2.04503e-17 0.6212 4.18463e-17 0.053528 6 0
7.9479 10 5.72999e-18 14.4088 2.42639e-17 0.576282 4.76708e-17 0.053392 7 0
9.1006 10 7.67111e-18 14.4516 2.88066e-17 0.534594 5.67837e-17 0.052329 8 0
10.2567 10 9.97564e-18 14.4913 3.26272e-17 0.495911 4.77569e-17 0.053673 9 0
11.416 10 1.25858e-17 14.5281 3.55535e-17 0.460041 3.65797e-17 0.053013 10 0
12.5783 10 1.54301e-17 14.5622 3.80675e-17 0.426745 3.14239e-17 0.053683 11 0
13.7433 10 1.84755e-17 14.5939 4.04689e-17 0.39587 3.00186e-17 0.05342 12 0
14.9108 10 2.1713e-17 14.6233 4.30053e-17 0.367248 3.1705e-17 0.053589 13 0
16.0806 10 2.51534e-17 14.6505 4.57773e-17 0.340688 3.46494e-17 0.052076 14 0
17.2527 10 2.88156e-17 14.6758 4.90679e-17 0.316024 4.11326e-17 0.05567 15 0
18.4267 10 3.2741e-17 14.6992 5.38736e-17 0.293159 6.00707e-17 0.052583 16 0
19.6027 10 3.70509e-17 14.721 6.15641e-17 0.271964 9.61317e-17 0.056913 17 0
20.7803 10 4.19761e-17 14.7412 7.26575e-17 0.252295 1.38668e-16 0.053174 18 0
21.9596 10 4.77887e-17 14.7599 8.61409e-17 0.234044 1.68542e-16 0.054809 19 0
23.1404 10 5.46799e-17 14.7773 1.00881e-16 0.217104 1.8425e-16 0.054942 20 0
24.3226 10 6.27504e-17 14.7934 1.16612e-16 0.201404 1.96644e-16 0.053961 21 0
25.5061 10 7.20794e-17 14.8083 9.53571e-17 0.186837 -2.65691e-16 0.127495 22 0
26.6908 10 7.9708e-17 14.8222 8.676e-17 0.173318 -1.07463e-16 0.199191 23 0
27.8765 10 8.66488e-17 14.8351 7.83329e-17 0.160789 -1.05339e-16 0.198858 24 0
29.0633 10 9.29154e-17 14.847 7.01288e-17 0.149131 -1.02551e-16 0.199832 25 0
30.2511 10 9.85257e-17 14.8581 6.32851e-17 0.138354 -8.5547e-17 0.197444 26 0
31.4397 10 1.03588e-16 14.8683 5.64318e-17 0.128341 -8.56657e-17 0.197836 27 0
32.6292 10 1.08103e-16 14.8779 4.64458e-17 0.119066 -1.24826e-16 0.192437 28 0
33.8194 10 1.11819e-16 14.8867 2.98053e-17 0.110435 -2.08006e-16 0.198076 29 0
35.0104 10 1.14203e-16 14.8949 1.13529e-17 0.10246 -2.30655e-16 0.205263 30 0
36.202 10 1.15111e-16 14.9025 -6.58805e-17 0.0950456 -9.65417e-16 0.21477 31 0
37.3942 10 1.09841e-16 14.9095 -7.87299e-17 0.0881672 -1.60618e-16 0.176411 32 0
38.5869 10 1.03543e-16 14.9161 -6.51198e-17 0.0817776 1.70126e-16 0.176709 33 0
39.7802 10 9.83329e-17 14.9222 -8.45832e-17 0.0758886 -2.43293e-16 0.176603 34 0
40.974 10 9.15663e-17 14.9278 -8.60386e-17 0.0703931 -1.8192e-17 0.175758 35 0
42.1682 10 8.46832e-17 14.933 -7.53016e-17 0.0652909 1.34213e-16 0.174076 36 0
43.3629 10 7.86591e-17 14.9379 -6.96788e-17 0.0605822 7.02844e-17 0.178013 37 0
44.5579 10 7.30847e-17 14.9424 -5.75128e-17 0.0561953 1.52076e-16 0.176459 38 0
45.7533 10 6.84837e-17 14.9465 -9.62367e-17 0.0521183 -4.84049e-16 0.20091 39 0
46.949 10 6.07848e-17 14.9504 -7.18076e-17 0.0483513 3.05364e-16 0.175973 40 0
48.145 10 5.50402e-17 14.954 -5.40077e-17 0.0448585 2.22499e-16 0.175849 41 0
49.3413 10 5.07196e-17 14.9573 -1.06764e-16 0.041616 -6.59459e-16 0.185525 42 0
50.5379 10 4.21784e-17 14.9604 -8.82373e-17 0.0386 2.31588e-16 0.176921 43 0
51.7348 10 3.51194e-17 14.9633 -7.08164e-17 0.0358105 2.17761e-16 0.170448 44 0
52.9318 10 2.94541e-17 14.9659 -5.55712e-17 0.0332236 1.90565e-16 0.182202 45 0
54.1291 10 2.50084e-17 14.9684 -5.97584e-17 0.0308156 -5.23402e-17 0.17726 46 0
55.3266 10 2.02278e-17 14.9707 -9.83445e-17 0.0285864 -4.82327e-16 0.217486 47 0
56.5242 10 1.23602e-17 14.9728 -7.72057e-17 0.0265241 2.64235e-16 0.177474 48 0
57.722 10 6.18373e-18 14.9748 -6.148e-17 0.0246048 1.96572e-16 0.17637 49 0
58.92 10 1.26533e-18 14.9766 -1.16417e-16 0.0228286 -6.86711e-16 0.206894 50 0
60.1182 10 -8.04802e-18 14.9783 -1.18419e-16 0.0211716 -2.5022e-17 0.220115 51 0
61.3164 10 -1.75215e-17 14.9799 -1.52628e-16 0.0196457 -4.27614e-16 0.248599 52 0
62.5148 10 -2.97317e-17 14.9813 -1.78625e-16 0.0182152 -3.24962e-16 0.218382 53 0
63.7133 10 -4.40217e-17 14.9827 -2.53005e-16 0.016892 -9.2976e-16 0.255191 54 0
64.9119 10 -6.42621e-17 14.9839 -2.41243e-16 0.015676 1.47028e-16 0.238411 55 0
66.1106 10 -8.35616e-17 14.9851 -2.09978e-16 0.0145435 3.90817e-16 0.247736 56 0
67.3094 10 -1.0036e-16 14.9862 -2.06698e-16 0.0134945 4.10005e-17 0.278172 57 0
68.5083 10 -1.16896e-16 14.9872 -2.34367e-16 0.012517 -3.4587e-16 0.250866 58 0
69.7073 10 -1.35645e-16 14.9881 -1.98884e-16 0.011611 4.43546e-16 0.240288 59 0
70.9064 10 -1.51556e-16 14.989 -1.83769e-16 0.0107765 1.88932e-16 0.293566 60 0
72.1055 10 -1.66257e-16 14.9898 -1.7769e-16 0.00997782 7.59876e-17 0.283751 61 0
73.3046 10 -1.80472e-16 14.9905 -2.00449e-16 0.00926256 -2.84488e-16 0.2418 62 0
74.5039 10 -1.96508e-16 14.9912 -1.91215e-16 0.00858307 1.15429e-16 0.301705 63 0
75.7032 10 -2.11806e-16 14.9918 -1.95518e-16 0.00796318 -5.37945e-17 0.278382 64 0
76.9025 10 -2.27447e-16 14.9924 -1.67077e-16 0.00739098 3.55519e-16 0.236781 65 0
78.1019 10 -2.40813e-16 14.993 -1.46823e-16 0.00685453 2.53177e-16 0.231522 66 0
79.3014 10 -2.52559e-16 14.9935 -9.99951e-17 0.0063777 5.85347e-16 0.268138 67 0
80.5008 10 -2.60559e-16 14.9939 -7.48515e-17 0.00591278 3.14295e-16 0.245143 68 0
81.7004 10 -2.66547e-16 14.9944 -4.68425e-16 0.00548363 -4.91967e-15 0.226698 69 0
82.8999 10 -3.04021e-16 14.9948 -4.7857e-16 0.00507832 -1.26822e-16 0.199534 70 0
84.0995 10 -3.42306e-16 14.9952 -4.86178e-16 0.00470877 -9.509e-17 0.213554 71 0
85.2991 10 -3.81201e-16 14.9955 -4.98309e-16 0.00437498 -1.51644e-16 0.203749 72 0
86.4987 10 -4.21065e-16 14.9958 -5.09464e-16 0.00406504 -1.39433e-16 0.207857 73 0
87.6984 10 -4.61822e-16 14.9961 -5.16759e-16 0.00376701 -9.11884e-17 0.213428 74 0
88.8981 10 -5.03163e-16 14.9964 -4.43269e-16 0.00349283 9.18626e-16 0.223466 75 0
90.0978 10 -5.38625e-16 14.9967 -4.72879e-16 0.00323057 -3.70129e-16 0.228752 76 0
91.2975 10 -5.76455e-16 14.9969 -3.6238e-16 0.00300407 1.38124e-15 0.225349 77 0
92.4973 10 -6.05445e-16 14.9971 -2.60543e-16 0.00280142 1.27296e-15 0.205142 78 0
93.6971 10 -6.26289e-16 14.9973 -2.73926e-16 0.00258684 -1.67278e-16 0.221364 79 0
94.8969 10 -6.48203e-16 14.9975 -1.66333e-16 0.00239611 1.3449e-15 0.231639 80 0
96.0967 10 -6.6151e-16 14.9977 -9.85873e-18 0.00221729 1.95593e-15 0.241717 81 0
97.2965 10 -6.62298e-16 14.9907 3.76956e-18 -0.0874996 1.70354e-16 0.420959 82 0
98.4957 10 -6.61997e-16 14.9525 -2.33255e-13 -0.478017 -2.91574e-12 0.684933 83 0
99.6919 10 -1.93224e-14 14.9184 -1.23541e-11 -0.425565 -1.5151e-10 0.267755 84 0
100.885 10 -1.00765e-12 14.9243 -1.19358e-11 0.0737548 5.22817e-12 0.103333 85 0
102.079 10 -1.96252e-12 14.9298 -1.15693e-11 0.0684142 4.58134e-12 0.052697 86 0
103.274 10 -2.88806e-12 14.9349 -1.12104e-11 0.0634789 4.48605e-12 0.053806 87 0
104.469 10 -3.7849e-12 14.9396 -1.08582e-11 0.0588775 4.40315e-12 0.053119 88 0
105.664 10 -4.65355e-12 14.944 -1.05115e-11 0.0546217 4.3334e-12 0.053893 89 0
106.859 10 -5.49447e-12 14.948 -9.51025e-12 0.0506759 1.25159e-11 0.150497 90 0
108.055 10 -6.25529e-12 14.924 -2.30309e-10 -0.300682 -2.75999e-09 0.510702 91 0
109.249 10 -2.468e-11 14.9261 -2.11473e-10 0.0273108 2.35455e-10 0.325364 92 0
110.443 10 -4.15979e-11 14.9041 -1.89582e-10 -0.275135 2.73636e-10 0.281236 93 0
111.635 10 -5.67645e-11 14.8654 -1.67095e-10 -0.483859 2.81092e-10 0.695334 94 0
112.825 10 -7.0132e-11 14.8251 -1.80524e-10 -0.503516 -1.67866e-10 0.774876 95 0
114.011 10 -8.4574e-11 14.7872 -1.57472e-10 -0.474513 2.88145e-10 0.780033 96 0
115.194 10 -9.71717e-11 14.7537 -1.35824e-10 -0.418437 2.70607e-10 0.815697 97 0
116.374 10 -1.08038e-10 14.7207 -1.15227e-10 -0.41306 2.57455e-10 0.810958 98 0
117.552 10 -1.17256e-10 14.6991 -1.75877e-10 -0.269806 -7.58122e-10 0.729334 99 0
118.727 10 -1.31326e-10 14.6723 -1.51923e-10 -0.334978 2.99428e-10 0.615574 100 0
119.901 10 -1.4348e-10 14.6394 -1.30666e-10 -0.410545 2.65708e-10 0.631765 101 0
121.072 10 -1.53933e-10 14.6079 -1.09876e-10 -0.394464 2.59873e-10 0.563678 102 0
122.241 10 -1.62723e-10 14.5754 -9.03357e-11 -0.405777 2.4426e-10 0.622969 103 0
123.407 10 -1.6995e-10 14.5491 -7.20123e-11 -0.328588 2.29042e-10 0.633658 104 0
124.571 10 -1.75711e-10 14.499 -5.21422e-11 -0.626862 2.48377e-10 0.985793 105 0
125.731 10 -1.79882e-10 14.5223 -3.94284e-11 0.291324 1.58922e-10 0.789441 106 0
126.893 10 -1.83037e-10 14.5434 -2.36283e-11 0.263774 1.97502e-10 0.453431 107 0
128.056 10 -1.84927e-10 14.5677 -8.73195e-12 0.303924 1.86204e-10 0.424195 108 0
129.222 10 -1.85626e-10 14.5997 5.59365e-12 0.400174 1.7907e-10 0.49458 109 0
130.39 10 -1.85178e-10 14.6285 1.93345e-11 0.359643 1.71761e-10 0.625187 110 0
131.56 10 -1.83631e-10 14.6366 3.17478e-11 0.101852 1.55166e-10 0.651852 111 0
132.731 10 -1.81092e-10 14.6633 4.47529e-11 0.333595 1.62564e-10 0.728562 112 0
133.904 10 -1.77511e-10 14.6945 6.03625e-11 0.389981 1.95121e-10 0.833082 113 0
135.079 10 -1.72682e-10 14.7192 7.70835e-11 0.308323 2.09012e-10 1.09096 114 0
136.257 10 -1.66516e-10 14.7462 9.35066e-11 0.337482 2.0529e-10 1.67351 115 0
137.437 10 -1.59035e-10 14.77 1.0666e-10 0.297391 1.64421e-10 1.85157 116 0
138.618 10 -1.50502e-10 14.789 1.17361e-10 0.237525 1.33755e-10 0.787679 117 0
139.801 10 -1.41113e-10 14.8105 1.24936e-10 0.269306 9.46942e-11 0.716957 118 0
140.986 10 -1.31119e-10 14.826 1.29701e-10 0.193739 5.95588e-11 0.763718 119 0
142.172 10 -1.20742e-10 14.8465 1.32622e-10 0.255966 3.65125e-11 0.820453 120 0
143.36 10 -1.10133e-10 14.8684 1.33759e-10 0.273407 1.42102e-11 1.12409 121 0
144.549 10 -9.9432e-11 14.8866 1.33191e-10 0.227797 -7.10126e-12 1.44318 122 0
145.74 10 -8.87767e-11 14.908 1.30941e-10 0.267351 -2.81193e-11 1.44513 123 0
146.933 10 -7.83014e-11 14.9289 1.2789e-10 0.261891 -3.81396e-11 1.72622 124 0
148.127 10 -6.80703e-11 14.9516 1.23116e-10 0.282991 -5.96769e-11 1.81129 125 0
149.324 10 -5.8221e-11 14.9694 1.16731e-10 0.222993 -7.98112e-11 1.95462 126 0
150.521 10 -4.88825e-11 14.9899 1.08626e-10 0.255775 -1.0131e-10 2.01857 127 0
151.72 10 -4.01924e-11 15.0087 9.84647e-11 0.234699 -1.27016e-10 1.96926 128 0
152.921 10 -3.23153e-11 15.0272 8.70701e-11 0.231493 -1.42433e-10 1.87761 129 0
154.123 10 -2.53496e-11 15.0452 7.4875e-11 0.225651 -1.52439e-10 1.7953 130 0
155.327 10 -1.93597e-11 15.0618 6.27013e-11 0.207496 -1.52171e-10 1.71502 131 0
156.532 10 -1.43435e-11 15.0771 5.10011e-11 0.190461 -1.46252e-10 1.70469 132 0
157.738 10 -1.02635e-11 15.0916 4.03226e-11 0.181961 -1.33482e-10 1.71956 133 0
158.945 10 -7.03766e-12 15.106 3.07308e-11 0.179231 -1.19897e-10 1.8398 134 0
160.154 10 -4.57919e-12 15.1227 2.23089e-11 0.208688 -1.05274e-10 1.73272 135 0
161.363 10 -2.79448e-12 15.1408 1.53813e-11 0.226438 -8.65948e-11 1.79272 136 0
162.575 10 -1.56398e-12 15.1541 9.90564e-12 0.166714 -6.84455e-11 1.90321 137 0
163.787 10 -7.7153e-13 15.1527 5.56824e-12 -0.017941 -5.42174e-11 1.75483 138 0
164.999 10 -3.26071e-13 15.1487 2.6075e-12 -0.049746 -3.70093e-11 1.77981 139 0
166.211 10 -1.17471e-13 15.1461 9.95748e-13 -0.0324965 -2.01469e-11 1.7262 140 0
167.423 10 -3.78108e-14 15.1482 3.31244e-13 0.0266433 -8.3063e-12 1.69963 141 0
168.635 10 -1.13113e-14 15.1495 1.01447e-13 0.0154853 -2.87246e-12 1.59662 142 0
169.847 10 -3.1955e-15 15.1529 3.09247e-14 0.0434875 -8.8153e-13 1.58223 143 0
171.059 10 -7.21527e-16 15.1541 9.36719e-15 0.0146389 -2.69468e-13 0.832018 144 0
172.271 10 2.78485e-17 15.1582 2.6172e-15 0.0514507 -8.43749e-14 2.61675 145 0
173.484 10 2.37225e-16 15.1617 -9.16187e-16 0.0430107 -4.41674e-14 2.33282 146 0
174.697 10 1.6393e-16 15.1651 -1.90069e-15 0.0426292 -1.23062e-14 1.50289 147 0
175.91 10 1.18748e-17 15.171 1.46855e-14 0.074172 2.07327e-13 1.37027 148 0
177.124 10 1.18671e-15 15.1773 1.95658e-14 0.079143 6.10041e-14 1.71956 149 0
178.338 10 2.75198e-15 15.1842 4.53667e-14 0.0859857 3.22511e-13 2.01939 150 0
179.553 10 6.38131e-15 15.1916 1.49277e-13 0.0923634 1.29888e-12 2.157 151 0
180.768 10 1.83235e-14 15.1979 4.02156e-13 0.078094 3.16099e-12 1.60213 152 0
181.984 10 5.0496e-14 15.2027 1.13349e-12 0.0607371 9.14162e-12 1.50389 153 0
183.2 10 1.41175e-13 15.2063 3.14743e-12 0.0444651 2.51744e-11 1.54654 154 0
184.417 10 3.9297e-13 15.2083 8.73837e-12 0.0252247 6.98867e-11 2.04504 155 0
185.633 10 1.09204e-12 15.2083 2.43118e-11 -0.000524521 1.94667e-10 1.72634 156 0
186.85 10 3.03698e-12 15.205 6.75676e-11 -0.0402689 5.40697e-10 1.6765 157 0
188.066 10 8.44239e-12 15.1984 1.87924e-10 -0.0823736 1.50446e-09 1.53674 158 0
189.282 10 2.34763e-11 15.1899 5.22651e-10 -0.106525 4.18409e-09 1.41947 159 0
190.497 10 6.52884e-11 15.1801 1.45362e-09 -0.122654 1.16371e-08 2.34664 160 0
191.712 10 1.81578e-10 15.1687 4.04029e-09 -0.142443 3.23333e-08 1.55451 161 0
192.925 10 5.04801e-10 15.1563 1.12312e-08 -0.155437 8.98862e-08 1.67165 162 0
194.138 10 1.4033e-09 15.1437 2.31086e-08 -0.157535 1.48468e-07 0.838385 163 0
195.349 10 3.25199e-09 15.132 1.33184e-10 -0.146484 -2.87193e-07 1.7478 164 0
196.56 10 3.26264e-09 15.127 -1.04401e-07 -0.0617981 -1.30667e-06 1.75542 165 0
197.77 10 -5.0894e-09 15.1285 -1.54742e-08 0.0190973 1.11158e-06 0.869496 166 0
198.98 10 -6.32734e-09 15.134 -8.16307e-09 0.0681043 9.13894e-08 0.839017 167 0
200.191 10 -6.98038e-09 15.1352 -2.29515e-09 0.0148654 7.33489e-08 1.0003 168 0
201.402 10 -7.164e-09 15.1371 1.96703e-09 0.0244379 5.32773e-08 0.911 169 0
202.613 10 -7.00663e-09 15.1403 5.14429e-09 0.0396609 3.97158e-08 1.74083 170 0
203.824 10 -6.59509e-09 15.132 7.58971e-09 -0.10401 3.05677e-08 1.61728 171 0
205.035 10 -5.98791e-09 15.1359 8.87324e-09 0.0490904 1.60442e-08 1.13966 172 0
206.245 10 -5.27805e-09 15.1405 9.63242e-09 0.0576258 9.48965e-09 1.59993 173 0
207.457 10 -4.50746e-09 15.1444 9.71929e-09 0.0487804 1.08586e-09 1.56422 174 0
208.668 10 -3.72992e-09 15.1458 9.16692e-09 0.0177979 -6.90454e-09 1.29232 175 0
209.88 10 -2.99656e-09 15.1391 8.23893e-09 -0.0840068 -1.15999e-08 2.85878 176 0
211.091 10 -2.33745e-09 15.1278 7.16781e-09 -0.141883 -1.3389e-08 3.28617 177 0
212.301 10 -1.76403e-09 15.1173 6.00538e-09 -0.130773 -1.45303e-08 2.02304 178 0
213.511 10 -1.28359e-09 15.1059 4.87142e-09 -0.142241 -1.41745e-08 1.60784 179 0
214.719 10 -8.93881e-10 15.0958 3.81066e-09 -0.126529 -1.32596e-08 0.522171 180 0
215.927 10 -5.89028e-10 15.0874 2.84718e-09 -0.105524 -1.20434e-08 0.493833 181 0
217.134 10 -3.61254e-10 15.0798 1.99743e-09 -0.0940561 -1.0622e-08 0.684325 182 0
218.34 10 -2.01459e-10 15.0734 1.27892e-09 -0.0804901 -8.98128e-09 0.707139 183 0
219.546 10 -9.91454e-11 15.0686 7.18148e-10 -0.0602365 -7.00971e-09 0.722161 184 0
220.751 10 -4.16935e-11 15.0646 3.3611e-10 -0.0494003 -4.77548e-09 0.667078 185 0
221.957 10 -1.48047e-11 15.0607 1.26376e-10 -0.0488281 -2.62168e-09 0.652162 186 0
223.161 10 -4.6946e-12 15.0579 4.07698e-11 -0.0353456 -1.07008e-09 0.690333 187 0
224.366 10 -1.43302e-12 14.7379 1.26667e-11 -4 -3.51289e-10 0.79402 188 0
225.545 10 -4.19682e-13 14.4179 3.14801e-12 -4 -1.18984e-10 0.633219 189 0
226.699 10 -1.67841e-13 14.0979 -1.23428e-11 -4 -1.93635e-10 0.560707 190 0
227.826 10 -1.15526e-12 13.7779 -4.97227e-11 -4 -4.67249e-10 0.489379 191 0
228.929 10 -5.13308e-12 13.4579 -1.21156e-10 -4 -8.92914e-10 0.530368 192 0
230.005 10 -1.48255e-11 13.1379 -1.90722e-10 -4 -8.69579e-10 0.504698 193 0
231.056 10 -3.00833e-11 12.8282 -3.37005e-11 -3.87082 1.96277e-09 1.53774 194 0
232.083 10 -3.27794e-11 12.529 4.78095e-11 -3.741 1.01887e-09 1.60164 195 0
233.085 10 -2.89546e-11 12.2467 6.99498e-11 -3.52794 2.76754e-10 0.608163 196 0
234.065 10 -2.33586e-11 11.9704 7.23997e-11 -3.45392 3.06245e-11 1.56987 197 0
235.022 10 -1.75666e-11 11.7224 6.70404e-11 -3.10035 -6.69916e-11 1.45972 198 0
235.96 10 -1.22034e-11 11.4495 5.41327e-11 -3.41078 -1.61346e-10 1.4609 199 0
236.876 10 -7.87279e-12 11.1888 3.86881e-11 -3.25849 -1.93057e-10 1.61233 200 0
237.771 10 -4.77774e-12 11.0047 2.51897e-11 -2.30174 -1.6873e-10 1.85852 201 0
238.651 10 -2.76256e-12 10.9156 1.67409e-11 -1.11408 -1.0561e-10 1.8787 202 0
239.525 10 -1.42328e-12 10.9052 9.86656e-12 -0.129485 -8.59296e-11 1.56496 203 0
240.397 10 -6.33959e-13 10.9569 4.04899e-12 0.646591 -7.27196e-11 1.8121 204 0
241.274 10 -3.1004e-13 11.026 1.60623e-13 0.862622 -4.86046e-11 1.75272 205 0
242.156 10 -2.9719e-13 11.0792 -1.76066e-11 0.665092 -2.22091e-10 2.0944 206 0
243.042 10 -1.70572e-12 11.1269 -4.37584e-12 0.597072 1.65385e-10 1.94013 207 0
243.932 10 -2.05579e-12 11.1758 7.02127e-12 0.610924 1.42464e-10 1.96572 208 0
244.826 10 -1.49409e-12 11.2264 6.6824e-12 0.633097 -4.23597e-12 1.5792 209 0
245.724 10 -9.59496e-13 11.2567 1.22394e-11 0.377619 6.94631e-11 1.67091 210 0
246.625 10 1.96598e-14 11.278 8.86244e-12 0.267398 -4.22126e-11 1.75475 211 0
247.527 10 7.28655e-13 11.3209 -2.24652e-11 0.535584 -3.91596e-10 1.96164 212 0
248.433 10 -1.06856e-12 11.377 -1.1789e-11 0.701714 1.33453e-10 1.91151 213 0
249.343 10 -2.01169e-12 11.4462 -1.3112e-12 0.864947 1.30973e-10 2.1798 214 0
250.259 10 -2.11658e-12 11.4951 6.01393e-12 0.611353 9.15641e-11 2.80923 215 0
251.178 10 -1.63547e-12 11.5019 5.48286e-12 0.0843883 -6.63836e-12 1.70067 216 0
252.099 10 -1.19684e-12 11.4793 4.90557e-12 -0.282264 -7.21608e-12 1.63144 217 0
253.017 10 -8.04393e-13 11.4178 3.77627e-12 -0.769091 -1.41163e-11 1.59106 218 0
253.93 10 -5.02292e-13 11.3903 3.61937e-12 -0.34343 -1.96125e-12 1.58197 219 0
254.842 10 -2.12743e-13 11.3686 2.67946e-12 -0.270939 -1.17489e-11 1.65427 220 0
255.751 10 1.61368e-15 11.2959 -1.02313e-12 -0.90965 -4.62823e-11 1.90447 221 0
256.655 10 -8.02364e-14 11.2788 5.21188e-13 -0.213361 1.93039e-11 2.38502 222 0
257.557 10 -3.85413e-14 11.208 -3.15079e-12 -0.884938 -4.58997e-11 1.73222 223 0
258.454 10 -2.90605e-13 11.1179 -2.99335e-11 -1.12573 -3.34784e-10 2.34098 224 0
259.343 10 -2.68528e-12 11.0225 -3.81698e-12 -1.19296 3.26456e-10 1.77642 225 0
260.225 10 -2.99064e-12 10.9307 1.70967e-11 -1.14741 2.61421e-10 2.01347 226 0
261.099 10 -1.6229e-12 10.8413 1.06598e-11 -1.11814 -8.04617e-11 1.46711 227 0
261.967 10 -7.70121e-13 10.7157 -4.84262e-10 -1.56921 -6.18652e-09 1.91953 228 0
262.824 10 -3.95111e-11 10.7363 1.78595e-10 0.25779 8.28571e-09 1.87903 229 0
263.683 10 -2.52235e-11 10.7706 1.851e-10 0.4282 8.13133e-11 2.11947 230 0
264.544 10 -1.04156e-11 10.767 6.64901e-11 -0.0455141 -1.48262e-09 1.63764 231 0
265.406 10 -5.09636e-12 10.7715 2.76119e-11 0.0570536 -4.85977e-10 1.4008 232 0
266.267 10 -2.88741e-12 10.7677 1.35532e-11 -0.0475407 -1.75733e-10 1.79992 233 0
267.129 10 -1.80315e-12 10.7479 7.71064e-12 -0.247538 -7.3032e-11 1.60303 234 0
267.989 10 -1.1863e-12 10.7192 4.74874e-12 -0.359118 -3.70237e-11 1.62436 235 0
268.846 10 -8.06402e-13 10.6599 7.88764e-12 -0.74147 3.92363e-11 2.29375 236 0
269.699 10 -1.75391e-13 10.6254 1.62702e-12 -0.431287 -7.82578e-11 1.89498 237 0
270.549 10 -4.523e-14 10.5947 -2.5363e-12 -0.382733 -5.20415e-11 1.80381 238 0
271.397 10 -2.48134e-13 10.5654 -1.15517e-11 -0.36633 -1.12693e-10 1.57747 239 0
272.242 10 -1.17227e-12 10.5337 -9.51854e-12 -0.396395 2.54146e-11 2.16296 240 0
273.085 10 -1.93375e-12 10.5056 -4.17215e-12 -0.351739 6.68298e-11 1.78248 241 0
273.925 10 -2.26753e-12 10.5012 -1.00693e-12 -0.0542521 3.95653e-11 2.055 242 0
274.765 10 -2.34808e-12 10.5158 6.78559e-13 0.18245 2.10686e-11 1.82643 243 0
275.606 10 -2.2938e-12 10.5257 1.81721e-12 0.123286 1.42332e-11 1.59147 244 0
276.448 10 -2.14842e-12 10.5193 2.35428e-12 -0.0803828 6.71337e-12 1.64613 245 0
277.29 10 -1.96008e-12 10.4925 3.20982e-12 -0.334346 1.06942e-11 1.3896 246 0
278.129 10 -1.70329e-12 10.4567 5.79617e-13 -0.448143 -3.28775e-11 1.95687 247 0
278.966 10 -1.65692e-12 10.406 1.83193e-12 -0.633562 1.5654e-11 1.45375 248 0
279.798 10 -1.51037e-12 10.4111 2.2489e-12 0.0638485 5.21206e-12 1.66631 249 0
280.631 10 -1.33046e-12 10.4179 5.88692e-12 0.0850201 4.54752e-11 0.99223 250 0
281.465 10 -8.59502e-13 10.3925 4.32804e-12 -0.316989 -1.9486e-11 1.96354 251 0
282.296 10 -5.13259e-13 10.3963 2.96905e-12 0.0467062 -1.69874e-11 1.2405 252 0
283.128 10 -2.75735e-13 10.4762 1.83019e-12 0.999391 -1.42357e-11 0.869777 253 0
283.966 10 -1.2932e-13 10.5228 9.73995e-13 0.581801 -1.07025e-11 0.694449 254 0
284.808 10 -5.13999e-14 10.5615 4.45708e-13 0.484121 -6.6036e-12 1.61238 255 0
285.653 10 -1.57433e-14 10.607 2.75965e-12 0.568223 2.89243e-11 0.950769 256 0
286.501 10 2.05029e-13 10.6193 -2.50718e-10 0.15409 -3.16847e-09 1.69693 257 0
287.351 10 -1.98524e-11 10.606 -1.98392e-10 -0.166631 6.54079e-10 1.52654 258 0
288.199 10 -3.57238e-11 10.5956 -1.10524e-10 -0.129247 1.09835e-09 1.48728 259 0
289.047 10 -4.45656e-11 10.6099 -6.24069e-11 0.178206 6.01459e-10 1.40816 260 0
289.896 10 -4.95582e-11 10.529 -3.8317e-11 -1.01079 3.01124e-10 1.49317 261 0
290.738 10 -5.26235e-11 10.5732 -1.04845e-11 0.552797 3.47906e-10 0.838057 262 0
291.584 10 -5.34623e-11 10.6398 1.46978e-11 0.831759 3.14778e-10 1.30789 263 0
292.435 10 -5.22865e-11 10.6642 2.43586e-11 0.305402 1.20761e-10 1.31594 264 0
293.288 10 -5.03378e-11 10.723 4.66108e-11 0.735462 2.78153e-10 1.17678 265 0
294.146 10 -4.66089e-11 10.7723 6.32469e-11 0.615251 2.0795e-10 1.54885 266 0
295.008 10 -4.15492e-11 10.7844 -4.1927e-06 0.151801 -5.24096e-05 0.764025 267 0
295.871 10 -3.35458e-07 10.6475 -0.000335259 -1.7115 -0.00413833 0.440757 268 0
296.722 9.99998 -2.71562e-05 10.3275 -0.000274139 -4.00001 0.000764007 0.323226 269 0
297.549 9.99994 -4.90873e-05 10.0075 -0.000209334 -4 0.000810053 0.33855 270 0
298.349 9.99988 -6.5834e-05 9.68749 -0.000155598 -4 0.000671701 0.5395 271 0
299.124 9.99982 -7.82819e-05 9.36749 -0.000107416 -4 0.000602272 0.614718 272 0
299.874 9.99976 -8.68752e-05 9.04749 -6.64615e-05 -4 0.000511937 0.579462 273 0
300.597 9.99969 -9.21921e-05 8.72749 -3.58559e-05 -4 0.00038257 0.714191 274 0
301.296 9.99962 -9.50606e-05 8.40749 -1.71838e-05 -4 0.000233402 0.817403 275 0
301.968 9.99956 -9.64353e-05 8.08749 -0.000826272 -4 -0.0101136 0.593471 276 0
302.615 9.99945 -0.000162537 7.76749 -0.027029 -4 -0.327535 0.387069 277 0
303.237 9.99801 -0.00232486 8.08749 -0.0237481 4 0.0410117 0.316587 278 0
303.884 9.99528 -0.00422471 8.40446 -0.0204853 3.96216 0.0407849 0.205569 279 0
304.556 9.99133 -0.00586353 8.70536 -0.0171411 3.76117 0.0418026 0.135256 280 0
305.252 9.9863 -0.00723482 8.97974 -0.0142676 3.42982 0.0359185 0.138517 281 0
305.971 9.98028 -0.00837623 9.23281 -0.0115626 3.16339 0.0338132 0.086955 282 0
306.709 9.97341 -0.00930124 9.46077 -0.00785916 2.84948 0.0462927 0.1519 283 0
307.466 9.96589 -0.00992997 9.6874 -0.00540387 2.83289 0.0306911 0.146731 284 0
308.241 9.95786 -0.0103623 9.89058 -0.00290711 2.53967 0.0312095 0.110835 285 0
309.032 9.94948 -0.0105949 10.0304 0.000564525 1.748 0.0433955 0.234186 286 0
309.835 9.94101 -0.0105497 10.1822 0.000605263 1.89749 0.000509218 0.257336 287 0
310.649 9.93246 -0.0105013 10.3505 -0.00484638 2.10401 -0.0681455 0.276098 288 0
311.477 9.92344 -0.010889 10.5787 -0.00854679 2.85244 -0.0462551 0.192487 289 0
312.323 9.91365 -0.0115727 10.882 -0.0102889 3.79124 -0.0217766 0.102729 290 0
313.194 9.90286 -0.0123958 11.0898 -0.0147072 2.59724 -0.0552289 0.053686 291 0
314.081 9.89082 -0.0135724 11.2487 -0.0207678 1.98648 -0.0757572 0.052842 292 0
314.981 9.87711 -0.0152338 11.4674 -0.0235997 2.73305 -0.0353982 0.053799 293 0
315.898 9.8614 -0.0171218 11.6155 -0.0293748 1.85213 -0.0721895 0.053389 294 0
316.827 9.84331 -0.0194718 11.8477 -0.0295715 2.90223 -0.00245811 0.054068 295 0
317.775 9.82261 -0.0218375 12.0361 -0.0311249 2.35415 -0.0194178 0.053019 296 0
318.737 9.79919 -0.0243275 12.202 -0.0340696 2.07467 -0.0368082 0.053676 297 0
319.713 9.77279 -0.0270531 12.3839 -0.0342789 2.27288 -0.00261664 0.053089 298 0
320.703 9.74327 -0.0297954 12.4932 -0.0379823 1.36679 -0.0462931 0.055278 299 0
321.702 9.71046 -0.032834 12.4879 -0.0443304 -0.065732 -0.0793503 0.052911 300 0
322.701 9.67412 -0.0363804 12.535 -0.0485775 0.588298 -0.0530895 0.087882 301 0
323.703 9.63376 -0.0402666 12.4756 -0.0487418 -0.742579 -0.00205357 0.170275 302 0
324.7 9.58969 -0.0441659 12.1556 -0.0225527 -4 0.327364 0.193272 303 0
325.671 9.545 -0.0459702 12.1302 -0.0136714 -0.317097 0.111017 0.195435 304 0
326.641 9.49935 -0.0470639 12.0881 -0.005873 -0.526738 0.0974798 0.160862 305 0
327.606 9.4534 -0.0475337 12.0587 0.000434095 -0.367856 0.0788387 0.160879 306 0
328.57 9.40759 -0.047499 12.013 0.0055173 -0.570488 0.06354 0.161028 307 0
329.53 9.36239 -0.0470576 11.9618 0.00977634 -0.639808 0.0532381 0.185443 308 0
330.486 9.31812 -0.0462755 11.9131 0.0133427 -0.609684 0.0445793 0.188901 309 0
331.438 9.27505 -0.0452081 11.8682 0.0175413 -0.56113 0.0524823 0.187936 310 0
332.387 9.23347 -0.0438048 11.8207 0.0212491 -0.592864 0.0463481 0.186993 311 0
333.331 9.19367 -0.0421048 11.7895 0.0249905 -0.390339 0.046767 0.159637 312 0
334.274 9.15585 -0.0401056 11.7668 0.028297 -0.283468 0.041331 0.160506 313 0
335.214 9.12024 -0.0378418 11.7444 0.0300544 -0.280619 0.0219683 0.160211 314 0
336.153 9.08695 -0.0354375 11.7257 0.0322476 -0.234127 0.0274146 0.160628 315 0
337.091 9.05613 -0.0328577 11.7039 0.0349901 -0.272632 0.0342808 0.144238 316 0
338.027 9.02799 -0.0300585 11.6802 0.036289 -0.295854 0.0162369 0.195453 317 0
338.961 9.00262 -0.0271554 11.6287 0.0366496 -0.643134 0.00450714 0.250171 318 0
339.891 8.98009 -0.0242234 11.5806 0.036685 -0.601482 0.000442239 0.289553 319 0
340.817 8.96037 -0.0212886 11.5372 0.0359862 -0.542247 -0.0087345 0.292105 320 0
341.74 8.94337 -0.0184097 11.4938 0.0372944 -0.542831 0.0163529 0.264925 321 0
342.659 8.92919 -0.0154261 11.4652 0.0391718 -0.35764 0.0234669 0.192214 322 0
343.577 8.91792 -0.0122924 11.4474 0.0408155 -0.222492 0.020547 0.194519 323 0
344.492 8.90965 -0.00902716 11.4373 0.0417217 -0.126398 0.0113266 0.17885 324 0
345.407 8.90444 -0.00568943 11.4326 0.0438453 -0.0591397 0.0265459 0.164487 325 0
346.322 8.90245 -0.0021818 11.4501 0.0461337 0.218797 0.0286049 0.172179 326 0
347.238 8.90383 0.0015089 11.4468 0.0470764 -0.0406384 0.0117834 0.156397 327 0
348.154 8.90866 0.00527501 11.4271 0.0450262 -0.246227 -0.0256278 0.158806 328 0
349.068 8.91678 0.0088771 11.393 0.0418145 -0.426555 -0.0401454 0.158339 329 0
349.979 8.92792 0.0122223 11.3484 0.0396943 -0.55716 -0.0265033 0.1491 330 0
350.887 8.94189 0.0153978 11.3128 0.0394896 -0.445378 -0.00255853 0.14153 331 0
351.792 8.95869 0.018557 11.2981 0.0407078 -0.183308 0.0152278 0.19546 332 0
352.695 8.9784 0.0218136 11.299 0.041694 0.0110745 0.0123273 0.205121 333 0
353.599 9.00113 0.0251491 11.3068 0.0407169 0.0975728 -0.0122132 0.207352 334 0
354.503 9.02682 0.0284065 11.0606 0.0224583 -3.078 -0.228233 0.354122 335 0
355.388 9.05354 0.0302031 11.0771 0.0244895 0.206339 0.0253905 0.223415 336 0
356.273 9.08204 0.0321623 11.0929 0.025584 0.197315 0.0136802 0.21475 337 0
357.16 9.11239 0.034209 11.1109 0.0236793 0.2249 -0.0238084 0.29345 338 0
358.049 9.14448 0.0361034 11.1591 0.0221331 0.602496 -0.0193281 0.311201 339 0
358.941 9.17828 0.037874 11.1792 0.0194148 0.25233 -0.0339785 0.351782 340 0
359.834 9.21353 0.0394272 11.1823 0.0177369 0.0388622 -0.0209731 0.294103 341 0
360.728 9.25006 0.0408462 11.2249 0.0136489 0.532269 -0.0510998 0.340326 342 0
361.625 9.28771 0.0419381 11.3207 0.0121008 1.19691 -0.0193522 0.293728 343 0
362.53 9.32656 0.0429061 11.3679 0.00989003 0.590181 -0.0276342 0.309152 344 0
363.439 9.36629 0.0436973 11.4456 0.00748112 0.971782 -0.0301114 0.316736 345 0
364.353 9.40683 0.0442958 11.5285 0.003819 1.03531 -0.0457765 0.428389 346 0
365.275 9.44795 0.0446013 11.6479 0.000544621 1.49326 -0.0409297 0.429608 347 0
366.206 9.48954 0.0446449 11.87 -0.00493042 2.77599 -0.068438 0.341525 348 0
367.154 9.53155 0.0442505 12.0337 -0.00878571 2.04556 -0.0481911 0.388882 349 0
368.116 9.57346 0.0435476 12.133 -0.01458 1.24229 -0.072429 0.279521 350 0
369.086 9.61458 0.0423812 12.0054 -0.0190142 -1.59491 -0.0554272 0.310423 351 0
370.046 9.65381 0.0408601 12.1487 -0.0232772 1.79075 -0.0532873 0.364886 352 0
371.017 9.69171 0.0389979 12.2985 -0.0273433 1.87215 -0.0508264 0.431857 353 0
372 9.72792 0.0368104 12.5119 -0.0307323 2.66757 -0.0423624 0.486871 354 0
373 9.76229 0.0343519 12.1919 -0.0296193 -4 0.0139126 0.466856 355 0
373.975 9.79348 0.0319823 11.8719 -0.0368893 -4 -0.0908751 0.497857 356 0
374.925 9.82105 0.0290312 11.5519 -0.045008 -4 -0.101484 0.476887 357 0
375.848 9.84455 0.0254305 11.2319 -0.0505274 -4 -0.0689927 0.339262 358 0
376.747 9.86377 0.0213883 10.9119 -0.0536325 -4 -0.0388137 0.416455 359 0
377.62 9.87869 0.0170977 10.5919 -0.0617951 -4 -0.102032 0.400534 360 0
378.467 9.88899 0.0121541 10.3119 -0.0554906 -3.49994 0.0788059 0.409357 361 0
379.292 9.89535 0.00771488 10.1659 -0.0600994 -1.82519 -0.0576094 0.640063 362 0
380.105 9.89772 0.00290693 9.8764 -0.0688474 -3.61843 -0.10935 0.592097 363 0
380.895 9.89566 -0.00260086 9.5564 -0.0721888 -4 -0.041768 0.440641 364 0
381.66 9.88926 -0.00837597 9.2364 -0.0521441 -4 0.250559 0.498677 365 0
382.398 9.87999 -0.0125475 8.9164 -0.0333032 -4 0.235511 0.396381 366 0
383.112 9.86914 -0.0152118 8.5964 -0.0308798 -4 0.0302928 0.292545 367 0
383.799 9.85698 -0.0176821 8.9164 -0.0232193 4 0.095756 0.430257 368 0
384.512 9.84304 -0.0195397 9.2364 -0.0163222 4 0.0862144 0.28187 369 0
385.251 9.82764 -0.0208455 9.5564 -0.0101902 4 0.07665 0.296799 370 0
386.016 9.81108 -0.0216607 9.8764 -0.00479378 4 0.0674549 0.366766 371 0
386.806 9.79366 -0.0220442 10.1964 -9.40124e-06 4 0.0598047 0.305603 372 0
387.621 9.77568 -0.0220449 10.5164 0.0041823 4 0.0523963 0.358808 373 0
388.462 9.75742 -0.0217103 10.8304 0.00766204 3.92554 0.0434968 0.279259 374 0
389.328 9.73914 -0.0210974 11.1266 0.0106369 3.70239 0.0371859 0.252127 375 0
390.218 9.72112 -0.0202464 11.4045 0.0133647 3.47347 0.034097 0.25241 376 0
391.13 9.70363 -0.0191772 11.6686 0.0160699 3.30106 0.0338148 0.271537 377 0
392.064 9.68693 -0.0178917 11.924 0.0186955 3.1924 0.032821 0.298235 378 0
393.018 9.67129 -0.016396 12.1683 0.0207614 3.05372 0.0258228 0.363884 379 0
393.991 9.65694 -0.0147351 12.4025 0.0222899 2.92834 0.0191071 0.381475 380 0
394.983 9.64409 -0.0129519 12.6258 0.0232138 2.79069 0.0115478 0.474549 381 0
395.993 9.63289 -0.0110948 12.8285 0.0234268 2.53316 0.00266347 0.44893 382 0
397.019 9.62342 -0.00922067 13.0177 0.0232675 2.36546 -0.00199142 0.390588 383 0
398.061 9.61576 -0.00735927 13.1909 0.0227803 2.16454 -0.00608994 0.362357 384 0
399.116 9.60992 -0.00553684 13.3532 0.0221129 2.02885 -0.00834218 0.355234 385 0
400.184 9.60589 -0.00376781 13.5029 0.0212531 1.87231 -0.0107482 0.340516 386 0
