1.12 10 0 14.0442 -0.00129551 0.552225 -0.0161939 0.068026 1 9
2.24353 9.99988 -0.000103641 14.0862 -0.00110847 0.524962 0.00233806 0.075717 2 10
3.37043 9.99967 -0.000192319 14.1272 -0.00228368 0.512791 -0.0146902 0.074474 3 9
4.5006 9.99924 -0.000375013 14.1656 -0.00604292 0.479865 -0.0469905 0.107646 4 7
5.63385 9.99827 -0.000858447 14.2027 -0.00804431 0.463319 -0.0250174 0.104886 5 8
6.77006 9.99656 -0.00150199 14.2367 -0.0124901 0.425911 -0.0555721 0.069068 6 6
7.909 9.99372 -0.0025012 14.2693 -0.0150928 0.40772 -0.0325338 0.071053 7 7
9.05054 9.98948 -0.00370862 14.3015 -0.0133027 0.401843 0.0223765 0.071049 8 10
10.1946 9.98402 -0.00477284 14.3315 -0.014331 0.374806 -0.0128541 0.072401 9 8
11.3411 9.97723 -0.00591932 14.3602 -0.0151839 0.359488 -0.0106609 0.071167 10 8
12.4899 9.96904 -0.00713403 14.3877 -0.0145179 0.342751 0.00832515 0.070821 11 9
13.6409 9.95949 -0.00829545 14.414 -0.0165673 0.329816 -0.0256186 0.072082 12 7
14.794 9.9484 -0.00962084 14.4396 -0.0156268 0.319481 0.0117572 0.070413 13 9
15.9491 9.93584 -0.010871 14.4628 -0.014688 0.290346 0.0117347 0.070492 14 9
17.106 9.9219 -0.012046 14.4875 -0.0164642 0.308597 -0.0222031 0.070403 15 7
18.2649 9.90641 -0.0133632 14.5099 -0.0152697 0.279582 0.0149314 0.070591 16 9
19.4256 9.88949 -0.0145847 14.5307 -0.014114 0.259817 0.0144472 0.071378 17 9
20.5879 9.87122 -0.0157139 14.55 -0.0116497 0.241995 0.0308026 0.071035 18 10
21.7517 9.85184 -0.0166458 14.5699 -0.0120676 0.248456 -0.00522265 0.072756 19 8
22.9171 9.83132 -0.0176112 14.5873 -0.0137202 0.218093 -0.0206574 0.071084 20 7
24.0839 9.80949 -0.0187089 14.6047 -0.0137715 0.216711 -0.000642019 0.071795 21 8
25.2521 9.78634 -0.0198106 14.6216 -0.017765 0.211716 -0.0499191 0.069578 22 5
26.4215 9.76151 -0.0212318 14.6382 -0.018591 0.207531 -0.0103241 0.07329 23 7
27.5923 9.73491 -0.0227191 14.6531 -0.0205583 0.185931 -0.0245919 0.071452 24 6
28.7642 9.70635 -0.0243637 14.6673 -0.0168368 0.177908 0.0465191 0.071345 25 10
29.9372 9.67618 -0.0257107 14.6805 -0.0147288 0.164008 0.0263495 0.069772 26 9
31.1112 9.64461 -0.026889 14.6933 -0.0140989 0.160325 0.00787415 0.072596 27 8
32.2862 9.61168 -0.0280169 14.708 -0.0174816 0.184202 -0.0422834 0.071795 28 5
33.4623 9.57707 -0.0294154 14.719 -0.0177316 0.137711 -0.00312568 0.071472 29 7
34.6393 9.54077 -0.0308339 14.7315 -0.0165108 0.15645 0.0152607 0.071288 30 8
35.8172 9.50288 -0.0321548 14.7431 -0.0139641 0.144804 0.0318337 0.072556 31 9
36.996 9.46365 -0.0332719 14.7553 -0.0142704 0.151944 -0.00382951 0.07203 32 7
38.1757 9.42303 -0.0344136 14.7658 -0.0117694 0.131989 0.0312632 0.070678 33 9
39.3563 9.38128 -0.0353551 14.7773 -0.0107841 0.143659 0.0123165 0.07128 34 8
40.5377 9.33847 -0.0362178 14.7869 -0.00982524 0.119483 0.0119852 0.072408 35 8
41.7198 9.29471 -0.0370039 14.7973 -0.0115477 0.130522 -0.0215308 0.072363 36 6
42.9028 9.24982 -0.0379277 14.8049 -0.0103414 0.0948429 0.0150792 0.073716 37 8
44.0863 9.20393 -0.038755 14.813 -0.0105215 0.100899 -0.00225153 0.071025 38 7
45.2704 9.15702 -0.0395967 14.8213 -0.00926227 0.103426 0.0157402 0.072909 39 8
46.4551 9.1092 -0.0403377 14.8277 -0.00670193 0.0802159 0.0320043 0.07095 40 9
47.6403 9.06073 -0.0408738 14.8356 -0.00434742 0.0985503 0.0294313 0.073673 41 9
48.8262 9.01182 -0.0412216 14.8426 -0.00217686 0.0882626 0.0271321 0.072083 42 9
50.0126 8.96268 -0.0413958 14.8496 -0.00151922 0.0875592 0.00822052 0.072314 43 8
51.1995 8.91337 -0.0415173 14.858 -0.00222437 0.104034 -0.00881443 0.071581 44 7
52.3871 8.86383 -0.0416953 14.8634 0.00120572 0.06814 0.0428762 0.070236 45 10
53.5752 8.81438 -0.0415988 14.8711 0.00297012 0.0961185 0.022055 0.069455 46 9
54.7638 8.76518 -0.0413612 14.8776 0.000546799 0.0816584 -0.0302915 0.069249 47 6
55.953 8.71602 -0.0413175 14.8831 0.00243235 0.0678778 0.0235694 0.070969 48 9
57.1427 8.66707 -0.0411229 14.8903 0.00146152 0.0901818 -0.0121353 0.070444 49 7
58.3329 8.61824 -0.041006 14.8937 0.00330563 0.0422359 0.0230513 0.07079 50 9
59.5234 8.56971 -0.0407415 14.8976 0.00498743 0.0490665 0.0210225 0.070464 51 9
60.7142 8.52164 -0.0403425 14.9043 0.00514807 0.0840664 0.00200804 0.07052 52 8
61.9056 8.47404 -0.0399307 14.9088 0.005308 0.0564098 0.00199918 0.070754 53 8
63.0974 8.42694 -0.039506 14.9125 0.00679862 0.0456095 0.0186327 0.070077 54 9
64.2895 8.38047 -0.0389621 14.9181 0.00678533 0.069809 -0.000166055 0.072201 55 8
65.4821 8.33463 -0.0384193 14.9206 0.00544649 0.0324011 -0.0167355 0.069256 56 7
66.6748 8.2893 -0.0379836 14.925 0.00424451 0.0548959 -0.0150248 0.070404 57 7
67.868 8.24436 -0.037644 14.9284 0.00182629 0.0415683 -0.0302277 0.07159 58 6
69.0614 8.19959 -0.0374979 14.932 0.00236612 0.0452161 0.00674786 0.071776 59 8
70.2552 8.15503 -0.0373086 14.9341 0.00421636 0.0265718 0.023128 0.070796 60 9
71.4491 8.11087 -0.0369713 14.9362 0.00186307 0.0255346 -0.0294161 0.07101 61 6
72.6432 8.06688 -0.0368223 14.9405 0.00243048 0.0546098 0.00709253 0.072061 62 8
73.8376 8.02311 -0.0366278 14.9441 0.000295652 0.045073 -0.0266853 0.071577 63 6
75.0323 7.97936 -0.0366042 14.9478 -0.000266634 0.046289 -0.00702857 0.069338 64 7
76.2273 7.93557 -0.0366255 14.9501 -0.000740364 0.0281811 -0.00592163 0.071468 65 7
77.4225 7.89171 -0.0366847 14.9509 -0.00112539 0.0105023 -0.00481285 0.071722 66 7
78.6178 7.84773 -0.0367748 14.9533 -9.97449e-05 0.0291705 0.0128206 0.069711 67 8
79.8133 7.80374 -0.0367828 14.9572 -0.00050414 0.0494957 -0.00505494 0.068368 68 7
81.009 7.75969 -0.0368231 14.9582 -0.000817898 0.0120282 -0.00392198 0.073804 69 7
82.2049 7.71556 -0.0368885 14.9575 0.000273251 -0.00796318 0.0136394 0.071239 70 8
83.4007 7.67145 -0.0368667 14.9591 0.00128105 0.0189185 0.0125974 0.071269 71 8
84.5966 7.62747 -0.0367642 14.9625 0.000856643 0.0435948 -0.00530502 0.070912 72 7
85.7928 7.58355 -0.0366956 14.9627 0.00320165 0.00138283 0.0293126 0.069902 73 9
86.989 7.53994 -0.0364395 14.9632 0.00532572 0.00624657 0.0265508 0.06926 74 9
88.1853 7.49684 -0.0360135 14.9641 0.00454757 0.0119209 -0.00972687 0.069133 75 7
89.3816 7.45417 -0.0356496 14.9646 0.00654493 0.00655651 0.024967 0.068062 76 9
90.5781 7.41213 -0.0351261 14.9656 0.00564441 0.011754 -0.0112565 0.071964 77 7
91.7746 7.37062 -0.0346745 14.9663 0.00618542 0.00929832 0.00676266 0.069261 78 8
92.9712 7.32971 -0.0341797 14.9683 0.00533914 0.0248313 -0.0105786 0.071582 79 7
94.168 7.2893 -0.0337525 14.9673 0.00457133 -0.0125885 -0.00959762 0.069999 80 7
95.3647 7.24933 -0.0333868 14.9669 0.00522989 -0.00472069 0.0082321 0.072685 81 8
96.5614 7.20986 -0.0329684 14.9699 0.00178802 0.037241 -0.0430234 0.072531 82 5
97.7584 7.17056 -0.0328254 14.9717 5.25859e-05 0.0221848 -0.0216929 0.073365 83 6
98.9554 7.13125 -0.0328212 14.9729 -0.000133163 0.0155449 -0.00232186 0.072211 84 7
100.153 7.09193 -0.0328318 14.9737 -0.000272667 0.00920296 -0.00174381 0.072022 85 7
101.35 7.05259 -0.0328537 14.9739 0.000965309 0.00326633 0.0154747 0.070911 86 8
102.547 7.01333 -0.0327764 15.0127 -0.00666973 0.484955 -0.0954379 0.07304 87 0
103.747 6.97333 -0.03331 15.0145 -0.00739345 0.0221252 -0.00904659 0.072566 88 6
104.948 6.93262 -0.0339015 15.0134 -0.00932349 -0.013113 -0.0241255 0.072352 89 5
106.148 6.89101 -0.0346474 15.0131 -0.00964276 -0.00354052 -0.00399089 0.071517 90 6
107.349 6.84848 -0.0354188 15.0155 -0.00986605 0.0293016 -0.00279109 0.0717 91 6
108.549 6.805 -0.0362081 15.0161 -0.00998753 0.0082016 -0.00151852 0.070403 92 6
109.75 6.76055 -0.0370071 15.0139 -0.00598909 -0.0282288 0.0499806 0.073083 93 9
110.95 6.71553 -0.0374862 15.0135 -0.00636029 -0.00543594 -0.00464002 0.072631 94 6
112.15 6.66991 -0.037995 15.0118 -0.00662784 -0.0201464 -0.0033444 0.072373 95 6
113.35 6.62366 -0.0385252 15.0155 -0.00682979 0.0453115 -0.00252433 0.071522 96 6
114.55 6.57673 -0.0390716 15.0144 -0.0122537 -0.0128269 -0.0677985 0.072129 97 2
115.751 6.52864 -0.0400519 15.0144 -0.0117225 -0.000333786 0.00663941 0.071485 98 6
116.951 6.47942 -0.0409897 15.0094 -0.0111279 -0.0622153 0.00743312 0.072912 99 6
118.15 6.42914 -0.04188 15.0148 -0.01585 0.0666857 -0.0590265 0.071261 100 2
119.35 6.37733 -0.043148 15.0125 -0.0146576 -0.0287294 0.0149042 0.070984 101 6
120.55 6.32412 -0.0443206 15.0154 -0.0188229 0.0366211 -0.0520651 0.071382 102 2
121.75 6.26909 -0.0458264 15.0156 -0.0171157 0.00193119 0.0213398 0.070793 103 6
122.95 6.21242 -0.0471957 15.0193 -0.0207992 0.0468254 -0.0460442 0.072993 104 2
124.15 6.15373 -0.0488596 15.0181 -0.0186415 -0.0149488 0.0269717 0.07151 105 6
125.35 6.09327 -0.0503509 15.0204 -0.0165956 0.0287771 0.0255734 0.071297 106 6
126.55 6.03119 -0.0516786 15.0224 -0.0199798 0.0254273 -0.042302 0.074365 107 2
127.75 5.9672 -0.0532769 15.0234 -0.0228553 0.0114322 -0.0359443 0.072459 108 2
128.95 5.901 -0.0551054 15.0293 -0.0240412 0.0746489 -0.0148235 0.07271 109 3
130.151 5.83247 -0.0570287 15.028 -0.0155389 -0.01688 0.106279 0.070816 110 10
131.351 5.76245 -0.0582718 15.0303 -0.0171768 0.0288725 -0.0204739 0.072978 111 3
132.551 5.69078 -0.0596459 15.032 -0.0198293 0.0208497 -0.033156 0.07374 112 2
133.752 5.61719 -0.0612323 15.0301 -0.0220221 -0.0226498 -0.0274098 0.073033 113 2
134.952 5.54149 -0.062994 15.0309 -0.0238676 0.00890493 -0.0230685 0.070857 114 2
136.152 5.4635 -0.0649034 15.0337 -0.0253848 0.0352979 -0.0189648 0.072459 115 2
137.352 5.38306 -0.0669342 15.0319 -0.0265396 -0.0228405 -0.0144355 0.070054 116 2
138.551 5.30008 -0.0690574 15.0339 -0.0287441 0.0257611 -0.0275557 0.070202 117 1
139.751 5.21433 -0.0713569 15.034 -0.030495 0.00109673 -0.0218863 0.075327 118 1
140.95 5.12566 -0.0737965 15.0327 -0.0254747 -0.0165105 0.0627526 0.070221 119 6
142.149 5.03454 -0.0758345 15.03 -0.0206978 -0.0338912 0.0597113 0.068101 120 6
143.348 4.94146 -0.0774903 15.0286 -0.0162026 -0.0171185 0.0561901 0.07253 121 6
144.547 4.84684 -0.0787865 15.0164 -0.012734 -0.152898 0.0433585 0.071445 122 7
145.744 4.75107 -0.0798052 15.011 -0.00941292 -0.0669003 0.0415129 0.070583 123 7
146.941 4.65443 -0.0805583 15.0048 -0.00628996 -0.0772357 0.039037 0.071037 124 7
148.138 4.55723 -0.0810615 15.0072 -0.00483691 0.0292778 0.0181632 0.072318 125 8
149.334 4.45956 -0.0814484 15.0065 -0.00160625 -0.00834465 0.0403832 0.070925 126 7
150.531 4.36173 -0.0815769 15.0083 0.00148995 0.021708 0.0387024 0.071919 127 7
151.728 4.26404 -0.0814577 15.0097 0.00451005 0.0176907 0.0377513 0.069712 128 7
152.924 4.16676 -0.0810969 15.011 0.00743586 0.0164866 0.0365727 0.071897 129 7
154.121 4.07019 -0.080502 15.0078 0.00988511 -0.0398994 0.0306157 0.072303 130 6
155.318 3.97459 -0.0797112 15.0114 0.0125511 0.0447989 0.0333245 0.071944 131 7
156.515 3.88017 -0.0787072 15.0128 0.0150888 0.0179768 0.0317221 0.072434 132 7
157.713 3.78718 -0.0775 15.0248 0.0164598 0.149298 0.0171375 0.07273 133 8
158.911 3.6957 -0.0761833 15.0364 0.0179006 0.145864 0.0180097 0.071148 134 8
160.111 3.60587 -0.0747512 15.0307 0.0217362 -0.0712276 0.0479447 0.071014 135 6
161.31 3.51815 -0.0730123 15.0246 0.0249376 -0.0763893 0.0400179 0.071329 136 6
162.509 3.43286 -0.0710173 15.0277 0.0259046 0.0380397 0.0120876 0.071035 137 8
163.708 3.35004 -0.0689449 15.0253 0.0282627 -0.0295877 0.0294754 0.070174 138 6
164.908 3.26994 -0.0666839 15.023 0.0303922 -0.0290155 0.0266193 0.069975 139 6
166.107 3.19278 -0.0642525 15.0337 0.0333405 0.134325 0.0368531 0.069752 140 5
167.308 3.11875 -0.0615853 15.042 0.0375541 0.103545 0.0526705 0.070136 141 10
168.509 3.0483 -0.058581 15.0206 0.027335 -0.267088 -0.127739 0.06942 142 0
169.709 2.98057 -0.0563942 14.9694 0.0164459 -0.640631 -0.136114 0.069858 143 0
170.904 2.91464 -0.0550785 14.9963 0.0202803 0.336456 0.0479307 0.068272 144 4
172.102 2.85054 -0.0534561 15.008 0.0215068 0.146472 0.0153307 0.070252 145 4
173.301 2.78845 -0.0517355 15.0115 0.0210863 0.0437379 -0.00525604 0.070099 146 4
174.501 2.72838 -0.0500486 15.0096 0.020493 -0.0239849 -0.0074164 0.07074 147 4
175.7 2.67027 -0.0484092 15.0092 0.0194464 -0.00487566 -0.0130827 0.070636 148 5
176.9 2.61403 -0.0468535 15.0149 0.0184351 0.0705004 -0.0126412 0.071251 149 5
178.099 2.55954 -0.0453787 15.0153 0.0177604 0.00607967 -0.00843408 0.070385 150 4
179.3 2.50676 -0.0439578 15.0191 0.0168325 0.0475049 -0.0115981 0.068905 151 5
180.5 2.45557 -0.0426112 15.021 0.0159527 0.0227809 -0.0109971 0.069753 152 5
181.701 2.40592 -0.041335 15.0262 0.0157656 0.0657678 -0.00233976 0.070001 153 3
182.902 2.35776 -0.0400738 15.0241 0.0157408 -0.0267029 -0.000309083 0.07035 154 6
184.103 2.31112 -0.0388145 15.0267 0.0148354 0.0323653 -0.011318 0.06964 155 5
185.304 2.26589 -0.0376277 15.0356 0.0155077 0.111532 0.00840336 0.06812 156 4
186.506 2.22213 -0.0363871 15.0407 0.0161905 0.0640631 0.00853579 0.068452 157 5
187.709 2.17992 -0.0350918 15.0547 0.018415 0.175166 0.0278063 0.067636 158 4
188.912 2.13944 -0.0336186 15.0704 0.0169764 0.195527 -0.0179828 0.067705 159 7
190.117 2.10055 -0.0322605 15.0706 0.0172678 0.00245571 0.0036425 0.069284 160 5
191.322 2.06333 -0.0308791 15.0669 0.0166784 -0.0463009 -0.00736732 0.068429 161 6
192.527 2.02772 -0.0295448 15.0646 0.0163566 -0.0287056 -0.00402229 0.071388 162 6
193.732 1.99369 -0.0282363 15.0642 0.0164438 -0.00479221 0.00108934 0.069072 163 5
194.937 1.96125 -0.0269208 15.0599 0.0163748 -0.0532746 -0.000861939 0.068232 164 6
196.141 1.9304 -0.0256108 15.0752 0.0175493 0.19151 0.0146813 0.068576 165 4
197.347 1.90121 -0.0242069 15.0749 0.0175165 -0.00426769 -0.000410411 0.06737 166 5
198.552 1.87371 -0.0228055 15.0711 0.0185008 -0.0473976 0.0123041 0.068728 167 7
199.758 1.848 -0.0213255 15.0692 0.0193158 -0.0238776 0.0101875 0.069286 168 7
200.963 1.82416 -0.0197802 15.0657 0.0186338 -0.0437856 -0.00852509 0.072374 169 6
202.168 1.80211 -0.0182895 15.0654 0.0181618 -0.0033617 -0.00590053 0.068549 170 5
203.373 1.78182 -0.0168366 15.0652 0.0201084 -0.00355244 0.0243332 0.068597 171 8
204.578 1.76347 -0.0152279 15.0597 0.0191253 -0.0686049 -0.0122892 0.066808 172 6
205.783 1.74697 -0.0136979 15.062 0.020846 0.0287056 0.0215085 0.067924 173 8
206.988 1.73247 -0.0120302 15.0619 0.0196247 -0.000393391 -0.015266 0.068164 174 6
208.193 1.71987 -0.0104602 15.0615 0.0171082 -0.00580549 -0.0314559 0.068542 175 5
209.398 1.70891 -0.00909155 15.0628 0.0186723 0.016582 0.0195506 0.06892 176 8
210.603 1.69976 -0.00759777 15.0586 0.0160912 -0.0525832 -0.0322629 0.069671 177 5
211.807 1.69216 -0.00631048 15.0614 0.0126501 0.0356793 -0.0430143 0.068608 178 4
213.012 1.68577 -0.00529847 15.056 0.0105476 -0.0683427 -0.0262815 0.069163 179 5
214.217 1.68041 -0.00445467 15.0522 0.00995867 -0.04673 -0.0073612 0.068036 180 6
215.421 1.676 -0.00365797 15.0509 0.00683244 -0.0171185 -0.0390779 0.068786 181 4
216.625 1.67226 -0.00311138 15.0533 0.00788609 0.0304222 0.0131707 0.067956 182 7
217.829 1.66927 -0.00248049 15.0544 0.00483242 0.0136375 -0.0381709 0.068041 183 4
219.033 1.66675 -0.0020939 15.0577 0.00204848 0.0418067 -0.0347992 0.066709 184 4
220.238 1.66442 -0.00193002 15.0557 -0.00171978 -0.0254154 -0.0471033 0.067645 185 3
221.442 1.66193 -0.0020676 15.0543 -0.0011985 -0.0170112 0.00651605 0.066029 186 6
222.647 1.65933 -0.00216348 15.0573 -0.0033921 0.0371337 -0.02742 0.067976 187 4
223.851 1.65639 -0.00243485 15.0565 -0.00667338 -0.00967979 -0.041016 0.066301 188 3
225.056 1.65282 -0.00296872 15.0521 -0.00425014 -0.0554323 0.0302905 0.066185 189 7
226.26 1.64883 -0.00330873 15.0537 -0.00205783 0.0199556 0.0274038 0.068317 190 7
227.464 1.64465 -0.00347336 15.051 -6.27401e-05 -0.0341892 0.0249387 0.067498 191 7
228.668 1.64046 -0.00347837 15.0516 0.00173198 0.00821352 0.022434 0.067402 192 7
229.873 1.63644 -0.00333982 15.053 0.00199609 0.0172615 0.00330138 0.066582 193 6
231.077 1.63261 -0.00318013 15.0492 0.0022266 -0.0473976 0.00288138 0.064988 194 6
232.281 1.629 -0.003002 15.0493 0.0037606 0.00133514 0.019175 0.065358 195 7
233.485 1.62574 -0.00270115 15.0487 -0.000224726 -0.0079155 -0.0498166 0.068499 196 3
234.689 1.62247 -0.00271913 15.0465 -0.00246102 -0.0276923 -0.0279536 0.066474 197 4
235.892 1.61896 -0.00291601 15.0412 -0.00178549 -0.0662327 0.00844402 0.063949 198 6
237.096 1.61528 -0.00305885 15.0372 0.00150916 -0.0494719 0.0411832 0.066666 199 8
238.299 1.61175 -0.00293812 15.0378 0.0031304 0.00722408 0.0202655 0.064812 200 7
239.502 1.60851 -0.00268769 15.0339 0.00189623 -0.0489831 -0.0154271 0.068082 201 5
240.704 1.60546 -0.00253599 15.0291 0.00211899 -0.0594735 0.00278448 0.079976 202 6
241.907 1.60262 -0.00236647 15.0265 -0.000379812 -0.0329375 -0.031235 0.065935 203 4
243.109 1.59974 -0.00239686 15.0225 -0.00261785 -0.0494599 -0.0279754 0.067502 204 4
244.31 1.5966 -0.00260628 15.0244 -0.0032685 0.0237703 -0.00813315 0.067917 205 5
245.512 1.59316 -0.00286776 15.0253 0.000177762 0.0108957 0.0430782 0.066483 206 8
246.714 1.58973 -0.00285354 15.0261 -0.000740424 0.0100851 -0.0114773 0.068399 207 5
247.917 1.58623 -0.00291278 15.0245 -0.000217063 -0.0200987 0.00654201 0.067473 208 6
249.118 1.5827 -0.00293014 15.0292 -0.00108659 0.059247 -0.0108691 0.068992 209 5
250.321 1.57908 -0.00301707 15.0277 0.000827947 -0.0192642 0.0239317 0.069162 210 7
251.523 1.57553 -0.00295083 15.0249 0.00254414 -0.0352979 0.0214524 0.069938 211 7
252.725 1.57223 -0.0027473 15.0257 0.00541154 0.0110507 0.0358425 0.067814 212 8
253.927 1.56944 -0.00231438 15.0241 0.00395155 -0.020647 -0.0182498 0.069431 213 5
255.129 1.56704 -0.00199825 15.0279 0.00128623 0.0478029 -0.0333165 0.100501 214 4
256.331 1.56476 -0.00189536 15.03 0.000218511 0.0264525 -0.0133465 0.068996 215 5
257.534 1.56251 -0.00187787 15.0295 -0.00207573 -0.00711679 -0.0286781 0.069438 216 4
258.736 1.56005 -0.00204393 15.0316 -0.000107027 0.026238 0.0246088 0.071192 217 7
259.939 1.55758 -0.0020525 15.037 0.000319609 0.0685096 0.00533295 0.069287 218 6
261.141 1.55514 -0.00202693 15.0394 0.00338766 0.0290394 0.0383507 0.069833 219 8
262.345 1.55303 -0.00175591 15.039 0.00345199 -0.00493526 0.000804124 0.06846 220 6
263.548 1.55125 -0.00147975 15.0422 0.00617071 0.0405312 0.033984 0.067965 221 8
264.751 1.55006 -0.000986098 15.0443 0.00323644 0.0263453 -0.0366784 0.067324 222 4
265.955 1.54919 -0.000727183 15.0449 0.00459553 0.00764132 0.0169886 0.067929 223 7
267.158 1.54875 -0.000359541 15.0461 -0.00223196 0.0148177 -0.0853436 0.069712 224 1
268.362 1.54811 -0.000538098 15.0232 -0.00979827 -0.286651 -0.0945788 0.070015 225 1
269.564 1.54652 -0.00132196 14.9671 -0.0191599 -0.70169 -0.11702 0.06988 226 0
270.761 1.5431 -0.00285475 14.9168 -0.00648428 -0.628042 0.158445 0.071568 227 5
271.954 1.53907 -0.00337349 14.92 -0.00130002 0.039351 0.0648033 0.070497 228 9
273.148 1.53492 -0.00347749 14.8789 0.0058795 -0.513256 0.0897441 0.069354 229 8
274.338 1.53134 -0.00300713 14.8615 0.0126267 -0.217259 0.0843401 0.070492 230 10
275.527 1.52897 -0.001997 14.7907 0.0229993 -0.885677 0.129658 0.070874 231 7
276.711 1.52878 -0.000157051 14.7115 0.0354356 -0.988972 0.155454 0.070538 232 7
277.887 1.53193 0.0026778 14.6457 0.0442322 -0.823116 0.109957 0.069791 233 7
279.059 1.53922 0.00621638 14.5944 0.0535214 -0.641561 0.116114 0.07018 234 6
280.227 1.55148 0.0104981 14.5324 0.060167 -0.774288 0.0830703 0.069409 235 7
281.389 1.56928 0.0153114 14.4764 0.0655762 -0.700736 0.0676154 0.068752 236 7
282.547 1.59308 0.0205575 14.4356 0.0675893 -0.510073 0.0251631 0.067974 237 9
283.701 1.62306 0.0259647 14.4005 0.069007 -0.438058 0.0177221 0.068549 238 9
284.853 1.65933 0.0314852 14.3762 0.076485 -0.303781 0.0934752 0.069726 239 5
286.002 1.70257 0.037604 14.3454 0.0814586 -0.384855 0.062169 0.068568 240 5
287.149 1.75319 0.0441207 14.3282 0.084541 -0.215149 0.0385305 0.068439 241 5
288.293 1.81149 0.050884 14.3412 0.0788823 0.16216 -0.0707341 0.068073 242 9
289.439 1.87707 0.0571946 14.3546 0.0732328 0.167835 -0.0706178 0.068802 243 9
290.585 1.94943 0.0630532 14.3689 0.0676032 0.17854 -0.0703703 0.068559 244 9
291.732 2.02807 0.0684615 14.3941 0.0621795 0.315058 -0.067796 0.068393 245 9
292.88 2.11255 0.0734358 14.4148 0.0567532 0.258756 -0.0678292 0.067827 246 9
294.03 2.20238 0.0779761 14.4369 0.0513661 0.276196 -0.0673385 0.06828 247 9
295.181 2.29708 0.0820854 14.4528 0.0460409 0.199306 -0.0665656 0.067117 248 9
296.333 2.39613 0.0857687 14.4689 0.0408183 0.200725 -0.0652828 0.068991 249 9
297.486 2.49905 0.0890341 14.5207 0.0353808 0.647008 -0.0679682 0.068524 250 10
298.643 2.60562 0.0918646 14.5486 0.0306995 0.348723 -0.0585158 0.070166 251 10
299.801 2.71523 0.0943205 14.5653 0.0260057 0.208783 -0.0586725 0.068502 252 9
300.961 2.82739 0.096401 14.5782 0.0217626 0.161338 -0.0530396 0.069457 253 9
302.122 2.94166 0.098142 14.5866 0.0187411 0.105882 -0.0377689 0.069603 254 10
303.283 3.05774 0.0996413 14.6004 0.0162461 0.172329 -0.0311874 0.069811 255 10
304.445 3.17544 0.100941 14.6179 0.0132175 0.218558 -0.0378573 0.069245 256 10
305.608 3.29452 0.101998 14.6445 0.00989826 0.332534 -0.0414902 0.070667 257 10
306.774 3.41473 0.10279 14.6622 0.00726452 0.220525 -0.0329218 0.069619 258 10
307.94 3.53577 0.103371 14.6815 0.00485703 0.242329 -0.0300937 0.071872 259 10
309.109 3.65742 0.10376 14.7019 0.0023446 0.254846 -0.0314054 0.070777 260 10
310.278 3.77946 0.103948 14.7207 -0.00239247 0.234914 -0.0592134 0.070644 261 8
311.45 3.90143 0.103756 14.7408 -0.00672152 0.251079 -0.0541131 0.069741 262 8
312.623 4.02293 0.103218 14.7482 -0.0120673 0.0922084 -0.0668223 0.070317 263 7
313.796 4.14337 0.102253 14.7175 -0.0268234 -0.383174 -0.184451 0.069634 264 0
314.968 4.26103 0.100107 14.7319 -0.0327233 0.179601 -0.073749 0.069386 265 5
316.141 4.37575 0.0974893 14.7449 -0.0379805 0.162482 -0.0657143 0.069582 266 5
317.315 4.487 0.0944509 14.7618 -0.0399385 0.211513 -0.0244754 0.070607 267 7
318.491 4.59462 0.0912558 14.7737 -0.0402707 0.147998 -0.00415193 0.069486 268 8
319.669 4.69853 0.0880341 14.7862 -0.043099 0.156403 -0.0353539 0.068511 269 6
320.847 4.79847 0.0845862 14.8032 -0.0401775 0.212765 0.0365179 0.067367 270 10
322.028 4.89472 0.081372 14.8079 -0.0414723 0.0584126 -0.0161839 0.069389 271 7
323.209 4.9871 0.0780542 14.8201 -0.0411203 0.153232 0.00439971 0.06784 272 8
324.391 5.07565 0.0747646 14.8343 -0.0406779 0.177276 0.00552917 0.069182 273 8
325.575 5.16045 0.0715104 14.8429 -0.0388157 0.107765 0.0232787 0.068294 274 9
326.759 5.24161 0.0684051 14.8515 -0.0383797 0.1068 0.00544963 0.067474 275 8
327.945 5.31918 0.0653347 14.8594 -0.0378496 0.0995636 0.0066258 0.065995 276 8
329.131 5.3932 0.0623068 14.8562 -0.0359385 -0.0408173 0.0238885 0.066203 277 9
330.318 5.46379 0.0594317 14.8683 -0.0327224 0.152159 0.0402019 0.066006 278 10
331.505 5.53133 0.0568139 14.8754 -0.0350775 0.0877142 -0.0294396 0.067112 279 6
332.694 5.59557 0.0540077 14.877 -0.0370849 0.0209808 -0.0250916 0.067004 280 6
333.882 5.65629 0.0510409 14.883 -0.0347354 0.0745296 0.0293691 0.067846 281 9
335.071 5.71374 0.0482621 14.8851 -0.0351974 0.0261664 -0.00577536 0.068049 282 7
336.261 5.76783 0.0454463 14.8845 -0.0354769 -0.00802279 -0.00349339 0.066498 283 7
337.451 5.81856 0.0426081 14.8839 -0.0342732 -0.00660419 0.0150457 0.065881 284 8
338.64 5.86601 0.0398663 14.8906 -0.0316979 0.0838995 0.0321907 0.068944 285 9
339.831 5.91047 0.0373304 14.891 -0.0306225 0.00469685 0.013443 0.067394 286 8
341.021 5.95202 0.0348806 14.8954 -0.0321895 0.0544429 -0.0195873 0.068514 287 6
342.212 5.99051 0.0323055 14.9022 -0.0281178 0.0849366 0.0508967 0.067671 288 10
343.404 6.02633 0.0300561 14.9051 -0.0283758 0.0370026 -0.00322526 0.068076 289 7
344.596 6.05946 0.027786 14.9097 -0.0258139 0.0568628 0.032023 0.107772 290 9
345.788 6.09014 0.0257209 14.9115 -0.0261102 0.0224233 -0.00370375 0.070027 291 7
346.981 6.11832 0.0236321 14.9143 -0.0249271 0.0353336 0.014789 0.06774 292 8
348.174 6.14414 0.0216379 14.9209 -0.0224183 0.0826001 0.0313602 0.068901 293 9
349.367 6.16783 0.0198444 14.9319 -0.0187387 0.137186 0.0459947 0.068151 294 10
350.562 6.18974 0.0183453 14.9314 -0.0207072 -0.00634193 -0.0246061 0.067922 295 6
351.756 6.20967 0.0166888 14.9403 -0.0236899 0.112092 -0.037283 0.102907 296 5
352.951 6.22735 0.0147936 14.9499 -0.024986 0.119817 -0.016202 0.068698 297 6
354.147 6.24266 0.0127947 14.9534 -0.0246915 0.0430822 0.00368115 0.070968 298 7
355.343 6.2556 0.0108194 14.9533 -0.0243309 -0.000476837 0.00450742 0.070849 299 7
356.539 6.26621 0.00887289 14.9628 -0.0252367 0.117731 -0.0113217 0.070171 300 6
357.736 6.27442 0.00685396 14.9648 -0.0219147 0.0255108 0.0415248 0.070117 301 9
358.934 6.28052 0.00510079 14.9684 -0.021516 0.0447273 0.00498374 0.10878 302 7
360.131 6.28457 0.00337951 14.9799 -0.0237477 0.143647 -0.0278972 0.070064 303 5
361.329 6.28634 0.00147969 14.9861 -0.0202825 0.0780702 0.043315 0.068666 304 9
362.528 6.28617 -0.000142915 14.9889 -0.0184087 0.0343204 0.0234225 0.069903 305 8
363.727 6.28423 -0.00161561 14.995 -0.0179735 0.0773668 0.005441 0.069685 306 7
364.927 6.28057 -0.00305349 14.998 -0.014814 0.036788 0.0394932 0.070585 307 9
366.127 6.27549 -0.00423861 15.0042 -0.0145828 0.078249 0.00289019 0.069775 308 7
367.327 6.269 -0.00540524 15.0001 -0.0156384 -0.0512004 -0.0131955 0.070081 309 6
368.527 6.26101 -0.00665631 15.0008 -0.0165031 0.00840426 -0.0108085 0.067936 310 6
369.727 6.25144 -0.00797656 14.9953 -0.018523 -0.0694275 -0.0252482 0.068428 311 5
370.927 6.24009 -0.0094584 14.9951 -0.0149107 -0.00269413 0.0451528 0.070283 312 9
372.126 6.22731 -0.0106513 14.998 -0.0169289 0.0365973 -0.0252271 0.072034 313 5
373.326 6.21291 -0.0120056 14.9993 -0.013304 0.0167251 0.0453121 0.072491 314 9
374.526 6.19723 -0.0130699 14.9957 -0.0139761 -0.0457168 -0.00840139 0.07216 315 6
375.725 6.18021 -0.014188 14.9946 -0.0118392 -0.0128031 0.0267106 0.072337 316 8
376.925 6.16205 -0.0151351 15.0033 -0.00986861 0.10891 0.0246326 0.071699 317 8
378.125 6.14294 -0.0159246 14.9998 -0.00802376 -0.0448465 0.0230606 0.070854 318 8
379.325 6.12306 -0.0165665 14.9983 -0.0076438 -0.0178456 0.00474945 0.070529 319 7
380.524 6.10245 -0.017178 14.998 -0.00592996 -0.00451803 0.021423 0.071453 320 8
381.724 6.08127 -0.0176524 14.9954 -0.00567251 -0.0317097 0.00321814 0.070571 321 7
382.923 6.05955 -0.0181062 14.9912 -0.00406168 -0.0523806 0.0201353 0.070693 322 8
384.123 6.03745 -0.0184311 15.002 -0.0026138 0.134301 0.0180985 0.071021 323 8
385.323 6.01508 -0.0186402 14.9958 -0.00525101 -0.0778437 -0.032965 0.070176 324 5
386.522 5.99221 -0.0190603 14.9926 -0.0049195 -0.0398874 0.00414383 0.070805 325 7
387.721 5.96888 -0.0194539 14.9984 -0.0046001 0.0727057 0.00399245 0.069926 326 7
388.921 5.9451 -0.0198219 14.9969 -0.00560947 -0.0187755 -0.0126171 0.069062 327 6
390.12 5.92078 -0.0202706 14.9925 -0.00377884 -0.0548601 0.0228829 0.069597 328 8
391.319 5.89611 -0.020573 14.9969 -0.000780316 0.0544667 0.0374815 0.06842 329 9
392.519 5.87135 -0.0206354 14.9919 0.00194048 -0.0623822 0.0340099 0.068963 330 9
393.718 5.84679 -0.0204801 14.9889 0.00171536 -0.0372767 -0.00281403 0.068173 331 7
394.917 5.8224 -0.0203429 14.9974 0.00285295 0.106096 0.01422 0.069757 332 8
396.116 5.79827 -0.0201147 15.0052 0.00252844 0.097847 -0.00405645 0.067924 333 7
397.317 5.77437 -0.0199124 14.9975 0.00227265 -0.0957847 -0.00319734 0.068596 334 7
398.516 5.7507 -0.0197306 15.0044 0.00201869 0.086236 -0.00317446 0.068633 335 7
399.716 5.72721 -0.0195691 15.0061 0.00449345 0.0214696 0.0309345 0.06746 336 9
400.917 5.70415 -0.0192096 15.0136 0.00266885 0.0925183 -0.0228076 0.068731 337 6
