1.12 10 0 14.0245 -0.00394879 0.306785 -0.0493598 0.248819 1 3
2.24196 9.99965 -0.000315903 14.0493 -0.00522126 0.309896 -0.015906 0.100035 2 5
3.36591 9.99882 -0.000733604 14.0734 -0.00638253 0.301099 -0.0145158 0.082321 3 5
4.49178 9.99742 -0.00124421 14.0968 -0.00743775 0.292528 -0.0131903 0.093168 4 5
5.61953 9.99535 -0.00183923 14.1196 -0.00839196 0.284159 -0.0119276 0.087095 5 5
6.74909 9.99251 -0.00251058 14.1416 -0.00925003 0.276041 -0.0107258 0.099128 6 5
7.88041 9.98883 -0.00325059 14.1631 -0.0100167 0.268114 -0.00958308 0.099837 7 5
9.01345 9.98424 -0.00405192 14.1839 -0.0106965 0.260401 -0.00849753 0.079707 8 5
10.1482 9.97867 -0.00490764 14.2042 -0.0112939 0.252879 -0.00746737 0.10016 9 5
11.2845 9.97207 -0.00581115 14.2238 -0.0118131 0.245559 -0.00649083 0.098303 10 5
12.4223 9.96438 -0.0067562 14.2429 -0.0122584 0.238419 -0.00556617 0.076159 11 5
13.5617 9.95557 -0.00773687 14.2614 -0.0126338 0.231457 -0.00469164 0.095694 12 5
14.7026 9.94559 -0.00874757 14.2795 -0.0145311 0.226021 -0.023717 0.100886 13 4
15.8449 9.93427 -0.00991006 14.2971 -0.0162402 0.220668 -0.0213638 0.100158 14 4
16.9886 9.92144 -0.0112093 14.3143 -0.0177703 0.21534 -0.0191264 0.095866 15 4
18.1337 9.90698 -0.0126309 14.3312 -0.0191304 0.210047 -0.0170011 0.099932 16 4
19.28 9.89075 -0.0141613 14.3475 -0.0203292 0.204802 -0.0149844 0.074748 17 4
20.4277 9.87263 -0.0157877 14.3635 -0.021375 0.199604 -0.0130726 0.099989 18 4
21.5766 9.85252 -0.0174977 14.3791 -0.022276 0.19443 -0.0112625 0.099101 19 4
22.7267 9.83034 -0.0192798 14.3944 -0.0238327 0.192094 -0.0194583 0.098929 20 3
23.878 9.80595 -0.0211864 14.4094 -0.0251971 0.187743 -0.0170554 0.080851 21 3
25.0305 9.7792 -0.0232021 14.4241 -0.0263794 0.18338 -0.0147793 0.099679 22 3
26.184 9.75 -0.0253125 14.4384 -0.0273895 0.178969 -0.0126258 0.098758 23 3
27.3387 9.71823 -0.0275036 14.4524 -0.0282368 0.174534 -0.0105909 0.099426 24 3
28.4943 9.68383 -0.0297626 14.466 -0.0289304 0.170112 -0.00867043 0.099503 25 3
29.651 9.64671 -0.032077 14.4788 -0.0286845 0.159323 0.00307409 0.089155 26 4
30.8086 9.60691 -0.0343718 14.4911 -0.0283655 0.154543 0.00398757 0.099974 27 4
31.9671 9.56444 -0.036641 14.5031 -0.0279788 0.149834 0.00483389 0.093744 28 4
33.1265 9.51934 -0.0388793 14.5147 -0.0275295 0.145221 0.00561571 0.09888 29 4
34.2867 9.47165 -0.0410817 14.5242 -0.0270135 0.118184 0.00644985 0.09894 30 4
35.4476 9.42142 -0.0432428 14.5336 -0.0248569 0.117421 0.0269579 0.176797 31 5
36.6091 9.36885 -0.0452313 14.5427 -0.0227793 0.113845 0.02597 0.247295 32 5
37.7712 9.31413 -0.0470537 14.5515 -0.0207793 0.110412 0.0249999 0.181141 33 5
38.9339 9.25744 -0.048716 14.5601 -0.0188554 0.107098 0.0240481 0.232956 34 5
40.0973 9.19896 -0.0502244 14.5684 -0.0170063 0.103915 0.0231146 0.178069 35 5
41.2612 9.13887 -0.0515849 14.5765 -0.0152303 0.100839 0.0221996 0.154947 36 5
42.4257 9.07732 -0.0528034 14.5843 -0.013526 0.0978708 0.0213034 0.243567 37 5
43.5907 9.01448 -0.0538854 14.5919 -0.0118919 0.0950217 0.0204261 0.24653 38 5
44.7563 8.9505 -0.0548368 14.5993 -0.0103265 0.0922561 0.0195677 0.21222 39 5
45.9225 8.88552 -0.0556629 14.6064 -0.00882826 0.0895977 0.0187283 0.242919 40 5
47.0891 8.81969 -0.0563692 14.6134 -0.00739562 0.0870228 0.0179081 0.105639 41 5
48.2563 8.75313 -0.0569608 14.62 -0.00762192 0.082612 -0.00282873 0.087696 42 4
49.424 8.68583 -0.0575706 14.6265 -0.00618833 0.0813723 0.0179199 0.077186 43 5
50.5921 8.61793 -0.0580656 14.6328 -0.00482159 0.0790834 0.0170842 0.091057 44 5
51.7607 8.54954 -0.0584514 14.6366 -0.00509734 0.0465631 -0.00344694 0.087598 45 4
52.9296 8.48066 -0.0588592 14.6426 -0.00373308 0.0748396 0.0170533 0.20184 46 5
54.099 8.41141 -0.0591578 14.6484 -0.00243634 0.0728011 0.0162093 0.189615 47 5
55.2688 8.34189 -0.0593527 14.654 -0.00120527 0.0708222 0.0153884 0.262401 48 5
56.439 8.27224 -0.0594491 14.6596 -3.80313e-05 0.068903 0.0145905 0.237064 49 5
57.6097 8.20256 -0.0594522 14.6649 0.00106719 0.0670433 0.0138153 0.230948 50 5
58.7809 8.13295 -0.0593668 14.6701 0.0021122 0.0652671 0.0130627 0.238774 51 5
59.9524 8.06352 -0.0591978 14.6752 0.00309879 0.0635147 0.0123323 0.253313 52 5
61.1244 7.99435 -0.0589499 14.6802 0.00402872 0.0618339 0.0116241 0.231966 53 5
62.2968 7.92553 -0.0586276 14.6849 0.00402808 0.059247 -8.00937e-06 0.194332 54 4
63.4696 7.85708 -0.0583054 14.6951 0.00441804 0.127542 0.00487457 0.260521 55 3
64.6432 7.78899 -0.0579519 14.7069 0.00506208 0.147343 0.00805045 0.240208 56 2
65.8178 7.72132 -0.057547 14.7105 0.00460455 0.0454545 -0.00571905 0.281605 57 3
66.9927 7.65406 -0.0571786 14.7146 0.0043659 0.0505209 -0.00298312 0.277225 58 4
68.168 7.5872 -0.0568293 14.718 0.00404083 0.0422239 -0.00406341 0.295 59 3
69.3436 7.5207 -0.0565061 14.7219 0.00389709 0.0487804 -0.00179678 0.286553 60 4
70.5195 7.45456 -0.0561943 14.7252 0.00382812 0.0412226 -0.000862152 0.248535 61 4
71.6956 7.38875 -0.055888 14.7282 0.0038491 0.0380993 0.000262339 0.233665 62 4
72.8721 7.3233 -0.0555801 14.7312 0.00409164 0.0375867 0.00303174 0.226855 63 3
74.0488 7.25822 -0.0552528 14.735 0.00414952 0.0469565 0.000723469 0.190171 64 3
75.2258 7.19351 -0.0549208 14.7397 0.00405922 0.0586629 -0.00112882 0.271342 65 3
76.4032 7.12916 -0.0545961 14.7432 0.00396546 0.0444412 -0.00117194 0.197182 66 3
77.5809 7.06518 -0.0542789 14.7471 0.00415543 0.0482559 0.00237466 0.194965 67 3
78.759 7.00156 -0.0539464 14.7528 0.00469396 0.0718951 0.00673162 0.318761 68 3
79.9375 6.93837 -0.0535709 14.7559 0.00537045 0.0388384 0.00845614 0.319264 69 4
81.1163 6.87566 -0.0531413 14.7607 0.00656701 0.0598192 0.0149569 0.196309 70 4
82.2955 6.81356 -0.0526159 14.7669 0.00790638 0.0778198 0.0167422 0.23452 71 4
83.4753 6.75218 -0.0519834 14.7714 0.00887407 0.0552177 0.0120961 0.242295 72 4
84.6555 6.69161 -0.0512735 14.775 0.00965358 0.0460148 0.00974395 0.331192 73 4
85.836 6.63195 -0.0505012 14.7783 0.0103154 0.0408411 0.00827332 0.286766 74 4
87.0168 6.57324 -0.0496759 14.781 0.0107996 0.0329852 0.00605172 0.320866 75 4
88.1978 6.51554 -0.048812 14.7837 0.0111178 0.0342727 0.00397727 0.232734 76 4
89.3792 6.45889 -0.0479226 14.7863 0.0114541 0.0324965 0.00420389 0.249075 77 4
90.5608 6.4033 -0.0470062 14.7889 0.011625 0.0323534 0.00213684 0.236472 78 4
91.7426 6.34881 -0.0460762 14.7944 0.0117406 0.0688076 0.0014443 0.203265 79 3
92.925 6.29541 -0.045137 14.7988 0.0117618 0.0556946 0.000264915 0.254207 80 3
94.1077 6.2431 -0.044196 14.8039 0.0120707 0.0632763 0.00386166 0.31663 81 2
95.2909 6.19192 -0.0432304 14.8037 0.0122009 -0.00240803 0.00162711 0.256491 82 2
96.4742 6.14189 -0.0422543 14.8067 0.0119777 0.0370502 -0.00278924 0.276992 83 3
97.6577 6.09299 -0.0412961 14.8096 0.0118852 0.0363231 -0.00115684 0.263833 84 4
98.8415 6.0452 -0.0403453 14.8115 0.0118716 0.0240803 -0.000169524 0.214655 85 4
100.025 5.99853 -0.0393956 14.8141 0.0120022 0.0325203 0.00163239 0.208794 86 4
101.21 5.95299 -0.0384354 14.817 0.0122442 0.0357509 0.00302453 0.231811 87 4
102.394 5.9086 -0.0374558 14.8174 0.0129172 0.00584126 0.00841261 0.278936 88 5
103.579 5.86544 -0.0364225 14.8212 0.0130692 0.0467777 0.00190052 0.197195 89 4
104.764 5.8235 -0.0353769 14.824 0.0130999 0.0351906 0.000384089 0.23087 90 4
105.949 5.7828 -0.0343289 14.8277 0.0130476 0.0459909 -0.000654173 0.261262 91 4
107.135 5.74332 -0.0332851 14.8309 0.012951 0.0398397 -0.00120796 0.218989 92 4
108.32 5.70507 -0.0322491 14.8332 0.0128484 0.0296593 -0.00128184 0.233399 93 4
109.507 5.66802 -0.0312212 14.8369 0.0132028 0.0452757 0.00442903 0.22076 94 4
110.693 5.63223 -0.030165 14.8289 0.0134348 -0.0999928 0.00290072 0.244752 95 2
111.879 5.59772 -0.0290902 14.8167 0.0129101 -0.151718 -0.0065591 0.149501 96 4
113.064 5.56447 -0.0280574 14.8055 0.012383 -0.140226 -0.00658826 0.099466 97 4
114.248 5.53241 -0.0270667 14.7929 0.0118805 -0.157607 -0.00628092 0.208282 98 4
115.431 5.50151 -0.0261163 14.7744 0.0115965 -0.231743 -0.00355003 0.218171 99 4
116.612 5.47174 -0.0251886 14.7493 0.0112762 -0.313485 -0.00400484 0.261837 100 4
117.792 5.44309 -0.0242865 14.7499 0.00892927 0.00770092 -0.0293361 0.221406 101 1
118.971 5.41527 -0.0235721 14.7139 0.00829545 -0.450099 -0.00792274 0.251265 102 4
120.148 5.38831 -0.0229085 14.7131 0.00629744 -0.00982285 -0.0249751 0.253827 103 1
121.325 5.36194 -0.0224047 14.7059 0.00402228 -0.0901818 -0.0284395 0.254345 104 1
122.501 5.33596 -0.0220829 14.7461 0.00184739 0.502121 -0.0271862 0.243699 105 0
123.681 5.31009 -0.0219351 14.714 0.0019657 -0.400555 0.00147896 0.234706 106 4
124.857 5.28446 -0.0217779 14.7342 -0.000348354 0.252151 -0.0289257 0.226699 107 0
126.036 5.25875 -0.0218057 14.7396 -0.00253309 0.0673056 -0.0273092 0.227916 108 1
127.215 5.23281 -0.0220084 14.7426 -0.00472263 0.0376463 -0.0273692 0.257103 109 1
128.394 5.20641 -0.0223862 14.7452 -0.00691227 0.0332952 -0.0273705 0.22816 110 1
129.573 5.17935 -0.0229392 14.7459 -0.00901031 0.0087142 -0.0262256 0.249678 111 1
130.753 5.15144 -0.02366 14.7682 -0.0111675 0.278628 -0.0269644 0.224442 112 0
131.934 5.12243 -0.0245534 14.7916 -0.0130864 0.292647 -0.0239866 0.260774 113 0
133.117 5.09214 -0.0256003 14.8138 -0.0147289 0.276697 -0.0205307 0.280082 114 0
134.301 5.06041 -0.0267786 14.8345 -0.0163123 0.25965 -0.0197927 0.211695 115 0
135.488 5.02709 -0.0280836 14.8524 -0.0179187 0.222969 -0.0200809 0.21016 116 0
136.675 4.99202 -0.0295171 14.8689 -0.0194825 0.206172 -0.0195475 0.242699 117 0
137.864 4.95506 -0.0310757 14.883 -0.0210279 0.176287 -0.0193175 0.247851 118 0
139.054 4.91607 -0.0327579 14.8852 -0.0226694 0.0279427 -0.0205189 0.260201 119 0
140.244 4.87491 -0.0345715 14.8864 -0.024829 0.014317 -0.0269942 0.229303 120 0
141.434 4.83138 -0.0365578 14.8803 -0.0294351 -0.0757337 -0.0575766 0.198602 121 1
142.624 4.78507 -0.0389126 14.8722 -0.0333276 -0.10128 -0.048656 0.217629 122 0
143.813 4.73561 -0.0415788 14.8883 -0.0363543 0.20119 -0.0378337 0.208244 123 0
145.003 4.68264 -0.0444872 14.895 -0.0395616 0.0838041 -0.0400918 0.258246 124 0
146.193 4.62588 -0.0476521 14.8974 -0.0424338 0.0300169 -0.0359019 0.244414 125 0
147.383 4.56507 -0.0510468 14.9111 -0.0449408 0.171113 -0.0313381 0.252962 126 0
148.574 4.49992 -0.0546421 14.9195 -0.0467395 0.105023 -0.0224834 0.249307 127 0
149.766 4.43028 -0.0583812 14.9444 -0.0486037 0.310743 -0.023302 0.290993 128 0
150.959 4.35588 -0.0622695 14.9384 -0.0465844 -0.0738502 0.0252406 0.244484 129 5
152.151 4.27707 -0.0659963 14.9692 -0.0490421 0.384021 -0.0307208 0.244497 130 0
153.346 4.19341 -0.0699196 14.9855 -0.0507828 0.20442 -0.0217589 0.240829 131 0
154.542 4.10479 -0.0739823 14.9811 -0.0535365 -0.0547647 -0.0344214 0.281983 132 1
155.736 4.01109 -0.0782652 14.9732 -0.0540707 -0.0996828 -0.00667693 0.219523 133 0
156.93 3.91227 -0.0825908 14.9761 -0.0534683 0.0368357 0.00752984 0.236379 134 0
158.124 3.80833 -0.0868683 14.983 -0.0525088 0.0855446 0.0119931 0.223972 135 0
159.317 3.69932 -0.091069 14.989 -0.0514993 0.0760078 0.0126185 0.233669 136 0
160.511 3.58535 -0.0951889 15.0043 -0.0505905 0.191212 0.0113606 0.220814 137 0
161.706 3.46642 -0.0992362 15.0268 -0.0495621 0.281405 0.0128549 0.228844 138 0
162.901 3.34258 -0.103201 15.0576 -0.048281 0.384712 0.0160138 0.243034 139 0
164.099 3.21386 -0.107064 15.0888 -0.0468866 0.38954 0.0174303 0.251889 140 0
165.299 3.08037 -0.110815 15.1181 -0.0456396 0.366056 0.0155872 0.271754 141 0
166.5 2.94223 -0.114466 15.1466 -0.0443783 0.356841 0.0157667 0.246891 142 0
167.704 2.79956 -0.118016 15.1702 -0.0436415 0.294971 0.00920962 0.298491 143 0
168.908 2.65246 -0.121507 15.187 -0.0439513 0.210071 -0.00387304 0.270795 144 0
170.114 2.50095 -0.125023 15.2062 -0.0450758 0.240016 -0.0140558 0.24302 145 0
171.32 2.34491 -0.128629 15.2145 -0.0472836 0.104022 -0.0275971 0.252758 146 0
172.527 2.18421 -0.132412 14.9912 -0.0273149 -2.79168 0.249608 0.359205 147 2
173.715 2.02327 -0.134597 14.8179 -0.00841886 -2.1667 0.236201 0.271442 148 5
174.89 1.86341 -0.135271 14.6416 0.00746858 -2.20318 0.198593 0.291985 149 1
176.05 1.70614 -0.134673 14.4855 0.0224597 -1.95149 0.187389 0.276832 150 1
177.199 1.55261 -0.132877 14.3087 0.0335366 -2.20935 0.138461 0.337989 151 2
178.334 1.404 -0.130194 14.1892 0.0469247 -1.49431 0.167351 0.312709 152 1
179.46 1.26085 -0.12644 14.1096 0.062793 -0.994587 0.198355 0.36742 153 4
180.581 1.12414 -0.121416 14.008 0.0716577 -1.27068 0.110808 0.311385 154 1
181.694 0.994787 -0.115684 13.9018 0.0843697 -1.32713 0.158901 0.311803 155 5
182.799 0.873876 -0.108934 13.8021 0.0954948 -1.24643 0.139064 0.293286 156 5
183.898 0.762221 -0.101294 13.6952 0.100533 -1.33657 0.0629766 0.233768 157 1
184.989 0.660201 -0.0932518 13.6109 0.109197 -1.05401 0.108302 0.342085 158 5
186.074 0.568284 -0.0845161 13.5402 0.116517 -0.883734 0.0914962 0.324235 159 5
187.154 0.486909 -0.0751947 13.4811 0.121998 -0.737929 0.0685091 0.409648 160 5
188.23 0.416388 -0.0654349 13.4206 0.130127 -0.75618 0.101617 0.336873 161 4
189.302 0.357341 -0.0550248 13.3765 0.133658 -0.550997 0.0441346 0.342322 162 5
190.371 0.309915 -0.0443322 13.3176 0.138711 -0.736177 0.063169 0.322167 163 5
191.436 0.274513 -0.0332353 13.2713 0.142864 -0.579202 0.0519061 0.319283 164 5
192.497 0.251363 -0.0218062 13.2278 0.138136 -0.5445 -0.059092 0.385692 165 1
193.555 0.239982 -0.0107553 13.206 0.13296 -0.271726 -0.0647044 0.378439 166 1
194.612 0.239856 -0.000118466 13.1963 0.12704 -0.120962 -0.0740012 0.388368 167 1
195.668 0.250461 0.0100447 13.1674 0.119482 -0.361395 -0.0944716 0.428856 168 1
196.721 0.271109 0.0196033 13.1512 0.114 -0.203002 -0.068531 0.574918 169 1
197.772 0.301325 0.0287233 13.1272 0.108792 -0.300407 -0.0650911 0.443133 170 1
198.822 0.34062 0.0374267 13.091 0.103585 -0.451732 -0.065092 0.376341 171 1
199.868 0.388478 0.0457135 13.0391 0.0966673 -0.648332 -0.0864718 0.400377 172 0
200.91 0.444204 0.0534468 13.0243 0.0906316 -0.185657 -0.0754456 0.364118 173 1
201.95 0.507408 0.0606974 13.0187 0.0840262 -0.069356 -0.0825673 0.357555 174 1
202.989 0.577572 0.0674195 13.023 0.0762616 0.0528097 -0.0970577 0.32718 175 0
204.028 0.6541 0.0735204 13.0307 0.0696646 0.0961304 -0.0824634 0.345908 176 0
205.067 0.736465 0.0790936 13.0362 0.0633931 0.0689983 -0.0783931 0.40079 177 0
206.106 0.824137 0.084165 13.0279 0.0572707 -0.103021 -0.07653 0.350147 178 0
207.144 0.91651 0.0887467 13.0192 0.0508926 -0.109529 -0.0797259 0.340203 179 0
208.182 1.01304 0.0928181 13.0129 0.0443463 -0.0787973 -0.0818292 0.321221 180 0
209.218 1.11321 0.0963658 13.0063 0.0376009 -0.0819922 -0.0843176 0.327302 181 0
210.253 1.21644 0.0993739 12.9747 0.0280986 -0.395477 -0.118779 0.127969 182 0
211.286 1.32174 0.101622 12.952 0.0196089 -0.283277 -0.106121 0.158488 183 0
212.316 1.42847 0.10319 12.9341 0.0112925 -0.223982 -0.103954 0.119631 184 0
213.345 1.53598 0.104094 12.8928 -0.000721458 -0.516021 -0.150175 0.178838 185 5
214.371 1.6431 0.104036 12.8595 -0.0111424 -0.416803 -0.130262 0.19155 186 5
215.395 1.74902 0.103145 12.8313 -0.0218944 -0.35193 -0.134401 0.230832 187 5
216.416 1.85292 0.101393 12.8064 -0.0312835 -0.311041 -0.117363 0.253827 188 5
217.435 1.95407 0.0988905 12.8012 -0.0375148 -0.0659466 -0.0778912 0.264491 189 5
218.455 2.05212 0.0958893 12.8096 -0.0437356 0.105822 -0.0777604 0.277662 190 5
219.475 2.14666 0.0923905 12.8376 -0.0480679 0.350297 -0.0541535 0.418256 191 5
220.498 2.23748 0.0885451 12.6641 -0.0520316 -2.16939 -0.0495458 0.331444 192 4
221.508 2.32287 0.0843825 12.5346 -0.0488034 -1.61853 0.0403524 0.462692 193 4
222.507 2.40349 0.0804783 12.5003 -0.0468413 -0.428617 0.0245264 0.425602 194 4
223.504 2.48014 0.076731 12.506 -0.0511977 0.0712872 -0.0544552 0.372556 195 5
224.502 2.55275 0.0726351 12.5006 -0.0553315 -0.0673652 -0.0516727 0.418779 196 5
225.5 2.62091 0.0682086 12.5257 -0.0589048 0.313139 -0.0446663 0.396277 197 5
226.5 2.68449 0.0634962 12.5639 -0.0616063 0.477731 -0.0337681 0.35455 198 5
227.503 2.74333 0.0585677 12.591 -0.0638584 0.338507 -0.0281522 0.367959 199 5
228.509 2.79715 0.0534591 12.6316 -0.0657486 0.5072 -0.0236274 0.284397 200 5
229.518 2.84584 0.0481992 12.6827 -0.0658958 0.638819 -0.00183927 0.284804 201 3
230.532 2.88938 0.0429275 12.759 -0.0670789 0.954032 -0.0147899 0.33669 202 0
231.552 2.92771 0.0375612 12.7979 -0.0679635 0.486064 -0.0110564 0.285073 203 2
232.575 2.96059 0.0321241 12.8573 -0.0683657 0.742817 -0.00502802 0.311157 204 1
233.604 2.98801 0.0266549 12.9185 -0.0683883 0.764668 -0.000282563 0.399909 205 1
234.637 3.0099 0.0211838 12.9942 -0.0688311 0.946891 -0.00553504 0.362845 206 0
235.676 3.02619 0.0156773 13.0697 -0.0689301 0.943041 -0.00123754 0.415259 207 0
236.722 3.03682 0.0101629 13.147 -0.0685417 0.966382 0.00485489 0.354806 208 0
237.774 3.04174 0.00467956 13.2195 -0.0679044 0.906634 0.00796681 0.107812 209 0
238.831 3.04095 -0.00075279 13.2873 -0.0673064 0.847316 0.00747517 0.076134 210 0
239.894 3.03442 -0.0061373 13.3508 -0.0667053 0.794399 0.00751317 0.098487 211 0
240.962 3.02217 -0.0114737 13.4109 -0.0660645 0.750387 0.00800993 0.100931 212 0
242.035 3.00419 -0.0167589 13.4681 -0.0653587 0.715315 0.00882288 0.115464 213 0
243.112 2.9805 -0.0219876 13.5225 -0.0645785 0.679672 0.00975179 0.207473 214 0
244.193 2.95113 -0.0271539 13.574 -0.0637207 0.643444 0.0107236 0.21942 215 0
245.279 2.91611 -0.0322515 13.6207 -0.0612252 0.584531 0.0311929 0.284677 216 1
246.368 2.87564 -0.0371495 13.6666 -0.0603296 0.573111 0.0111948 0.295868 217 0
247.46 2.82976 -0.0419759 13.7011 -0.0587889 0.432146 0.0192593 0.17368 218 1
248.555 2.77861 -0.046679 13.734 -0.0587481 0.410354 0.000509713 0.274712 219 0
249.652 2.72219 -0.0513789 13.759 -0.0590318 0.312328 -0.00354568 0.32886 220 0
250.751 2.66047 -0.0561014 13.7832 -0.059157 0.303555 -0.0015656 0.326181 221 0
251.852 2.59343 -0.060834 13.8086 -0.0589356 0.316584 0.00276812 0.347709 222 0
252.954 2.52107 -0.0655488 13.8333 -0.0583581 0.309384 0.00721826 0.29777 223 0
254.058 2.44343 -0.0702175 13.8564 -0.0576227 0.28851 0.0091922 0.361947 224 0
255.163 2.36056 -0.0748273 13.5364 -0.0411163 -4 0.206331 0.362741 225 1
256.243 2.27605 -0.0781166 13.2164 -0.0275389 -4 0.169717 0.358857 226 0
257.297 2.19122 -0.0803197 12.8964 -0.0141191 -4 0.167747 0.401325 227 3
258.325 2.10728 -0.0814492 12.5764 0.000767197 -4 0.186079 0.353229 228 1
259.328 2.02549 -0.0813878 12.6341 -0.00314282 0.721514 -0.0488752 0.336413 229 0
260.335 1.94306 -0.0816393 12.6919 -0.00656437 0.721848 -0.0427694 0.328387 230 0
261.347 1.85973 -0.0821644 12.7503 -0.00713514 0.730371 -0.00713464 0.297195 231 3
262.364 1.77544 -0.0827352 12.8058 -0.00789336 0.693417 -0.00947774 0.220014 232 2
263.385 1.69013 -0.0833667 12.4858 0.00168948 -4 0.119786 0.410899 233 1
264.38 1.60709 -0.0832315 12.5503 0.000353532 0.807166 -0.0166993 0.317184 234 3
265.381 1.52365 -0.0832033 12.2303 -9.42962e-05 -4 -0.00559785 0.39822 235 5
266.356 1.44232 -0.0832108 12.3026 -0.00295404 0.90276 -0.0357468 0.338219 236 0
267.337 1.36029 -0.0834471 12.3694 -0.00471719 0.835705 -0.0220393 0.294752 237 1
268.323 1.27744 -0.0838245 12.4345 -0.00651477 0.812948 -0.0224697 0.327183 238 1
269.314 1.19363 -0.0843457 12.4993 -0.00895327 0.810838 -0.0304813 0.331688 239 0
270.31 1.10868 -0.0850619 12.5652 -0.0108592 0.823259 -0.0238237 0.405189 240 0
271.312 1.02241 -0.0859307 12.6367 -0.0115667 0.893784 -0.00884394 0.359653 241 0
272.319 0.934712 -0.086856 12.706 -0.0121576 0.866461 -0.00738646 0.353814 242 0
273.331 0.84555 -0.0878286 12.7732 -0.0126384 0.839901 -0.00601027 0.435667 243 0
274.349 0.754888 -0.0888397 12.8383 -0.0130154 0.814092 -0.0047127 0.285735 244 0
275.372 0.662699 -0.0898809 12.9014 -0.0132947 0.789022 -0.00349125 0.427707 245 0
276.4 0.568963 -0.0909445 12.9627 -0.0142372 0.765169 -0.0117812 0.381557 246 0
277.433 0.473606 -0.0920835 13.0219 -0.0150503 0.740647 -0.0101627 0.421312 247 0
278.47 0.376565 -0.0932875 13.0791 -0.0157381 0.714636 -0.00859827 0.435935 248 0
279.511 0.277786 -0.0945466 12.7805 0.00471013 -3.73218 0.255603 0.388932 249 2
280.529 0.181645 -0.0941698 12.7039 0.00399944 -0.957954 -0.00888364 0.45861 250 1
281.541 0.0864043 -0.0938498 12.422 0.0229847 -3.52278 0.237315 0.384426 251 2
282.531 -0.00490396 -0.092011 12.4974 0.0190293 0.941563 -0.0494416 0.535749 252 0
283.526 -0.0952502 -0.0904887 12.2039 0.041257 -3.6682 0.277845 0.573988 253 0
284.499 -0.180265 -0.0871881 12.2806 0.0350652 0.958061 -0.077397 0.335606 254 0
285.478 -0.263068 -0.0843829 12.3153 0.0269258 0.433958 -0.101743 0.46363 255 4
286.46 -0.343991 -0.0822288 12.0649 0.0456264 -3.13023 0.233758 0.689138 256 2
287.422 -0.419756 -0.0785787 12.1603 0.0378355 1.19342 -0.0973859 0.491247 257 3
288.392 -0.493185 -0.0755519 11.8835 0.058214 -3.46037 0.254731 0.512105 258 0
289.34 -0.560527 -0.0708948 11.6634 0.0779914 -2.75186 0.247218 0.424061 259 1
290.272 -0.620813 -0.0646554 11.4413 0.0885039 -2.77601 0.131406 0.502107 260 2
291.185 -0.673482 -0.0575751 11.2668 0.104504 -2.18141 0.199998 0.448371 261 1
292.086 -0.717824 -0.0492148 11.072 0.11196 -2.43442 0.0932025 0.417387 262 2
292.971 -0.753473 -0.040258 11.0986 0.0953376 0.332272 -0.20778 0.38905 263 0
293.858 -0.782441 -0.032631 11.1369 0.0802558 0.478888 -0.188522 0.336011 264 0
294.749 -0.80579 -0.0262106 11.1741 0.0659442 0.465345 -0.178895 0.280149 265 0
295.642 -0.824503 -0.020935 11.2119 0.0526587 0.472128 -0.166068 0.351839 266 0
296.539 -0.839502 -0.0167223 11.2474 0.0403046 0.443816 -0.154427 0.326314 267 0
297.439 -0.851647 -0.013498 11.2819 0.0285834 0.430751 -0.146515 0.406757 268 0
298.341 -0.861765 -0.0112113 10.9657 0.042138 -3.95253 0.169432 0.435222 269 3
299.219 -0.868643 -0.00784026 10.7046 0.0583111 -3.2636 0.202164 0.397076 270 0
300.075 -0.871363 -0.00317537 10.4636 0.0733412 -3.01223 0.187877 0.42301 271 0
300.912 -0.869109 0.00269192 10.2312 0.0844018 -2.90552 0.138257 0.360591 272 2
301.731 -0.861379 0.00944407 9.98409 0.0929144 -3.08827 0.106408 0.402742 273 2
302.529 -0.8479 0.0168772 9.78003 0.101274 -2.5507 0.10449 0.382091 274 2
303.311 -0.828358 0.0249791 9.6468 0.110131 -1.66546 0.110716 0.45646 275 2
304.083 -0.802286 0.0337896 9.53939 0.118322 -1.34261 0.102392 0.488737 276 0
304.845 -0.769286 0.0432554 9.43605 0.123984 -1.29176 0.0707745 0.478932 277 2
305.599 -0.729165 0.0531741 9.36933 0.13063 -0.833964 0.0830736 0.449968 278 0
306.347 -0.681507 0.0636245 9.26056 0.132602 -1.35964 0.0246489 0.510352 279 4
307.086 -0.626563 0.0742327 9.13703 0.137279 -1.54414 0.058463 0.451621 280 2
307.814 -0.564349 0.085215 9.02911 0.141723 -1.34892 0.0555506 0.506018 281 2
308.533 -0.494715 0.0965528 8.93836 0.144225 -1.13447 0.0312731 0.49642 282 4
309.244 -0.417573 0.108091 8.78178 0.120161 -1.9572 -0.3008 0.427599 283 0
309.942 -0.335072 0.117704 8.67094 0.0982008 -1.38555 -0.274502 0.44115 284 0
310.63 -0.248203 0.12556 8.54984 0.0770442 -1.51367 -0.264457 0.407452 285 0
311.308 -0.158366 0.131723 8.4114 0.05639 -1.73048 -0.258177 0.445713 286 0
311.975 -0.0669756 0.136234 8.28469 0.0371159 -1.58386 -0.240926 0.403268 287 0
312.631 0.0249876 0.139204 8.27625 0.015353 -0.105536 -0.272037 0.46667 288 1
313.286 0.117662 0.140432 8.1722 -0.00127518 -1.30066 -0.207852 0.405974 289 0
313.934 0.209106 0.14033 8.0806 -0.0144595 -1.14498 -0.164804 0.387593 290 2
314.574 0.298784 0.139173 8.08517 -0.0312741 0.0570893 -0.210182 0.415652 291 1
315.215 0.38691 0.136671 8.01427 -0.0436769 -0.886214 -0.155035 0.448553 292 0
315.85 0.472043 0.133177 7.94573 -0.054956 -0.856781 -0.140989 0.47132 293 0
316.481 0.553678 0.128781 7.87886 -0.0396596 -0.8358 0.191205 0.430001 294 4
317.106 0.632641 0.125608 7.84077 -0.026193 -0.476122 0.168333 0.495647 295 2
317.729 0.709919 0.123512 7.79865 -0.0119986 -0.526518 0.17743 0.508228 296 0
318.348 0.786188 0.122553 7.77776 0.00206653 -0.26117 0.175814 0.464096 297 0
318.965 0.862354 0.122718 7.55173 -0.0146731 -2.82534 -0.209246 0.430155 298 2
319.565 0.935602 0.121544 7.34853 -0.030423 -2.54001 -0.196873 0.477845 299 0
320.149 1.00546 0.11911 7.25368 -0.0477586 -1.1856 -0.216695 0.326165 300 1
320.725 1.07221 0.11529 7.13285 -0.0656262 -1.51041 -0.223346 0.290175 301 1
321.292 1.13488 0.110039 6.9881 -0.0771173 -1.80944 -0.143639 0.316107 302 2
321.848 1.19284 0.10387 6.87657 -0.0878733 -1.39413 -0.134449 0.360991 303 0
322.396 1.24603 0.0968402 6.71549 -0.0936958 -2.01344 -0.0727814 0.462312 304 2
322.931 1.29397 0.0893445 6.62901 -0.100201 -1.08098 -0.0813207 0.479641 305 4
323.46 1.33705 0.0813284 6.6034 -0.106988 -0.320196 -0.0848333 0.383968 306 0
323.986 1.37546 0.0727694 6.59062 -0.112642 -0.159693 -0.0706796 0.415586 307 0
324.513 1.40905 0.063758 6.58719 -0.117816 -0.0429392 -0.0646729 0.39459 308 0
325.039 1.43767 0.0543326 6.59718 -0.12221 0.124907 -0.0549212 0.432326 309 0
325.566 1.46118 0.0445558 6.61814 -0.12587 0.261968 -0.0457542 0.440155 310 0
326.095 1.47943 0.0344862 6.65111 -0.128752 0.41222 -0.0360224 0.408473 311 0
326.627 1.4923 0.024186 6.69591 -0.130832 0.560009 -0.0260033 0.361972 312 0
327.163 1.49965 0.0137195 6.75913 -0.132038 0.790238 -0.0150684 0.39174 313 0
327.703 1.50136 0.00315642 6.83169 -0.13274 0.90698 -0.00877213 0.359726 314 0
328.25 1.49728 -0.00746275 6.91075 -0.132721 0.988179 0.000234693 0.357028 315 0
328.803 1.48728 -0.0180804 6.9941 -0.132323 1.04192 0.00496916 0.363919 316 0
329.362 1.47125 -0.0286663 7.08811 -0.131204 1.17514 0.0139903 0.385831 317 0
329.929 1.44904 -0.0391626 7.20651 -0.129202 1.47995 0.0250297 0.368333 318 0
330.504 1.42052 -0.0494988 7.33626 -0.126603 1.62192 0.0324786 0.451242 319 0
331.09 1.38554 -0.059627 7.47327 -0.123616 1.71257 0.0373399 0.394223 320 0
331.687 1.34402 -0.0695163 7.62479 -0.120211 1.89412 0.0425697 0.398084 321 0
332.295 1.2958 -0.0791332 7.78153 -0.116388 1.95925 0.0477863 0.43485 322 0
332.915 1.24081 -0.0884442 7.94181 -0.111205 2.00344 0.0647811 0.406278 323 1
333.547 1.17906 -0.0973406 8.11414 -0.106591 2.15407 0.0576793 0.404776 324 0
334.193 1.11047 -0.105868 8.2825 -0.101911 2.10458 0.0584981 0.50705 325 0
334.851 1.03508 -0.114021 8.33378 -0.0944591 0.641024 0.0931499 0.40593 326 2
335.513 0.954227 -0.121578 8.40106 -0.0874256 0.840962 0.0879191 0.463366 327 2
336.179 0.868053 -0.128572 8.42308 -0.0801592 0.275278 0.0908296 0.405722 328 3
336.847 0.777371 -0.134984 8.46362 -0.0734161 0.506663 0.0842892 0.429194 329 4
337.517 0.682313 -0.140858 8.62697 -0.0688044 2.04196 0.0576459 0.421901 330 1
338.2 0.58166 -0.146362 8.78739 -0.0640749 2.00521 0.0591191 0.412158 331 1
338.895 0.475572 -0.151488 8.94272 -0.0581239 1.94162 0.074388 0.376902 332 2
339.602 0.364322 -0.156138 9.09572 -0.0523299 1.91252 0.0724239 0.379029 333 2
340.32 0.24816 -0.160324 9.24572 -0.0466553 1.87498 0.0709327 0.437249 334 2
341.05 0.127357 -0.164057 9.39638 -0.0422587 1.88327 0.0549582 0.535043 335 1
341.791 0.00208031 -0.167437 9.54799 -0.0391557 1.89506 0.0387876 0.431036 336 0
342.544 -0.127577 -0.17057 9.69195 -0.0347717 1.79949 0.0547999 0.388332 337 1
343.308 -0.261314 -0.173352 9.83287 -0.0304616 1.7616 0.0538765 0.384012 338 1
344.082 -0.398883 -0.175788 9.97497 -0.0275297 1.77617 0.0366483 0.385637 339 0
344.868 -0.54017 -0.177991 10.1122 -0.0246052 1.71566 0.036556 0.436482 340 0
345.663 -0.684969 -0.179959 10.2444 -0.0203457 1.65176 0.0532443 0.420138 341 1
346.47 -0.832972 -0.181587 10.3789 -0.0175769 1.68147 0.0346092 0.452366 342 0
347.286 -0.984066 -0.182993 10.5104 -0.0148116 1.64447 0.0345672 0.416465 343 0
348.113 -1.13806 -0.184178 10.638 -0.0120232 1.59476 0.0348548 0.415854 344 0
348.949 -1.29472 -0.18514 10.7621 -0.00927014 1.55108 0.0344129 0.380075 345 0
349.795 -1.45384 -0.185881 10.8824 -0.00655052 1.50313 0.0339952 0.369394 346 0
350.651 -1.61518 -0.186406 10.999 -0.00387079 1.45843 0.0334966 0.416097 347 0
351.515 -1.77852 -0.186715 11.1125 -0.00125556 1.41796 0.0326904 0.392066 348 0
352.389 -1.94364 -0.186816 11.2232 0.00127944 1.38396 0.0316874 0.29648 349 0
353.271 -2.11031 -0.186713 11.3314 0.00373402 1.35295 0.0306822 0.333509 350 0
354.162 -2.27832 -0.186415 11.437 0.00611152 1.31953 0.0297188 0.305481 351 0
355.061 -2.44745 -0.185926 11.5392 0.00842368 1.27779 0.028902 0.338127 352 0
355.968 -2.61749 -0.185252 11.6384 0.0106508 1.23938 0.0278386 0.327008 353 0
356.884 -2.78821 -0.1844 11.7344 0.0127917 1.20003 0.0267623 0.297497 354 0
357.807 -2.95939 -0.183376 11.8273 0.0148447 1.16179 0.0256625 0.246565 355 0
358.737 -3.13082 -0.182189 11.9173 0.0168077 1.12517 0.0245363 0.218663 356 0
359.675 -3.30229 -0.180844 12.0047 0.018673 1.092 0.0233165 0.218522 357 0
360.62 -3.47362 -0.17935 12.0892 0.0204483 1.05681 0.0221919 0.276868 358 0
361.572 -3.64459 -0.177714 12.1711 0.022134 1.0232 0.0210715 0.243155 359 0
362.531 -3.81502 -0.175944 12.2504 0.023731 0.991011 0.0199621 0.266795 360 0
363.496 -3.98473 -0.174045 12.3272 0.0252398 0.960135 0.0188603 0.242676 361 0
364.467 -4.15354 -0.172026 12.4016 0.0266611 0.930369 0.0177661 0.269606 362 0
365.445 -4.32129 -0.169893 12.4737 0.0279957 0.901616 0.0166821 0.244298 363 0
366.429 -4.4878 -0.167654 12.5436 0.0292446 0.873804 0.0156117 0.271287 364 0
367.419 -4.65294 -0.165314 12.6114 0.0304092 0.847006 0.014557 0.257167 365 0
368.415 -4.81655 -0.162881 12.6771 0.0314908 0.821161 0.0135203 0.243011 366 0
369.416 -4.97849 -0.160362 12.7408 0.0324911 0.796258 0.0125034 0.233947 367 0
370.422 -5.13862 -0.157763 12.8026 0.0334117 0.772285 0.0115081 0.243836 368 0
371.434 -5.29683 -0.15509 12.8625 0.0342546 0.749207 0.0105361 0.277155 369 0
372.451 -5.45299 -0.152349 12.9207 0.0350217 0.726998 0.0095888 0.277395 370 0
373.473 -5.607 -0.149548 12.9771 0.0357151 0.705612 0.00866759 0.236041 371 0
374.501 -5.75874 -0.14669 13.0319 0.036337 0.684929 0.00777291 0.232112 372 0
375.532 -5.90812 -0.143783 13.0851 0.0368893 0.664866 0.00690469 0.23142 373 0
376.569 -6.05506 -0.140832 13.1351 0.0386073 0.625682 0.0214749 0.239235 374 1
377.61 -6.19935 -0.137744 13.1856 0.0388894 0.630116 0.00352575 0.262467 375 0
378.655 -6.34094 -0.134633 13.2345 0.0391157 0.611615 0.00282866 0.277163 376 0
379.705 -6.47976 -0.131503 13.282 0.0392881 0.593662 0.00215503 0.262646 377 0
380.758 -6.61578 -0.12836 13.3281 0.0394084 0.576222 0.00150441 0.230892 378 0
381.816 -6.74893 -0.125208 13.3728 0.0394786 0.55933 0.000876375 0.276017 379 0
382.878 -6.87918 -0.122049 13.4163 0.0395002 0.542927 0.000270456 0.271498 380 0
383.944 -7.00649 -0.118889 13.4584 0.0394751 0.527036 -0.000313623 0.27259 381 0
385.013 -7.13081 -0.115731 13.4983 0.0406439 0.498033 0.0146094 0.266058 382 1
386.086 -7.25202 -0.11248 13.5383 0.0403791 0.5 -0.00330894 0.231167 383 0
387.163 -7.37011 -0.109249 13.576 0.0413696 0.471497 0.012381 0.231048 384 1
388.243 -7.48495 -0.10594 13.6127 0.0422253 0.459516 0.0106958 0.254663 385 1
389.326 -7.59645 -0.102562 13.6486 0.0429526 0.447762 0.00909125 0.258503 386 1
390.413 -7.7045 -0.0991256 13.6847 0.042116 0.451767 -0.0104571 0.232998 387 0
391.503 -7.80918 -0.0957564 13.7186 0.0427193 0.423288 0.00754148 0.225129 388 1
392.595 -7.91037 -0.0923388 13.7528 0.0417129 0.42752 -0.0125803 0.269265 389 0
393.691 -8.00817 -0.0890018 13.7848 0.0422101 0.399971 0.00621448 0.268089 390 1
394.79 -8.10248 -0.085625 13.8159 0.0425983 0.389528 0.00485247 0.203838 391 1
395.891 -8.19325 -0.0822171 13.8474 0.0413038 0.393486 -0.0161812 0.101695 392 0
396.996 -8.28057 -0.0789128 13.8779 0.0400358 0.381374 -0.0158493 0.098287 393 0
398.103 -8.36455 -0.0757099 13.9075 0.0387943 0.369656 -0.0155193 0.083973 394 0
399.213 -8.44526 -0.0726064 13.9362 0.037579 0.358284 -0.0151913 0.094825 395 0
400.325 -8.52279 -0.0696001 13.9639 0.0363897 0.347281 -0.0148653 0.093834 396 0
