1.12 10 0 14.0723 3.3633e-18 0.904274 4.20412e-17 0.182466 1 0
2.24579 10 2.69064e-19 14.1395 6.76803e-18 0.838852 4.25592e-17 0.074029 2 0
3.37694 10 8.10506e-19 14.2017 1.02138e-17 0.778162 4.30721e-17 0.073884 3 0
4.51308 10 1.62761e-18 14.2595 1.37269e-17 0.721872 4.39143e-17 0.07258 4 0
5.65384 10 2.72576e-18 14.313 1.71026e-17 0.669658 4.21953e-17 0.074022 5 0
6.79888 10 4.09397e-18 14.3627 2.04503e-17 0.6212 4.18463e-17 0.086139 6 0
7.9479 10 5.72999e-18 14.4088 2.42639e-17 0.576282 4.76708e-17 0.073513 7 0
9.1006 10 7.67111e-18 14.4516 2.88066e-17 0.534594 5.67837e-17 0.075911 8 0
10.2567 10 9.97564e-18 14.4913 3.26272e-17 0.495911 4.77569e-17 0.081374 9 0
11.416 10 1.25858e-17 14.5281 3.55535e-17 0.460041 3.65797e-17 0.076461 10 0
12.5783 10 1.54301e-17 14.5622 3.80675e-17 0.426745 3.14239e-17 0.072404 11 0
13.7433 10 1.84755e-17 14.5939 4.04689e-17 0.39587 3.00186e-17 0.073142 12 0
14.9108 10 2.1713e-17 14.6233 4.30053e-17 0.367248 3.1705e-17 0.080222 13 0
16.0806 10 2.51534e-17 14.6505 4.57773e-17 0.340688 3.46494e-17 0.090103 14 0
17.2527 10 2.88156e-17 14.6758 4.90679e-17 0.316024 4.11326e-17 0.083069 15 0
18.4267 10 3.2741e-17 14.6992 5.38736e-17 0.293159 6.00707e-17 0.081068 16 0
19.6027 10 3.70509e-17 14.721 6.15641e-17 0.271964 9.61317e-17 0.080431 17 0
20.7803 10 4.19761e-17 14.7412 7.26575e-17 0.252295 1.38668e-16 0.080372 18 0
21.9596 10 4.77887e-17 14.7599 8.61409e-17 0.234044 1.68542e-16 0.075416 19 0
23.1404 10 5.46799e-17 14.7773 1.00881e-16 0.217104 1.8425e-16 0.074112 20 0
24.3226 10 6.27504e-17 14.7934 1.16612e-16 0.201404 1.96644e-16 0.073046 21 0
25.5061 10 7.20794e-17 14.8083 9.53571e-17 0.186837 -2.65691e-16 0.186812 22 0
26.6908 10 7.9708e-17 14.8222 8.676e-17 0.173318 -1.07463e-16 0.294559 23 0
27.8765 10 8.66488e-17 14.8351 7.83329e-17 0.160789 -1.05339e-16 0.298997 24 0
29.0633 10 9.29154e-17 14.847 7.01288e-17 0.149131 -1.02551e-16 0.297786 25 0
30.2511 10 9.85257e-17 14.8581 6.32851e-17 0.138354 -8.5547e-17 0.289845 26 0
31.4397 10 1.03588e-16 14.8683 5.64318e-17 0.128341 -8.56657e-17 0.298819 27 0
32.6292 10 1.08103e-16 14.8779 4.64458e-17 0.119066 -1.24826e-16 0.297942 28 0
33.8194 10 1.11819e-16 14.8867 2.98053e-17 0.110435 -2.08006e-16 0.273554 29 0
35.0104 10 1.14203e-16 14.8949 1.13529e-17 0.10246 -2.30655e-16 0.285834 30 0
36.202 10 1.15111e-16 14.9025 -6.58805e-17 0.0950456 -9.65417e-16 0.302756 31 0
37.3942 10 1.09841e-16 14.9095 -7.87299e-17 0.0881672 -1.60618e-16 0.265954 32 0
38.5869 10 1.03543e-16 14.9161 -6.51198e-17 0.0817776 1.70126e-16 0.266044 33 0
39.7802 10 9.83329e-17 14.9222 -8.45832e-17 0.0758886 -2.43293e-16 0.248625 34 0
40.974 10 9.15663e-17 14.9278 -8.60386e-17 0.0703931 -1.8192e-17 0.250238 35 0
42.1682 10 8.46832e-17 14.933 -7.53016e-17 0.0652909 1.34213e-16 0.284148 36 0
43.3629 10 7.86591e-17 14.9379 -6.96788e-17 0.0605822 7.02844e-17 0.250851 37 0
44.5579 10 7.30847e-17 14.9424 -5.75128e-17 0.0561953 1.52076e-16 0.246921 38 0
45.7533 10 6.84837e-17 14.9465 -9.62367e-17 0.0521183 -4.84049e-16 0.275734 39 0
46.949 10 6.07848e-17 14.9504 -7.18076e-17 0.0483513 3.05364e-16 0.251772 40 0
48.145 10 5.50402e-17 14.954 -5.40077e-17 0.0448585 2.22499e-16 0.249943 41 0
49.3413 10 5.07196e-17 14.9573 -1.06764e-16 0.041616 -6.59459e-16 0.251104 42 0
50.5379 10 4.21784e-17 14.9604 -8.82373e-17 0.0386 2.31588e-16 0.241046 43 0
51.7348 10 3.51194e-17 14.9633 -7.08164e-17 0.0358105 2.17761e-16 0.239926 44 0
52.9318 10 2.94541e-17 14.9659 -5.55712e-17 0.0332236 1.90565e-16 0.241437 45 0
54.1291 10 2.50084e-17 14.9684 -5.97584e-17 0.0308156 -5.23402e-17 0.239119 46 0
55.3266 10 2.02278e-17 14.9707 -9.83445e-17 0.0285864 -4.82327e-16 0.290174 47 0
56.5242 10 1.23602e-17 14.9728 -7.72057e-17 0.0265241 2.64235e-16 0.238741 48 0
57.722 10 6.18373e-18 14.9748 -6.148e-17 0.0246048 1.96572e-16 0.238562 49 0
58.92 10 1.26533e-18 14.9766 -1.16417e-16 0.0228286 -6.86711e-16 0.283671 50 0
60.1182 10 -8.04802e-18 14.9783 -1.18419e-16 0.0211716 -2.5022e-17 0.302357 51 0
61.3164 10 -1.75215e-17 14.9799 -1.52628e-16 0.0196457 -4.27614e-16 0.344446 52 0
62.5148 10 -2.97317e-17 14.9813 -1.78625e-16 0.0182152 -3.24962e-16 0.292207 53 0
63.7133 10 -4.40217e-17 14.9827 -2.53005e-16 0.016892 -9.2976e-16 0.3518 54 0
64.9119 10 -6.42621e-17 14.9839 -2.41243e-16 0.015676 1.47028e-16 0.331722 55 0
66.1106 10 -8.35616e-17 14.9851 -2.09978e-16 0.0145435 3.90817e-16 0.343377 56 0
67.3094 10 -1.0036e-16 14.9862 -2.06698e-16 0.0134945 4.10005e-17 0.387637 57 0
68.5083 10 -1.16896e-16 14.9872 -2.34367e-16 0.012517 -3.4587e-16 0.34275 58 0
69.7073 10 -1.35645e-16 14.9881 -1.98884e-16 0.011611 4.43546e-16 0.328959 59 0
70.9064 10 -1.51556e-16 14.989 -1.83769e-16 0.0107765 1.88932e-16 0.440794 60 0
72.1055 10 -1.66257e-16 14.9898 -1.7769e-16 0.00997782 7.59876e-17 0.419449 61 0
73.3046 10 -1.80472e-16 14.9905 -2.00449e-16 0.00926256 -2.84488e-16 0.366217 62 0
74.5039 10 -1.96508e-16 14.9912 -1.91215e-16 0.00858307 1.15429e-16 0.424778 63 0
75.7032 10 -2.11806e-16 14.9918 -1.95518e-16 0.00796318 -5.37945e-17 0.389155 64 0
76.9025 10 -2.27447e-16 14.9924 -1.67077e-16 0.00739098 3.55519e-16 0.319669 65 0
78.1019 10 -2.40813e-16 14.993 -1.46823e-16 0.00685453 2.53177e-16 0.320496 66 0
79.3014 10 -2.52559e-16 14.9935 -9.99951e-17 0.0063777 5.85347e-16 0.369715 67 0
80.5008 10 -2.60559e-16 14.9939 -7.48515e-17 0.00591278 3.14295e-16 0.336626 68 0
81.7004 10 -2.66547e-16 14.9944 -4.68425e-16 0.00548363 -4.91967e-15 0.304494 69 0
82.8999 10 -3.04021e-16 14.9948 -4.7857e-16 0.00507832 -1.26822e-16 0.27368 70 0
84.0995 10 -3.42306e-16 14.9952 -4.86178e-16 0.00470877 -9.509e-17 0.287165 71 0
85.2991 10 -3.81201e-16 14.9955 -4.98309e-16 0.00437498 -1.51644e-16 0.280776 72 0
86.4987 10 -4.21065e-16 14.9958 -5.09464e-16 0.00406504 -1.39433e-16 0.280722 73 0
87.6984 10 -4.61822e-16 14.9961 -5.16759e-16 0.00376701 -9.11884e-17 0.284481 74 0
88.8981 10 -5.03163e-16 14.9964 -4.43269e-16 0.00349283 9.18626e-16 0.294996 75 0
90.0978 10 -5.38625e-16 14.9967 -4.72879e-16 0.00323057 -3.70129e-16 0.310061 76 0
91.2975 10 -5.76455e-16 14.9969 -3.6238e-16 0.00300407 1.38124e-15 0.308349 77 0
92.4973 10 -6.05445e-16 14.9971 -2.60543e-16 0.00280142 1.27296e-15 0.281947 78 0
93.6971 10 -6.26289e-16 14.9973 -2.73926e-16 0.00258684 -1.67278e-16 0.304786 79 0
94.8969 10 -6.48203e-16 14.9975 -1.66333e-16 0.00239611 1.3449e-15 0.322642 80 0
96.0967 10 -6.6151e-16 14.9977 -9.85873e-18 0.00221729 1.95593e-15 0.332407 81 0
97.2965 10 -6.62298e-16 14.9907 3.76956e-18 -0.0874996 1.70354e-16 0.594282 82 0
98.4957 10 -6.61997e-16 14.9525 -2.33255e-13 -0.478017 -2.91574e-12 0.983727 83 0
99.6919 10 -1.93224e-14 14.9184 -1.23541e-11 -0.425565 -1.5151e-10 0.380234 84 0
100.885 10 -1.00765e-12 14.9243 -1.19358e-11 0.0737548 5.22817e-12 0.141049 85 0
102.079 10 -1.96252e-12 14.9298 -1.15693e-11 0.0684142 4.58134e-12 0.073103 86 0
103.274 10 -2.88806e-12 14.9349 -1.12104e-11 0.0634789 4.48605e-12 0.072595 87 0
104.469 10 -3.7849e-12 14.9396 -1.08582e-11 0.0588775 4.40315e-12 0.074965 88 0
105.664 10 -4.65355e-12 14.944 -1.05115e-11 0.0546217 4.3334e-12 0.07217 89 0
106.859 10 -5.49447e-12 14.948 -9.51025e-12 0.0506759 1.25159e-11 0.20567 90 0
108.055 10 -6.25529e-12 14.924 -2.30309e-10 -0.300682 -2.75999e-09 0.718572 91 0
109.249 10 -2.468e-11 14.9261 -2.11473e-10 0.0273108 2.35455e-10 0.454943 92 0
110.443 10 -4.15979e-11 14.9041 -1.89582e-10 -0.275135 2.73636e-10 0.393667 93 0
111.635 10 -5.67645e-11 14.8654 -1.67095e-10 -0.483859 2.81092e-10 0.976717 94 0
112.825 10 -7.0132e-11 14.8251 -1.80524e-10 -0.503516 -1.67866e-10 1.07521 95 0
114.011 10 -8.4574e-11 14.7872 -1.57472e-10 -0.474513 2.88145e-10 1.07724 96 0
115.194 10 -9.71717e-11 14.7537 -1.35824e-10 -0.418437 2.70607e-10 1.13157 97 0
116.374 10 -1.08038e-10 14.7207 -1.15227e-10 -0.41306 2.57455e-10 1.15084 98 0
117.552 10 -1.17256e-10 14.6991 -1.75877e-10 -0.269806 -7.58122e-10 1.04813 99 0
118.727 10 -1.31326e-10 14.6723 -1.51923e-10 -0.334978 2.99428e-10 0.882525 100 0
119.901 10 -1.4348e-10 14.6394 -1.30666e-10 -0.410545 2.65708e-10 0.900144 101 0
121.072 10 -1.53933e-10 14.6079 -1.09876e-10 -0.394464 2.59873e-10 0.798535 102 0
122.241 10 -1.62723e-10 14.5754 -9.03357e-11 -0.405777 2.4426e-10 0.887576 103 0
123.407 10 -1.6995e-10 14.5491 -7.20123e-11 -0.328588 2.29042e-10 0.896688 104 0
124.571 10 -1.75711e-10 14.499 -5.21422e-11 -0.626862 2.48377e-10 1.41628 105 0
125.731 10 -1.79882e-10 14.5223 -3.94284e-11 0.291324 1.58922e-10 1.15126 106 0
126.893 10 -1.83037e-10 14.5434 -2.36283e-11 0.263774 1.97502e-10 0.646802 107 0
128.056 10 -1.84927e-10 14.5677 -8.73195e-12 0.303924 1.86204e-10 0.62499 108 0
129.222 10 -1.85626e-10 14.5997 5.59365e-12 0.400174 1.7907e-10 0.708156 109 0
130.39 10 -1.85178e-10 14.6285 1.93345e-11 0.359643 1.71761e-10 0.911686 110 0
131.56 10 -1.83631e-10 14.6366 3.17478e-11 0.101852 1.55166e-10 0.924122 111 0
132.731 10 -1.81092e-10 14.6633 4.47529e-11 0.333595 1.62564e-10 1.03956 112 0
133.904 10 -1.77511e-10 14.6945 6.03625e-11 0.389981 1.95121e-10 1.18286 113 0
135.079 10 -1.72682e-10 14.7192 7.70835e-11 0.308323 2.09012e-10 1.55167 114 0
136.257 10 -1.66516e-10 14.7462 9.35066e-11 0.337482 2.0529e-10 2.37666 115 0
137.437 10 -1.59035e-10 14.77 1.0666e-10 0.297391 1.64421e-10 2.6329 116 0
138.618 10 -1.50502e-10 14.789 1.17361e-10 0.237525 1.33755e-10 1.1101 117 0
139.801 10 -1.41113e-10 14.8105 1.24936e-10 0.269306 9.46942e-11 1.00803 118 0
140.986 10 -1.31119e-10 14.826 1.29701e-10 0.193739 5.95588e-11 1.08721 119 0
142.172 10 -1.20742e-10 14.8465 1.32622e-10 0.255966 3.65125e-11 1.17355 120 0
143.36 10 -1.10133e-10 14.8684 1.33759e-10 0.273407 1.42102e-11 1.58918 121 0
144.549 10 -9.9432e-11 14.8866 1.33191e-10 0.227797 -7.10126e-12 2.06048 122 0
145.74 10 -8.87767e-11 14.908 1.30941e-10 0.267351 -2.81193e-11 2.04127 123 0
146.933 10 -7.83014e-11 14.9289 1.2789e-10 0.261891 -3.81396e-11 2.47075 124 0
148.127 10 -6.80703e-11 14.9516 1.23116e-10 0.282991 -5.96769e-11 2.5928 125 0
149.324 10 -5.8221e-11 14.9694 1.16731e-10 0.222993 -7.98112e-11 2.77329 126 0
150.521 10 -4.88825e-11 14.9899 1.08626e-10 0.255775 -1.0131e-10 2.88361 127 0
151.72 10 -4.01924e-11 15.0087 9.84647e-11 0.234699 -1.27016e-10 2.74879 128 0
152.921 10 -3.23153e-11 15.0272 8.7072e-11 0.231493 -1.42409e-10 2.61442 129 0
154.123 10 -2.53495e-11 15.0452 7.4875e-11 0.225651 -1.52463e-10 2.61743 130 0
155.327 10 -1.93595e-11 15.0618 6.27016e-11 0.207496 -1.52167e-10 2.49945 131 0
156.532 10 -1.43434e-11 15.0771 5.09999e-11 0.190461 -1.46271e-10 2.42956 132 0
157.738 10 -1.02634e-11 15.0916 4.03263e-11 0.181961 -1.3342e-10 2.5469 133 0
158.945 10 -7.03726e-12 15.106 3.0734e-11 0.179231 -1.19904e-10 2.64522 134 0
160.154 10 -4.57854e-12 15.1227 2.23078e-11 0.208688 -1.05327e-10 2.50972 135 0
161.363 10 -2.79391e-12 15.1408 1.53796e-11 0.226438 -8.66031e-11 2.60079 136 0
162.575 10 -1.56354e-12 15.1541 9.90397e-12 0.166714 -6.84454e-11 2.86756 137 0
163.787 10 -7.71227e-13 15.1527 5.56642e-12 -0.017941 -5.42194e-11 2.49336 138 0
164.999 10 -3.25913e-13 15.1487 2.60671e-12 -0.049746 -3.69964e-11 2.50635 139 0
166.211 10 -1.17376e-13 15.1461 9.9581e-13 -0.0324965 -2.01363e-11 2.37372 140 0
167.423 10 -3.77116e-14 15.1482 3.29992e-13 0.0266433 -8.32273e-12 2.31014 141 0
168.635 10 -1.13122e-14 15.1495 1.0153e-13 0.0154853 -2.85577e-12 3.54482 142 0
169.847 10 -3.18978e-15 15.1529 3.52792e-14 0.0434875 -8.28138e-13 2.19295 143 0
171.059 10 -3.67443e-16 15.1541 4.66537e-15 0.0146031 -3.82673e-13 2.35457 144 0
172.271 10 5.78667e-18 15.1581 6.9309e-17 0.0498891 -5.74507e-14 2.34476 145 0
173.484 10 1.13314e-17 15.1615 9.80002e-17 0.0430822 3.58639e-16 4.80221 146 0
174.697 10 1.91714e-17 15.165 -2.45088e-15 0.0427246 -3.1861e-14 3.55151 147 0
175.91 10 -1.76899e-16 15.1709 4.1706e-15 0.0742555 8.27685e-14 2.17238 148 0
177.124 10 1.56749e-16 15.1772 4.92342e-15 0.0792384 9.41028e-15 2.97682 149 0
178.338 10 5.50623e-16 15.1841 -9.95477e-16 0.0860453 -7.39863e-14 2.81565 150 0
179.553 10 4.70985e-16 15.1915 8.73382e-15 0.0924468 1.21616e-13 3.175 151 0
180.768 10 1.16969e-15 15.1978 7.53098e-15 0.0781655 -1.50356e-14 2.29784 152 0
181.984 10 1.77217e-15 15.2026 1.97146e-14 0.0607967 1.52295e-13 2.18657 153 0
183.2 10 3.34933e-15 15.2062 7.23703e-14 0.0445366 6.58197e-13 3.43059 154 0
184.416 10 9.13896e-15 15.2082 1.8322e-13 0.0246882 1.38562e-12 3.72069 155 0
185.633 10 2.37965e-14 15.2081 5.04237e-13 -0.000417233 4.01272e-12 2.4876 156 0
186.85 10 6.41355e-14 15.1445 1.41128e-12 -0.796151 1.13381e-11 2.48039 157 0
188.061 10 1.77038e-13 15.0752 3.94756e-12 -0.865579 3.17034e-11 2.69639 158 0
189.267 10 4.92843e-13 14.9948 1.10457e-11 -1.00462 8.87268e-11 2.41783 159 0
190.467 10 1.3765e-12 14.9057 3.08265e-11 -1.11463 2.4726e-10 2.63758 160 0
191.659 10 3.84262e-12 14.8189 8.60933e-11 -1.0848 6.90834e-10 2.86294 161 0
192.845 10 1.07301e-11 14.5998 -5.59152e-10 -2.73844 -8.06556e-09 1.45094 162 0
194.013 10 -3.40021e-11 14.3765 -4.48248e-10 -2.79126 1.38629e-09 1.31169 163 0
195.163 10 -6.98619e-11 14.1895 -3.54068e-10 -2.33728 1.17725e-09 1.66736 164 0
196.298 10 -9.81874e-11 14.0025 -2.58866e-10 -2.33793 1.19002e-09 1.7101 165 0
197.418 10 -1.18897e-10 13.8388 -1.72892e-10 -2.04567 1.07468e-09 2.0006 166 0
198.525 10 -1.32728e-10 13.7444 -9.35043e-11 -1.18028 9.92349e-10 2.08267 167 0
199.625 10 -1.40208e-10 13.5703 -4.08432e-11 -2.17636 6.58264e-10 2.15087 168 0
200.711 10 -1.43476e-10 13.4026 -1.31555e-12 -2.09609 4.94095e-10 1.80964 169 0
201.783 10 -1.43581e-10 13.2526 3.19023e-11 -1.87467 4.15223e-10 1.82827 170 0
202.843 10 -1.41029e-10 13.1188 5.9256e-11 -1.6726 3.41921e-10 2.12228 171 0
203.893 10 -1.36288e-10 12.9851 8.12003e-11 -1.67158 2.74303e-10 2.22257 172 0
204.931 10 -1.29792e-10 12.9422 1.06804e-10 -0.536382 3.20046e-10 1.80733 173 0
205.967 10 -1.21248e-10 12.957 1.28378e-10 0.185204 2.69681e-10 1.87722 174 0
207.003 10 -1.10978e-10 12.9652 1.40144e-10 0.10252 1.47064e-10 1.94972 175 0
208.041 10 -9.97663e-11 12.9428 1.51249e-10 -0.280488 1.38813e-10 2.26441 176 0
209.076 10 -8.76665e-11 12.9337 -1.43974e-06 -0.113368 -1.79986e-05 2.85276 177 0
210.111 10 -1.15267e-07 12.8996 -1.03888e-06 -0.42659 5.01074e-06 1.80435 178 0
211.143 10 -1.98377e-07 12.9314 -6.85787e-07 0.397921 4.41363e-06 1.56952 179 0
212.177 10 -2.5324e-07 12.9708 -3.69463e-07 0.492322 3.95406e-06 1.85521 180 0
213.215 10 -2.82797e-07 13.016 -9.73079e-08 0.565195 3.40194e-06 2.22853 181 0
214.256 10 -2.90582e-07 13.0354 1.00805e-07 0.242519 2.47641e-06 2.27107 182 0
215.299 10 -2.82517e-07 12.9983 2.6656e-07 -0.463748 2.07193e-06 2.66357 183 0
216.339 10 -2.61192e-07 12.9512 3.74481e-07 -0.588822 1.34901e-06 1.48486 184 0
217.375 10 -2.31234e-07 12.9065 4.47064e-07 -0.559521 9.07293e-07 1.07372 185 0
218.407 10 -1.95469e-07 12.8784 4.88477e-07 -0.351167 5.17666e-07 1.19532 186 0
219.438 10 -1.56391e-07 12.8987 5.02375e-07 0.253987 1.73715e-07 1.52621 187 0
220.47 10 -1.16201e-07 12.9318 5.23479e-07 0.413954 2.63809e-07 1.55074 188 0
221.504 10 -7.43222e-08 12.955 5.03318e-07 0.289571 -2.5201e-07 1.56395 189 0
222.54 10 -3.40567e-08 12.9692 4.60329e-07 0.178599 -5.37374e-07 2.16169 190 0
223.578 10 2.76955e-09 12.9779 4.10685e-07 0.107658 -6.20541e-07 2.56677 191 0
224.616 10 3.56244e-08 12.9842 3.62974e-07 0.0796676 -5.96389e-07 2.06803 192 0
225.655 10 6.46623e-08 12.9895 3.18041e-07 0.066185 -5.61667e-07 2.14501 193 0
226.694 10 9.01056e-08 12.9871 2.78048e-07 -0.0306606 -4.99911e-07 2.11108 194 0
227.733 10 1.12349e-07 12.9753 1.95233e-07 -0.14689 -1.03519e-06 2.64529 195 0
228.771 10 1.27968e-07 12.9552 1.29767e-07 -0.251555 -8.18326e-07 2.4903 196 0
229.808 10 1.38349e-07 12.8801 7.98777e-08 -0.938654 -6.23617e-07 2.22637 197 0
230.838 10 1.4474e-07 12.5601 -5.11122e-08 -4 -1.63737e-06 2.22512 198 0
231.843 10 1.40651e-07 12.7253 -0.0129637 2.0643 -0.162045 1.48953 199 0
232.861 9.99894 -0.00103695 12.4302 -0.012578 -3.68849 0.00482159 0.40714 200 0
233.855 9.99691 -0.00204319 12.217 -0.0118325 -2.66527 0.00931813 0.336625 201 0
234.833 9.99399 -0.00298979 12.1218 -0.0109802 -1.18942 0.0106538 0.320259 202 0
235.802 9.99024 -0.00386821 12.0994 -0.0102953 -0.279677 0.00856172 0.315796 203 0
236.77 9.9857 -0.00469183 12.1299 -0.0094326 0.381386 0.0107834 0.34709 204 0
237.741 9.98041 -0.00544644 12.1712 -0.00856092 0.516403 0.010896 0.318765 205 0
238.714 9.97444 -0.00613131 12.2096 -0.00783611 0.479972 0.00906016 0.315712 206 0
239.691 9.96784 -0.0067582 12.2409 -0.00729645 0.390434 0.00674575 0.320818 207 0
240.67 9.96065 -0.00734192 12.2689 -0.00648767 0.350142 0.0101097 0.304253 208 0
241.652 9.95293 -0.00786093 12.2901 -0.00549631 0.26567 0.0123921 0.27764 209 0
242.635 9.94477 -0.00830064 12.2752 -0.00480085 -0.186205 0.0086932 0.329775 210 0
243.617 9.93624 -0.0086847 12.1257 -0.00252887 -1.86932 0.0283998 0.529641 211 0
244.587 9.92762 -0.00888701 12.1277 0.000559901 0.0246763 0.0386097 0.686276 212 0
245.557 9.91905 -0.00884222 12.1439 0.00322915 0.202727 0.0333656 2.24966 213 0
246.529 9.91071 -0.00858389 12.1581 0.00547174 0.177312 0.0280324 2.89695 214 0
247.501 9.90278 -0.00814615 12.1695 0.00728743 0.143003 0.0226962 2.79719 215 0
248.475 9.89542 -0.00756316 12.1722 0.00881078 0.033021 0.0190419 2.17974 216 0
249.448 9.88874 -0.00685829 12.1496 0.010037 -0.281882 0.0153274 2.8262 217 0
250.42 9.88286 -0.00605534 12.1074 0.0109511 -0.528097 0.011427 1.44109 218 0
251.389 9.87784 -0.00517925 12.0791 0.0114844 -0.353694 0.0066656 1.35674 219 0
252.355 9.87372 -0.00426049 12.0588 0.0117786 -0.252795 0.00367779 1.41443 220 0
253.32 9.87052 -0.00331821 12.0334 0.0120043 -0.317872 0.00282153 1.40577 221 0
254.283 9.86825 -0.00235786 11.9821 0.0121843 -0.641155 0.00224917 1.20641 222 0
255.241 9.86693 -0.00138312 11.8993 0.0120916 -1.03464 -0.00115803 1.26028 223 0
256.193 9.86653 -0.000415791 11.7923 0.0116337 -1.33871 -0.00572394 2.29511 224 0
257.137 9.86702 0.000514906 11.6893 0.0108532 -1.28742 -0.00975658 1.63521 225 0
258.072 9.86831 0.00138316 11.5879 0.00989033 -1.2668 -0.0120356 1.98634 226 0
258.999 9.87033 0.00217439 11.4919 0.00889616 -1.20078 -0.0124271 1.87981 227 0
259.918 9.87298 0.00288608 11.4044 0.0079357 -1.09295 -0.0120057 1.82618 228 0
260.83 9.87619 0.00352094 11.4194 0.00695497 0.187433 -0.0122592 1.29767 229 0
261.744 9.87992 0.00407733 11.4374 0.00597788 0.225258 -0.0122136 1.04901 230 0
262.659 9.88408 0.00455556 11.4323 0.00504037 -0.0642419 -0.0117189 1.31759 231 0
263.574 9.88862 0.00495879 11.4352 0.00411437 0.0358224 -0.0115751 1.08855 232 0
264.488 9.89346 0.00528794 11.4322 0.00321829 -0.0367522 -0.011201 1.13439 233 0
265.403 9.89853 0.0055454 11.4164 0.00238982 -0.197792 -0.0103558 1.14802 234 0
266.316 9.90377 0.00573659 11.3916 0.00163752 -0.310373 -0.00940374 1.16856 235 0
267.228 9.90911 0.00586759 11.3623 0.000950058 -0.366318 -0.00859328 1.16178 236 0
268.137 9.91452 0.0059436 11.3271 0.000300945 -0.439012 -0.00811392 1.20103 237 0
269.043 9.91992 0.00596767 11.2931 -0.000308121 -0.425971 -0.00761333 1.2257 238 0
269.946 9.92529 0.00594302 11.2556 -0.000862995 -0.468218 -0.00693593 1.19181 239 0
270.847 9.93058 0.00587398 11.2141 -0.00136415 -0.519133 -0.00626443 1.20283 240 0
271.744 9.93575 0.00576485 11.1775 -0.00181864 -0.456691 -0.00568114 1.18928 241 0
272.638 9.94078 0.00561936 11.1629 -0.00222543 -0.182581 -0.00508488 1.18123 242 0
273.531 9.94564 0.00544133 11.1584 -0.00256974 -0.0567436 -0.0043039 1.18753 243 0
274.423 9.95031 0.00523575 11.1529 -0.00284978 -0.0682831 -0.0035004 1.17883 244 0
275.316 9.95478 0.00500776 11.134 -0.00306507 -0.237095 -0.00269118 1.1677 245 0
276.206 9.95902 0.00476256 11.0987 -0.00321869 -0.440729 -0.00192023 1.23293 246 0
277.094 9.96302 0.00450506 11.0584 -0.00332118 -0.504231 -0.00128114 1.2513 247 0
277.979 9.96677 0.00423937 10.9884 -0.00337251 -0.874758 -0.000641588 1.26322 248 0
278.858 9.97026 0.00396957 10.9755 -0.00339785 -0.161123 -0.00031683 1.25921 249 0
279.736 9.97351 0.00369774 10.9648 -0.00338684 -0.133109 0.000137719 1.24971 250 0
280.613 9.97652 0.00342679 10.9276 -0.00333289 -0.465536 0.000674353 1.25498 251 0
281.487 9.97928 0.00316016 10.8922 -0.00324477 -0.442791 0.00110151 1.25175 252 0
282.359 9.98181 0.00290058 10.9393 -0.00315947 0.589502 0.00106625 1.29555 253 0
283.234 9.98412 0.00264782 10.9598 -0.00304629 0.255215 0.00141467 1.38017 254 0
284.111 9.98623 0.00240412 10.9696 -0.00291412 0.122917 0.00165222 1.46088 255 0
284.988 9.98814 0.00217099 10.9885 -0.00277253 0.23607 0.00176986 1.47625 256 0
285.867 9.98985 0.00194919 10.9458 -0.00260702 -0.533175 0.0020689 1.446 257 0
286.743 9.99137 0.00174063 10.9155 -0.00244146 -0.379419 0.00206942 1.35681 258 0
287.616 9.99272 0.00154531 10.8928 -0.00228179 -0.283122 0.0019959 1.33865 259 0
288.488 9.99391 0.00136277 10.8978 -0.0021263 0.0622392 0.00194368 1.2423 260 0
289.36 9.99495 0.00119266 10.8044 -0.00194338 -1.16705 0.00228645 1.54518 261 0
290.224 9.99585 0.00103719 10.8377 -0.00178677 0.415552 0.00195765 1.33758 262 0
291.091 9.99662 0.000894252 10.8913 -0.00163594 0.670302 0.0018854 1.48364 263 0
291.962 9.99729 0.000763377 10.9028 -0.00147718 0.144076 0.00198445 1.74788 264 0
292.834 9.99785 0.000645202 10.9536 -0.00133075 0.635028 0.00183031 2.00413 265 0
293.711 9.99832 0.000538742 10.9948 -0.00118648 0.515008 0.00180343 2.11061 266 0
294.59 9.99871 0.000443824 10.97 -0.00114639 -0.309849 0.000501124 1.35777 267 0
295.468 9.99902 0.000352112 10.8269 -0.00153903 -1.78871 -0.00490798 0.473688 268 0
296.334 9.99922 0.00022899 10.5069 -0.00128691 -4 0.00315143 0.405504 269 0
297.175 9.99933 0.000126037 10.1869 -0.00106806 -4 0.0027357 0.458248 270 0
297.99 9.99936 4.05924e-05 9.86695 -0.000878052 -4 0.00237508 0.855391 271 0
298.779 9.99934 -2.96517e-05 9.54695 -0.00070406 -4 0.0021749 0.575854 272 0
299.543 9.99927 -8.59765e-05 9.22695 -0.000552762 -4 0.00189122 0.745111 273 0
300.281 9.99917 -0.000130197 8.90695 -0.000430626 -4 0.0015267 0.792 274 0
300.993 9.99906 -0.000164648 8.58695 -0.000344458 -4 0.00107709 1.00334 275 0
301.68 9.99892 -0.000192204 8.26695 -0.00146234 -4 -0.0139735 0.704028 276 0
302.342 9.99872 -0.000309192 7.94695 -0.00455201 -4 -0.0386208 0.697495 277 0
302.977 9.99829 -0.000673352 7.62695 -0.00789764 -4 -0.0418204 0.467436 278 0
303.588 9.9975 -0.00130516 7.94695 -0.00643674 4 0.0182614 0.438138 279 0
304.223 9.99634 -0.0018201 8.26695 -0.00442678 4 0.0251244 0.395305 280 0
304.885 9.9949 -0.00217424 8.55238 -0.00376284 3.56786 0.00829925 0.402278 281 0
305.569 9.99321 -0.00247527 8.8364 -0.00317711 3.55033 0.00732163 0.415102 282 0
306.276 9.99128 -0.00272944 9.05516 -0.00336635 2.73443 -0.0023655 0.42357 283 0
307 9.98911 -0.00299875 9.31548 -0.00263914 3.25403 0.00909014 0.413118 284 0
307.745 9.98671 -0.00320988 9.53646 -0.00208547 2.76222 0.00692089 0.414992 285 0
308.508 9.98414 -0.00337672 9.70216 -0.00183671 2.07131 0.00310942 0.412764 286 0
309.285 9.9814 -0.00352365 9.86417 -0.00187246 2.02509 -0.000446769 0.399445 287 0
310.074 9.9785 -0.00367345 10.081 -0.00833711 2.71025 -0.0808082 0.468428 288 0
310.88 9.975 -0.00434042 10.3271 -0.0110746 3.0759 -0.0342187 0.341909 289 0
311.706 9.97069 -0.00522639 10.6222 -0.0137655 3.68862 -0.0336356 0.188631 290 0
312.556 9.96531 -0.00632762 10.887 -0.0174599 3.31115 -0.0461805 0.106418 291 0
313.427 9.95858 -0.00772442 11.0982 -0.0223681 2.63952 -0.0613531 0.073192 292 0
314.315 9.95013 -0.00951387 11.2883 -0.0275392 2.37671 -0.0646387 0.073024 293 0
315.218 9.93955 -0.011717 11.5202 -0.0304979 2.89775 -0.0369829 0.07486 294 0
316.139 9.92651 -0.0141568 11.7644 -0.0309307 3.05332 -0.00540987 0.073938 295 0
317.08 9.91085 -0.0166313 11.971 -0.0326111 2.58271 -0.021006 0.074241 296 0
318.038 9.89243 -0.0192402 12.104 -0.0371788 1.66243 -0.0570955 0.072627 297 0
319.006 9.87092 -0.0222145 12.2358 -0.0414237 1.64691 -0.0530621 0.072661 298 0
319.984 9.84593 -0.0255284 12.4338 -0.0395919 2.47467 0.0228982 0.072978 299 0
320.979 9.81739 -0.0286957 12.4686 -0.0450662 0.43503 -0.0684291 0.071856 300 0
321.976 9.78518 -0.032301 12.5475 -0.0492236 0.986683 -0.0519675 0.107177 301 0
322.979 9.74881 -0.0362389 12.4707 -0.0461634 -0.960445 0.038253 0.230567 302 0
323.976 9.70898 -0.039932 12.4974 -0.0292088 0.333595 0.211931 0.279964 303 0
324.975 9.66674 -0.0422687 12.462 -0.0207989 -0.441802 0.105124 0.24022 304 0
325.971 9.62295 -0.0439326 12.4257 -0.012394 -0.453389 0.105062 0.222836 305 0
326.964 9.57831 -0.0449241 12.3835 -0.00569732 -0.527406 0.0837081 0.22169 306 0
327.953 9.53337 -0.0453799 12.3281 -0.00060399 -0.693417 0.0636667 0.219143 307 0
328.939 9.48858 -0.0454282 12.2672 0.00397788 -0.760722 0.0572734 0.250373 308 0
329.919 9.44432 -0.04511 12.2091 0.00796009 -0.726926 0.0497776 0.255871 309 0
330.895 9.4009 -0.0444732 12.1567 0.0122107 -0.654793 0.0531323 0.254543 310 0
331.866 9.35861 -0.0434963 12.1068 0.0170807 -0.62294 0.060876 0.260477 311 0
332.834 9.31782 -0.0421299 12.0675 0.0210716 -0.492191 0.0498854 0.219148 312 0
333.799 9.27879 -0.0404442 12.0326 0.0246316 -0.43534 0.0444998 0.215685 313 0
334.761 9.24176 -0.0384736 11.9975 0.0269595 -0.439191 0.0290991 0.211776 314 0
335.72 9.20691 -0.0363169 11.9639 0.0287066 -0.419748 0.0218388 0.216244 315 0
336.676 9.17436 -0.0340203 11.939 0.0313969 -0.311553 0.033629 0.11423 316 0
337.631 9.14427 -0.0315086 11.9154 0.0336181 -0.294662 0.0277653 0.234295 317 0
338.584 9.1168 -0.0288191 11.8412 0.0342316 -0.92833 0.00766846 0.336866 318 0
339.531 9.0921 -0.0260806 11.7895 0.03461 -0.646234 0.00473023 0.386988 319 0
340.474 9.07011 -0.0233118 11.73 0.0344304 -0.743747 -0.00224519 0.383246 320 0
341.412 9.05082 -0.0205574 11.6756 0.0360023 -0.67898 0.0196489 0.358436 321 0
342.346 9.03431 -0.0176772 11.6384 0.0379594 -0.465906 0.024463 0.263702 322 0
343.277 9.02068 -0.0146404 11.6139 0.039653 -0.305986 0.0211698 0.261211 323 0
344.206 9.01002 -0.0114682 11.6008 0.0405827 -0.163376 0.0116223 0.248012 324 0
345.134 9.00239 -0.00822158 11.6307 0.0421584 0.373077 0.0196954 0.219067 325 0
346.064 8.99788 -0.00484891 11.6342 0.0445996 0.0441551 0.0305148 0.232234 326 0
346.995 8.99669 -0.00128094 11.6231 0.0457029 -0.13901 0.0137912 0.245168 327 0
347.925 8.9989 0.00237529 11.6091 0.0439145 -0.174892 -0.0223542 0.234999 328 0
348.854 9.00437 0.00588845 11.5567 0.0411243 -0.655031 -0.0348784 0.225094 329 0
349.778 9.01285 0.00917839 11.512 0.0389424 -0.558913 -0.0272729 0.213874 330 0
350.699 9.02418 0.0122938 11.4705 0.0388346 -0.517941 -0.00134786 0.16329 331 0
351.616 9.03831 0.0154005 11.4458 0.0401707 -0.308609 0.0167018 0.277287 332 0
352.532 9.05535 0.0186142 11.4365 0.0412413 -0.116289 0.0133823 0.291813 333 0
353.447 9.0754 0.0219135 11.427 0.0410264 -0.119305 -0.00268682 0.307947 334 0
354.361 9.09843 0.0251956 11.4087 0.0399705 -0.228882 -0.0131989 0.303099 335 0
355.273 9.12434 0.0283933 11.3989 0.0380098 -0.122643 -0.0245083 0.298678 336 0
356.184 9.153 0.031434 11.3959 0.0356093 -0.0373483 -0.0300058 0.29541 337 0
357.095 9.18425 0.0342828 11.408 0.0331646 0.151443 -0.030559 0.308283 338 0
358.007 9.21795 0.036936 11.4253 0.0294666 0.216532 -0.0462256 0.301338 339 0
358.921 9.25386 0.0392933 11.4632 0.0249587 0.473213 -0.0563486 0.293474 340 0
359.837 9.29171 0.04129 11.5019 0.0200326 0.483561 -0.0615754 0.283839 341 0
360.756 9.33117 0.0428926 11.5469 0.0150564 0.563264 -0.0622029 0.283293 342 0
361.679 9.37189 0.0440971 11.6146 0.00940349 0.846136 -0.0706616 0.288538 343 0
362.607 9.41355 0.0448494 11.7106 0.00377924 1.19942 -0.0703032 0.286116 344 0
363.543 9.45583 0.0451517 11.8226 -0.00144829 1.40061 -0.065344 0.284564 345 0
364.488 9.49841 0.0450359 11.9689 -0.00622654 1.82829 -0.0597282 0.279706 346 0
365.445 9.54104 0.0445377 12.0904 -0.00999742 1.51861 -0.047136 0.278239 347 0
366.411 9.58333 0.0437379 12.2358 -0.0139532 1.81755 -0.0494467 0.287947 348 0
367.389 9.62504 0.0426217 12.3914 -0.0180138 1.9457 -0.0507583 0.283659 349 0
368.38 9.66585 0.0411806 12.5772 -0.022209 2.32222 -0.0524393 0.284508 350 0
369.385 9.70549 0.0394039 12.7807 -0.0282532 2.54302 -0.0755534 0.290137 351 0
370.407 9.74346 0.0371436 12.9924 -0.0309697 2.64722 -0.033956 0.280887 352 0
371.445 9.77948 0.034666 12.9887 -0.031915 -0.0470638 -0.0118162 0.329122 353 0
372.484 9.81285 0.0321128 13.0844 -0.0350741 1.19683 -0.0394889 0.303066 354 0
373.53 9.84352 0.0293069 13.2114 -0.0373401 1.58761 -0.0283245 0.286665 355 0
374.587 9.87134 0.0263197 13.3865 -0.0380475 2.1886 -0.00884235 0.278214 356 0
375.657 9.89626 0.0232759 13.5543 -0.0378138 2.09762 0.00292147 0.271882 357 0
376.742 9.91822 0.0202508 13.7113 -0.0369736 1.96171 0.0105017 0.270796 358 0
377.838 9.93718 0.0172929 13.8352 -0.0357642 1.54881 0.0151178 0.253102 359 0
378.945 9.95316 0.0144318 13.9158 -0.033657 1.00832 0.0263397 0.351852 360 0
380.058 9.96623 0.0117392 14.0113 -0.0309278 1.19385 0.0341155 0.279467 361 0
381.179 9.97661 0.00926498 14.0803 -0.0278024 0.862503 0.0390673 0.246702 362 0
382.305 9.98454 0.00704079 14.1199 -0.0238934 0.494826 0.0488619 0.143332 363 0
383.435 9.99034 0.00512932 14.1368 -0.0212478 0.210524 0.0330705 0.106559 364 0
384.566 9.99421 0.00342949 14.1697 -0.0207295 0.411701 0.0064793 0.072589 365 0
385.7 9.99622 0.00177114 14.1964 -0.0186385 0.3335 0.0261369 0.074897 366 0
386.835 9.99654 0.000280057 14.2208 -0.0178815 0.304842 0.0094631 0.072144 367 0
387.973 9.99523 -0.00115046 14.2393 -0.0174425 0.231397 0.00548745 0.073074 368 0
389.112 9.99233 -0.00254586 14.2737 -0.0169228 0.430787 0.00649518 0.073359 369 0
390.254 9.98788 -0.00389968 14.2806 -0.0162298 0.0854015 0.00866279 0.073512 370 0
391.396 9.98194 -0.00519807 14.3278 -0.0175812 0.589776 -0.0168928 0.072525 371 0
392.543 9.97437 -0.00660457 14.3241 -0.0168086 -0.0458598 0.00965742 0.07323 372 0
393.688 9.96526 -0.00794926 14.3728 -0.018704 0.608599 -0.0236917 0.072697 373 0
394.838 9.9544 -0.00944558 14.429 -0.0179223 0.703001 0.00977137 0.07311 374 0
395.992 9.94184 -0.0108794 14.4299 -0.0192233 0.0115156 -0.0162622 0.073238 375 0
397.147 9.92751 -0.0124172 14.4692 -0.0209035 0.490487 -0.0210029 0.072302 376 0
398.304 9.9112 -0.0140895 14.5156 -0.0201213 0.580883 0.00977675 0.072436 377 0
399.465 9.89297 -0.0156992 14.5577 -0.0193825 0.525725 0.00923604 0.073872 378 0
400.63 9.87288 -0.0172498 14.5863 -0.0210701 0.357032 -0.0210953 0.074327 379 0
