1.12 10 0 14.1112 -0.00673215 1.39056 -0.0841519 2.0678 1 1
2.2489 9.99939 -0.000538572 14.2425 -0.0131571 1.64037 -0.0803123 0.925571 2 0
3.3883 9.99758 -0.00159114 14.3662 -0.0192898 1.54613 -0.0766581 1.18748 3 0
4.53758 9.99398 -0.00313433 14.4904 -0.0248139 1.55312 -0.0690514 1.24888 4 0
5.6968 9.98804 -0.00511944 14.6076 -0.0300663 1.46478 -0.065655 1.60737 5 0
6.86538 9.97925 -0.00752474 14.7151 -0.0354831 1.34422 -0.0677094 1.43625 6 0
8.04252 9.96705 -0.0103634 14.8078 -0.0402411 1.15795 -0.0594762 1.25677 7 1
9.22704 9.95096 -0.0135827 14.8953 -0.0451639 1.09451 -0.0615343 1.16338 8 1
10.4185 9.93047 -0.0171958 14.9861 -0.049338 1.13517 -0.0521761 1.42484 9 1
11.6171 9.90512 -0.0211428 15.0748 -0.0531435 1.10849 -0.0475694 1.29293 10 1
12.8227 9.8745 -0.0253943 15.1704 -0.0558593 1.19441 -0.0339468 1.20004 11 1
14.0358 9.83826 -0.0298631 15.2265 -0.0586093 0.701654 -0.0343753 1.19871 12 10
15.2532 9.79618 -0.0345518 15.316 -0.0606514 1.11917 -0.0255255 1.33765 13 1
16.4775 9.74792 -0.0394039 15.4046 -0.0631737 1.10698 -0.03153 1.30935 14 7
17.7087 9.69315 -0.0444578 15.4878 -0.0651646 1.03976 -0.0248862 1.26279 15 7
18.9462 9.63163 -0.049671 15.5756 -0.0665867 1.09805 -0.0177752 1.26488 16 7
20.1903 9.56313 -0.0549979 15.6648 -0.0675322 1.11529 -0.0118193 1.26211 17 7
21.4412 9.48748 -0.0604005 15.7501 -0.0679837 1.06612 -0.00564372 1.05277 18 7
22.6985 9.40459 -0.0658392 15.8368 -0.0686087 1.08351 -0.00781231 1.04215 19 0
23.9622 9.31429 -0.0713279 15.9182 -0.0694677 1.0172 -0.0107375 1.20378 20 0
25.2319 9.21648 -0.0768853 15.9971 -0.0698915 0.986838 -0.0052982 1.17544 21 0
26.5074 9.11105 -0.0824766 16.0718 -0.0702084 0.932777 -0.00396073 1.13731 22 0
27.7881 8.99793 -0.0880933 16.1665 -0.0697696 1.18442 0.00548568 1.13813 23 10
29.0758 8.87696 -0.0936749 16.2336 -0.0704237 0.838614 -0.00817636 1.21919 24 0
30.3681 8.7482 -0.0993088 16.2978 -0.0703469 0.802445 0.000959169 1.20372 25 0
31.6647 8.61163 -0.104937 16.3206 -0.0701511 0.284886 0.0024477 1.08409 26 1
32.9624 8.46759 -0.110549 16.4201 -0.07057 1.24364 -0.0052359 1.19166 27 2
34.2671 8.3153 -0.116194 16.5172 -0.0705959 1.21336 -0.000323821 1.17447 28 2
35.5787 8.15469 -0.121842 16.5883 -0.0637258 0.888872 0.0858767 1.34968 29 9
36.8951 7.98669 -0.12694 16.7166 -0.0663454 1.60377 -0.0327451 0.91739 30 3
38.2207 7.81035 -0.132248 16.779 -0.0581523 0.780463 0.102414 1.07901 31 9
39.5505 7.62716 -0.1369 16.8361 -0.0496468 0.713682 0.106318 0.811859 32 7
40.884 7.43805 -0.140871 16.8899 -0.0417922 0.67234 0.0981831 1.10149 33 7
42.2212 7.24386 -0.144215 16.9507 -0.0342465 0.760007 0.0943212 1.00996 34 7
43.5626 7.0453 -0.146955 17.0044 -0.0271742 0.671077 0.0884034 0.909103 35 7
44.9079 6.84318 -0.149129 17.0531 -0.0205472 0.609016 0.0828383 0.778492 36 7
46.2567 6.63827 -0.150772 17.1022 -0.0140746 0.613999 0.0809067 0.889227 37 7
47.6091 6.43124 -0.151898 17.1492 -0.00772918 0.587463 0.079318 0.794185 38 7
48.9651 6.22281 -0.152517 17.197 -0.00152714 0.596976 0.0775255 0.712585 39 7
50.3249 6.01363 -0.152639 17.2461 0.00465046 0.613618 0.0772199 0.750467 40 7
51.6886 5.80436 -0.152267 17.2803 0.0099007 0.42789 0.0656281 0.641157 41 8
53.0552 5.59576 -0.151475 17.3115 0.01499 0.389647 0.063616 0.724355 42 8
54.4245 5.38842 -0.150275 17.3516 0.0199544 0.501895 0.0620552 0.63522 43 8
55.7973 5.1828 -0.148679 17.393 0.0248566 0.516987 0.0612772 0.718477 44 8
57.1738 4.97942 -0.146691 17.4343 0.0296241 0.516796 0.0595943 0.696874 45 8
58.554 4.77882 -0.144321 17.4727 0.0343161 0.479651 0.0586503 0.742262 46 8
59.9379 4.58159 -0.141575 17.5115 0.039005 0.484681 0.0586111 0.890493 47 8
61.3254 4.38824 -0.138455 17.5579 0.04439 0.580096 0.0673126 0.876014 48 7
62.7172 4.19933 -0.134904 17.6047 0.0487347 0.585651 0.0543084 0.91282 49 7
64.1136 4.01535 -0.131005 17.7009 0.0509771 1.20261 0.0280296 0.93054 50 10
65.5182 3.8361 -0.126927 17.7946 0.0532686 1.17097 0.0286441 0.972235 51 10
66.9311 3.66191 -0.122665 17.8474 0.0582096 0.660443 0.061763 0.982763 52 6
68.349 3.49381 -0.118009 17.9455 0.0600495 1.22561 0.0229984 0.931932 53 10
69.7754 3.33164 -0.113205 18.0388 0.0618988 1.16613 0.0231164 0.759464 54 10
71.2101 3.17572 -0.108253 18.1147 0.0663975 0.948524 0.0562328 0.592825 55 3
72.6516 3.02681 -0.102941 18.1645 0.0689649 0.622773 0.0320934 0.402003 56 7
74.0979 2.88546 -0.0974237 18.2474 0.0725955 1.0359 0.045382 0.313559 57 3
75.5515 2.7519 -0.0916161 18.3198 0.075224 0.905633 0.0328562 0.32568 58 1
77.0117 2.62661 -0.0855981 18.3906 0.0745955 0.885439 -0.00785608 0.366037 59 9
78.4783 2.50957 -0.0796305 18.4422 0.074581 0.644302 -0.000181142 0.316665 60 8
79.9497 2.40099 -0.073664 18.5283 0.0756082 1.07694 0.01284 0.326089 61 4
81.4286 2.30084 -0.0676154 18.5855 0.0759439 0.71454 0.00419617 0.298572 62 2
82.9126 2.2094 -0.0615399 18.6664 0.0723338 1.0107 -0.0451255 0.316698 63 10
84.4036 2.12619 -0.0557531 18.7128 0.0720619 0.580502 -0.00339933 0.313098 64 1
85.8988 2.05138 -0.0499882 18.7502 0.071293 0.467873 -0.00961171 0.392345 65 0
87.3973 1.98498 -0.0442848 18.7803 0.0690156 0.375915 -0.0284676 0.343604 66 7
88.8986 1.92675 -0.0387635 18.8158 0.0663561 0.443363 -0.0332429 0.3917 67 7
90.403 1.8764 -0.033455 18.8498 0.0632998 0.425172 -0.038204 0.336597 68 7
91.9104 1.8336 -0.028391 18.8872 0.0581659 0.46792 -0.0641733 0.809834 69 9
93.4209 1.79773 -0.0237378 18.9501 0.0531813 0.786042 -0.0623077 0.774421 70 10
94.9367 1.7682 -0.0194833 18.9954 0.0484827 0.566363 -0.0587323 0.811507 71 9
96.4561 1.74448 -0.0156046 19.0458 0.0437628 0.630331 -0.0589991 0.879387 72 9
97.9797 1.72604 -0.0121036 19.0995 0.0409794 0.670385 -0.0347922 0.869668 73 7
99.5076 1.71256 -0.00882526 19.1526 0.0378305 0.664639 -0.039362 0.795146 74 7
101.04 1.70367 -0.00579883 19.2108 0.0345679 0.726509 -0.0407826 0.83153 75 7
102.577 1.69901 -0.0030334 19.2706 0.0310344 0.747395 -0.0441688 0.86313 76 7
104.118 1.69816 -0.000550649 19.2851 0.0240273 0.181794 -0.0875885 0.982672 77 3
105.661 1.70028 0.00137153 19.2925 0.0165166 0.0926256 -0.0938836 0.93948 78 3
107.204 1.70444 0.00269286 19.3348 0.0133377 0.529194 -0.0397365 0.882008 79 8
108.751 1.71025 0.00375988 19.3812 0.0103648 0.579381 -0.0371614 0.841336 80 8
110.302 1.71737 0.00458906 19.4334 0.00658386 0.652456 -0.0472613 0.899113 81 10
111.856 1.72532 0.00511577 19.477 0.00444681 0.544977 -0.0267131 0.862048 82 8
113.414 1.73384 0.00547151 19.5283 0.000549906 0.641847 -0.0487113 1.00595 83 10
114.977 1.74246 0.0055155 19.5635 -0.0027925 0.439048 -0.0417801 0.884798 84 10
116.542 1.75074 0.0052921 19.6067 -0.00378022 0.540996 -0.0123465 1.02137 85 8
118.11 1.75857 0.00498969 19.6009 -0.0128016 -0.073123 -0.112768 0.861048 86 3
119.678 1.76479 0.00396555 19.6617 -0.0116353 0.760746 0.0145796 0.930245 87 7
121.251 1.76956 0.00303473 19.7135 -0.0106123 0.647259 0.0127869 1.02824 88 7
122.828 1.77301 0.00218574 19.775 -0.00962888 0.768304 0.0122931 1.0108 89 7
124.41 1.77525 0.00141543 19.7138 -0.0182395 -0.764632 -0.107632 0.940406 90 1
125.987 1.77518 -4.37239e-05 19.7325 -0.0177056 0.23284 0.00667388 0.989157 91 10
127.566 1.77287 -0.00146017 19.7412 -0.0165287 0.109625 0.0147106 0.929229 92 9
129.145 1.76848 -0.00278247 19.7516 -0.0155585 0.129294 0.0121278 1.00356 93 10
130.725 1.76212 -0.00402715 19.7622 -0.0139379 0.132775 0.0202578 0.893016 94 10
132.306 1.75399 -0.00514218 19.7698 -0.0109165 0.094986 0.0377672 1.05667 95 8
133.888 1.74447 -0.0060155 19.7774 -0.00767497 0.0955582 0.0405191 0.918105 96 8
135.47 1.73398 -0.00662949 19.7861 -0.00501612 0.108576 0.0332356 0.883307 97 10
137.053 1.72286 -0.00703078 19.7971 -0.00206527 0.137329 0.0368856 0.669544 98 10
138.637 1.71146 -0.007196 19.8073 0.00138981 0.127578 0.0431885 0.395449 99 8
140.221 1.70023 -0.00708482 19.8198 0.00451717 0.15595 0.0390921 0.372553 100 10
141.807 1.68957 -0.00672345 19.8328 0.0076559 0.16222 0.0392341 0.357698 101 10
143.393 1.67988 -0.00611097 19.8444 0.0108377 0.144982 0.0397725 0.343806 102 10
144.981 1.67155 -0.00524396 19.8576 0.0139551 0.165844 0.0389676 0.315767 103 10
146.57 1.66499 -0.00412755 19.8722 0.0169672 0.182319 0.0376511 0.375877 104 10
148.159 1.66059 -0.00277017 19.887 0.0193726 0.184298 0.0300678 0.352675 105 9
149.75 1.65865 -0.00122037 19.9009 0.0220544 0.174904 0.033522 0.331855 106 10
151.342 1.65951 0.000543985 19.9148 0.0245474 0.173283 0.0311631 0.444063 107 10
152.936 1.66351 0.00250778 19.9276 0.0256854 0.160146 0.0142246 0.469997 108 8
154.53 1.67078 0.00456261 19.937 0.0279091 0.117469 0.027796 0.487447 109 10
156.125 1.68162 0.00679534 19.9453 0.0298629 0.103855 0.0244224 0.529043 110 10
157.72 1.69628 0.00918437 19.9522 0.031536 0.0862837 0.0209139 0.440455 111 10
159.316 1.71496 0.0117072 19.9575 0.0329306 0.066185 0.0174329 0.436196 112 10
160.913 1.73786 0.0143417 19.9612 0.0340342 0.046134 0.0137949 0.448646 113 10
162.509 1.76511 0.0170644 19.9634 0.0348495 0.0271082 0.0101913 0.537751 114 10
164.106 1.79681 0.0198524 19.9635 0.0353861 0.00126362 0.00670748 0.484022 115 10
165.703 1.83304 0.0226833 19.9807 0.0300205 0.215578 -0.0670696 0.565615 116 3
167.301 1.87313 0.0250849 19.9802 0.0248288 -0.00722408 -0.0648972 0.571234 117 2
168.899 1.9164 0.0270712 19.9614 0.0197793 -0.233841 -0.0631179 0.476497 118 1
170.495 1.96215 0.0286536 19.9805 0.011857 0.237846 -0.0990294 0.803053 119 4
172.093 2.00946 0.0296021 20.0005 0.00442913 0.250316 -0.0928483 0.88367 120 4
173.692 2.05738 0.0299565 19.9597 -0.00104541 -0.510025 -0.0684319 0.915769 121 0
175.288 2.10507 0.0298728 19.9171 -0.00628645 -0.532532 -0.0655129 0.861421 122 0
176.881 2.15186 0.0293699 19.9602 -0.01284 0.538874 -0.0819199 0.830612 123 5
178.477 2.19712 0.0283427 20.0039 -0.0188061 0.545621 -0.0745762 0.881099 124 5
180.077 2.24006 0.0268382 19.952 -0.0229942 -0.648713 -0.0523505 0.893415 125 9
181.672 2.27996 0.0249987 19.9645 -0.0284942 0.15626 -0.0687506 0.822507 126 3
183.269 2.31624 0.0227192 19.9741 -0.0336014 0.120544 -0.0638391 0.903962 127 3
184.867 2.34825 0.020031 20.0059 -0.0385946 0.397706 -0.0624154 0.894653 128 4
186.467 2.37536 0.0169435 20.0362 -0.0431783 0.378108 -0.0572965 0.86506 129 4
188.07 2.39698 0.0134892 20.0665 -0.0473465 0.37899 -0.0521025 0.887518 130 4
189.675 2.41256 0.00970149 20.025 -0.0500377 -0.518322 -0.0336403 0.915303 131 0
191.277 2.42169 0.00569847 20.0324 -0.0533304 0.0923872 -0.0411586 0.937355 132 3
192.879 2.42398 0.00143204 20.0791 -0.0565561 0.583887 -0.0403214 0.940377 133 5
194.486 2.41901 -0.00309245 20.0311 -0.0583268 -0.599742 -0.0221328 1.04493 134 0
196.088 2.40658 -0.00775859 20.0744 -0.0607811 0.541282 -0.0306793 0.871557 135 5
197.694 2.38631 -0.0126211 19.76 -0.031013 -3.93076 0.372102 1.55738 136 7
199.275 2.36244 -0.0151021 19.7942 -0.0365253 0.427175 -0.0689045 1.03282 137 5
200.858 2.3339 -0.0180241 19.8122 -0.0412238 0.225735 -0.0587308 0.839266 138 4
202.442 2.30011 -0.021322 19.7983 -0.0450274 -0.173688 -0.0475457 0.928654 139 2
204.026 2.26064 -0.0249242 19.8201 -0.0488039 0.27225 -0.0472052 0.953453 140 4
205.611 2.21493 -0.0288285 19.8441 -0.0520811 0.300312 -0.040966 0.920786 141 4
207.197 2.16256 -0.032995 19.8668 -0.0549387 0.282788 -0.0357194 0.912426 142 4
208.786 2.10315 -0.0373901 19.8895 -0.0573157 0.28379 -0.0297123 1.02594 143 4
210.375 2.03638 -0.0419754 19.9311 -0.0593891 0.52011 -0.0259181 1.08667 144 5
211.968 1.9619 -0.0467265 19.9728 -0.0610181 0.521421 -0.0203625 1.00025 145 5
213.564 1.87948 -0.051608 20.0145 -0.0622143 0.520945 -0.0149516 0.98987 146 5
215.162 1.78892 -0.0565851 20.038 -0.0628454 0.293803 -0.00788947 1.02804 147 4
216.762 1.69022 -0.0616127 20.0637 -0.0631524 0.322056 -0.00383686 1.0322 148 4
218.364 1.58329 -0.0666649 20.0688 -0.0630784 0.0638008 0.000924896 1.0864 149 3
219.965 1.46826 -0.0717112 20.037 -0.0625978 -0.397587 0.00600712 0.993997 150 1
221.564 1.3454 -0.076719 19.9876 -0.0617703 -0.617909 0.0103442 1.15526 151 0
223.157 1.21497 -0.0816607 19.9951 -0.060727 0.0936508 0.0130403 1.05331 152 3
224.751 1.07675 -0.0865188 20.0226 -0.0594186 0.344396 0.0163558 1.06267 153 4
226.346 0.930751 -0.0912723 19.9941 -0.0578389 -0.356293 0.0197464 1.26217 154 1
227.938 0.777592 -0.0958994 19.9668 -0.0560243 -0.341463 0.0226826 1.1369 155 1
229.528 0.617517 -0.100381 19.9226 -0.0539779 -0.552702 0.02558 1.06745 156 0
231.113 0.450951 -0.1047 19.8801 -0.0517373 -0.531626 0.0280074 1.05416 157 0
232.694 0.278195 -0.108839 19.8391 -0.0493191 -0.511646 0.0302267 1.00932 158 0
234.271 0.0995715 -0.112784 19.8922 -0.0464341 0.662804 0.0360629 1.15206 159 5
235.851 -0.0854025 -0.116499 19.9275 -0.043502 0.441575 0.0366516 1.09889 160 4
237.434 -0.276214 -0.119979 19.9617 -0.0404468 0.427318 0.0381901 1.09748 161 4
239.019 -0.472482 -0.123215 19.9578 -0.0373895 -0.0486851 0.0382156 1.01365 162 2
240.603 -0.673451 -0.126206 19.9907 -0.0341365 0.411987 0.0406625 1.03649 163 4
242.189 -0.879083 -0.128937 20.0227 -0.0308158 0.399542 0.0415085 0.968798 164 4
243.777 -1.08896 -0.131402 20.0537 -0.0274456 0.387478 0.0421277 1.00839 165 4
245.367 -1.30265 -0.133598 20.0282 -0.0243063 -0.31898 0.0392412 0.98989 166 1
246.954 -1.51916 -0.135542 20.0233 -0.0210128 -0.0605345 0.0411687 0.900722 167 2
248.541 -1.73829 -0.137223 20.0742 -0.017479 0.635219 0.0441727 0.93463 168 5
250.132 -1.96019 -0.138622 20.1231 -0.0139797 0.612474 0.0437414 0.925927 169 5
251.726 -2.18442 -0.13974 20.1112 -0.0086642 -0.149298 0.0664438 0.989758 170 8
253.319 -2.40962 -0.140433 20.0942 -0.00343464 -0.213051 0.0653696 1.11228 171 8
254.91 -2.63507 -0.140708 20.106 0.000919181 0.148153 0.0544227 1.081 172 10
256.503 -2.86053 -0.140634 20.0888 0.00616125 -0.214958 0.0655258 1.16322 173 8
258.094 -3.08502 -0.140141 20.0865 0.0105521 -0.0294685 0.0548851 0.974782 174 9
259.686 -3.30813 -0.139297 20.058 0.0160596 -0.356221 0.0688446 1.1048 175 7
261.275 -3.52889 -0.138012 20.0528 0.0204694 -0.0648737 0.055122 1.10224 176 9
262.865 -3.74699 -0.136375 20.0225 0.0255075 -0.377893 0.0629769 1.20907 177 7
264.452 -3.96152 -0.134334 19.9923 0.0314618 -0.37818 0.0744283 1.22187 178 6
266.037 -4.17173 -0.131817 19.9655 0.0369335 -0.334692 0.068396 1.28246 179 6
267.621 -4.37699 -0.128863 19.9346 0.0412474 -0.386119 0.0539245 1.29373 180 7
269.204 -4.57671 -0.125563 19.9037 0.0452439 -0.386882 0.0499554 1.32755 181 7
270.784 -4.7704 -0.121943 19.9327 0.052026 0.363183 0.0847772 1.17441 182 5
272.368 -4.95778 -0.117781 19.94 0.0582619 0.0906706 0.0779484 1.13001 183 4
273.953 -5.13784 -0.11312 19.9101 0.0628964 -0.373411 0.0579309 1.07508 184 2
275.536 -5.30967 -0.108089 19.9325 0.0675999 0.280285 0.0587941 1.03521 185 5
277.122 -5.47312 -0.102681 19.9174 0.0711486 -0.188923 0.0443579 1.0552 186 3
278.708 -5.62742 -0.0969888 19.8817 0.0736082 -0.445986 0.0307458 0.945343 187 2
280.292 -5.77212 -0.0911001 19.8289 0.0753574 -0.660706 0.021865 1.02147 188 1
281.873 -5.9069 -0.0850715 19.7696 0.0765207 -0.740504 0.0145412 1.0355 189 0
283.449 -6.03164 -0.0789499 19.7983 0.0777131 0.358319 0.0149048 1.06964 190 5
285.029 -6.14674 -0.0727328 19.8252 0.0785395 0.336313 0.0103297 0.890246 191 5
286.612 -6.25205 -0.0664497 19.8561 0.079003 0.386238 0.00579469 1.01655 192 5
288.197 -6.34751 -0.0601294 19.8232 0.0789006 -0.411201 -0.0012801 1.01321 193 2
289.781 -6.43281 -0.0538174 19.8183 0.078533 -0.0611544 -0.0045958 1.01276 194 3
291.364 -6.50815 -0.0475347 19.7708 0.0779402 -0.593925 -0.00740942 1.00249 195 1
292.945 -6.57345 -0.0412995 19.7191 0.0771188 -0.646377 -0.0102682 0.975922 196 0
294.521 -6.62886 -0.03513 19.6684 0.0760387 -0.633073 -0.0135012 0.914269 197 0
296.094 -6.67456 -0.0290469 19.6887 0.0739036 0.253177 -0.0266884 0.899507 198 4
297.669 -6.71099 -0.0231346 19.7058 0.0714442 0.213766 -0.030743 1.01231 199 4
299.245 -6.73845 -0.0174191 19.7014 0.0689101 -0.0554323 -0.0316754 0.889526 200 3
300.821 -6.75722 -0.0119063 19.698 0.0660973 -0.0425577 -0.03516 0.917583 201 3
302.397 -6.76765 -0.0066185 19.7116 0.0627839 0.170541 -0.0414172 0.908447 202 4
303.974 -6.77016 -0.00159578 19.707 0.0595273 -0.0570536 -0.040708 0.889021 203 3
305.55 -6.76517 0.0031664 19.7204 0.0557188 0.167513 -0.0476061 0.929292 204 4
307.128 -6.75314 0.00762391 19.6471 0.0533403 -0.917029 -0.029731 0.888911 205 0
308.7 -6.73445 0.0118911 19.6819 0.0479996 0.435042 -0.0667598 0.884358 206 5
310.274 -6.70969 0.0157311 19.64 0.0440423 -0.523806 -0.0494653 0.855648 207 1
311.845 -6.67944 0.0192545 19.5757 0.0401169 -0.803518 -0.0490679 0.952988 208 0
313.41 -6.64426 0.0224638 19.6104 0.0332569 0.434113 -0.0857498 0.971546 209 5
314.979 -6.60485 0.0251244 19.587 0.0276075 -0.292921 -0.0706182 0.906559 210 2
316.545 -6.56202 0.027333 19.6024 0.0208245 0.192785 -0.0847867 0.912627 211 4
318.113 -6.51655 0.028999 19.5459 0.0159973 -0.706816 -0.0603407 0.937491 212 0
319.676 -6.46921 0.0302787 19.5442 0.00962241 -0.0212193 -0.0796858 0.884313 213 3
321.238 -6.42068 0.0310485 19.4968 0.0048653 -0.592041 -0.0594638 0.880437 214 0
322.797 -6.37165 0.0314378 19.5037 -0.00131845 0.0866652 -0.0772968 0.958488 215 3
324.357 -6.32277 0.0313323 19.4576 -0.005703 -0.576878 -0.0548069 0.963995 216 0
325.913 -6.27472 0.030876 19.4168 -0.00989358 -0.509334 -0.0523823 1.00856 217 0
327.465 -6.22799 0.0300845 19.3808 -0.0138612 -0.450087 -0.0495947 0.88927 218 0
329.015 -6.18307 0.0289757 19.3439 -0.0176752 -0.462055 -0.0476751 0.90464 219 0
330.562 -6.14042 0.0275616 19.324 -0.0217898 -0.248528 -0.0514331 1.03748 220 1
332.108 -6.10052 0.0258185 19.3438 -0.0159222 0.247002 0.0733448 0.890894 221 9
333.655 -6.06254 0.0245447 19.3198 -0.0211044 -0.298882 -0.0647774 1.02399 222 1
335.2 -6.02721 0.0228563 19.2972 -0.0263064 -0.282907 -0.0650248 1.05416 223 1
336.743 -5.99518 0.0207518 19.2604 -0.0310301 -0.46072 -0.0590455 1.1638 224 0
338.284 -5.96703 0.0182694 19.2299 -0.0356129 -0.380635 -0.0572851 0.935585 225 0
339.822 -5.94331 0.0154204 19.2613 -0.0411592 0.392818 -0.0693291 1.0419 226 4
341.363 -5.92462 0.0121276 19.229 -0.0451252 -0.404286 -0.0495755 1.09094 227 0
342.901 -5.91152 0.00851762 19.2605 -0.0496707 0.393486 -0.0568186 1.18265 228 4
344.442 -5.90452 0.00454397 19.2409 -0.0530923 -0.244784 -0.0427693 1.13738 229 1
345.981 -5.90406 0.000296585 19.2054 -0.0557671 -0.443816 -0.033436 1.01777 230 0
347.518 -5.91046 -0.00416479 19.1732 -0.057971 -0.402474 -0.0275486 1.0709 231 0
349.051 -5.92396 -0.00880247 19.1684 -0.0600273 -0.0601053 -0.0257039 1.10938 232 2
350.585 -5.94482 -0.0136047 19.1633 -0.0614909 -0.0634432 -0.0182946 1.19777 233 2
352.118 -5.97322 -0.0185239 19.1427 -0.0622548 -0.257158 -0.00954806 1.20852 234 1
353.649 -6.00921 -0.0235043 19.1364 -0.0627705 -0.0788927 -0.00644671 1.25099 235 6
355.179 -6.05288 -0.0285259 19.0882 -0.0623726 -0.602579 0.00497368 1.1422 236 0
356.705 -6.10405 -0.0335158 19.0277 -0.0614668 -0.756264 0.0113227 1.30529 237 0
358.226 -6.16254 -0.0384331 19.0301 -0.0599452 0.0298023 0.0190194 1.25699 238 3
359.747 -6.22833 -0.0432287 19.0482 -0.0577872 0.226998 0.0269759 1.40909 239 4
361.269 -6.30122 -0.0478517 18.9959 -0.055119 -0.65434 0.0333515 1.19248 240 0
362.787 -6.3806 -0.0522612 19.0086 -0.0519689 0.159335 0.0393763 1.27554 241 3
364.305 -6.46635 -0.0564187 19.0571 -0.0483668 0.60575 0.0450268 1.12413 242 5
365.827 -6.55821 -0.0602881 19.0906 -0.0444899 0.418735 0.0484612 1.30459 243 4
367.351 -6.65566 -0.0638473 19.1017 -0.0404375 0.138688 0.0506546 1.21976 244 3
368.876 -6.75809 -0.0670823 19.1115 -0.036209 0.12269 0.0528566 1.2541 245 3
370.401 -6.86499 -0.069979 19.0847 -0.0320035 -0.33462 0.0525681 1.28346 246 1
371.924 -6.97565 -0.0725393 19.114 -0.0274184 0.365186 0.0573139 1.35953 247 4
373.449 -7.08982 -0.0747327 19.0924 -0.023046 -0.269604 0.0546549 1.18948 248 1
374.971 -7.20667 -0.0765764 19.068 -0.0186696 -0.30551 0.0547051 1.30368 249 1
376.492 -7.32564 -0.07807 19.066 -0.014166 -0.0248194 0.056295 1.32871 250 2
378.013 -7.44632 -0.0792033 19.0448 -0.00984115 -0.264359 0.054061 1.23379 251 1
379.531 -7.56806 -0.0799906 19.0231 -0.00558674 -0.27101 0.0531802 1.27024 252 1
381.048 -7.69034 -0.0804375 19.0208 -0.00129383 -0.0288486 0.0536613 1.26124 253 2
382.565 -7.81276 -0.080541 18.9901 0.00267487 -0.38414 0.0496088 1.35174 254 0
384.079 -7.93467 -0.080327 18.979 0.00665305 -0.138402 0.0497272 1.26042 255 1
385.593 -8.05569 -0.0797948 18.9481 0.0103598 -0.386667 0.046334 1.23049 256 0
387.104 -8.17527 -0.078966 18.9371 0.0140481 -0.137639 0.0461046 1.26254 257 1
388.614 -8.29308 -0.0778421 18.9078 0.0174332 -0.366259 0.0423139 1.26636 258 0
390.123 -8.4086 -0.0764475 18.9812 0.0212899 0.917959 0.0482078 1.20921 259 5
391.637 -8.52199 -0.0747443 19.0131 0.0238421 0.397921 0.0319023 1.15863 260 6
393.154 -8.63268 -0.0728369 19.0765 0.0270981 0.793266 0.0407007 1.18103 261 4
394.676 -8.74045 -0.0706691 19.1064 0.0297896 0.374055 0.0336443 1.17589 262 2
396.201 -8.84474 -0.0682859 19.124 0.0322036 0.219989 0.0301747 1.15919 263 1
397.728 -8.9452 -0.0657096 19.1848 0.0320392 0.758982 -0.00205557 1.22357 264 9
399.26 -9.04205 -0.0631465 19.2517 0.0323513 0.836849 0.00390196 1.07735 265 10
400.797 -9.13526 -0.0605584 19.3161 0.0330912 0.805402 0.00924855 1.18531 266 10
402.34 -9.2247 -0.0579111 19.3694 0.034311 0.665641 0.0152477 1.15966 267 9
403.887 -9.31014 -0.0551662 19.4121 0.0358634 0.534153 0.019405 1.1796 268 8
405.438 -9.39132 -0.0522971 19.3251 0.0387298 -1.08798 0.0358295 1.10794 269 2
406.982 -9.46735 -0.0491987 19.3532 0.041942 0.351167 0.0401522 1.08511 270 8
408.528 -9.5383 -0.0458434 19.3894 0.0445325 0.453258 0.0323811 1.16014 271 8
410.078 -9.60387 -0.0422808 19.4229 0.047042 0.4179 0.0313692 0.846904 272 8
411.631 -9.6637 -0.0385174 19.4713 0.0486466 0.605559 0.0200575 1.12252 273 10
413.188 -9.71763 -0.0346257 19.5305 0.0495466 0.740004 0.0112497 1.16923 274 10
414.749 -9.76553 -0.030662 19.581 0.0506025 0.631022 0.0131991 0.901495 275 10
416.315 -9.80721 -0.0266138 19.6273 0.0516904 0.579095 0.0135984 0.992727 276 10
417.885 -9.8425 -0.0224785 19.6622 0.0529516 0.4354 0.015766 1.02407 277 10
419.458 -9.8712 -0.0182424 19.6867 0.0544608 0.306273 0.0188649 0.948535 278 10
421.032 -9.89307 -0.0138856 19.7062 0.0548155 0.243926 0.00443393 0.505087 279 9
422.609 -9.90804 -0.00950031 19.7221 0.0551457 0.198793 0.00412688 0.341111 280 9
424.187 -9.91607 -0.00508865 19.5891 0.0573284 -1.66166 0.027284 0.885838 281 1
425.754 -9.91686 -0.000502377 19.5727 0.0603321 -0.205207 0.0375459 1.03983 282 9
427.32 -9.91009 0.00432419 19.5646 0.062732 -0.101829 0.0299993 1.06654 283 9
428.885 -9.89546 0.00934275 19.5518 0.0652134 -0.160289 0.0310171 1.0712 284 9
430.449 -9.87269 0.0145598 19.5313 0.06799 -0.256109 0.0347078 0.990004 285 7
432.011 -9.84145 0.019999 19.3826 0.0662228 -1.85869 -0.0220902 1.10778 286 1
433.561 -9.80223 0.0252969 19.3947 0.0676648 0.151992 0.0180245 1.04261 287 9
435.112 -9.75458 0.03071 19.3955 0.0687687 0.0095129 0.0137993 1.11204 288 9
436.662 -9.69841 0.0362115 19.4025 0.0699557 0.0874996 0.0148376 1.03873 289 9
438.213 -9.63353 0.041808 19.4175 0.0709639 0.187492 0.0126024 1.07889 290 9
439.765 -9.5598 0.0474851 19.4252 0.0727956 0.0963926 0.0228957 1.12874 291 8
441.317 -9.47699 0.0533087 19.435 0.0738604 0.122619 0.0133098 1.10816 292 8
442.869 -9.38498 0.0592176 19.4437 0.0740701 0.108099 0.00262205 1.01565 293 9
444.421 -9.28372 0.0651432 19.4604 0.0737011 0.209665 -0.00461256 0.939328 294 10
445.974 -9.17321 0.0710393 19.4767 0.073244 0.203061 -0.00571376 0.956447 295 10
447.527 -9.05351 0.0768988 19.4929 0.0726993 0.203156 -0.00680881 0.936448 296 10
449.082 -8.92467 0.0827147 19.5087 0.0720679 0.197411 -0.00789277 1.00275 297 10
450.636 -8.78676 0.0884802 19.5334 0.0712181 0.308418 -0.010622 0.949932 298 10
452.192 -8.63981 0.0941776 19.5551 0.0702928 0.271463 -0.0115667 0.869642 299 10
453.748 -8.48394 0.099801 19.569 0.0693991 0.174046 -0.0111706 0.867644 300 10
455.305 -8.31931 0.105353 19.579 0.0685942 0.124025 -0.0100621 0.985662 301 8
456.862 -8.14606 0.110841 19.593 0.0674013 0.175452 -0.0149116 0.929861 302 10
458.419 -7.96428 0.116233 19.6124 0.0659093 0.242019 -0.0186492 0.901048 303 10
459.976 -7.77411 0.121505 19.6244 0.0643668 0.150681 -0.019282 0.912227 304 10
461.534 -7.5758 0.126655 19.6357 0.0624395 0.14143 -0.0240909 0.914657 305 8
463.091 -7.36959 0.13165 19.646 0.060596 0.128627 -0.0230437 1.04494 306 10
464.648 -7.15573 0.136498 19.6553 0.0585667 0.116134 -0.0253666 0.959056 307 10
466.205 -6.93446 0.141183 19.6637 0.0564313 0.10457 -0.0266921 1.0573 308 10
467.761 -6.70608 0.145697 19.6723 0.0542641 0.107765 -0.0270905 0.927687 309 10
469.317 -6.47083 0.150038 19.6787 0.0518611 0.0796556 -0.0300366 0.892154 310 10
470.873 -6.22906 0.154187 19.683 0.0492526 0.0535965 -0.0326067 0.978444 311 10
472.428 -5.9811 0.158128 19.6793 0.0464682 -0.0453711 -0.0348045 0.878524 312 10
473.982 -5.72741 0.161845 19.6862 0.0428982 0.0855446 -0.0446255 0.918376 313 7
475.535 -5.4683 0.165277 19.6926 0.0390954 0.0810385 -0.0475348 0.786807 314 7
477.088 -5.20425 0.168405 19.6954 0.0361002 0.0337601 -0.0374406 0.552236 315 10
478.641 -4.93567 0.171293 19.7 0.033052 0.0578642 -0.0381025 0.616328 316 10
480.193 -4.66293 0.173937 19.7048 0.0299223 0.0603676 -0.0391207 0.516364 317 10
481.745 -4.3864 0.17633 19.7101 0.0267372 0.0663519 -0.0398138 0.56671 318 10
483.297 -4.10648 0.178469 19.7159 0.0235188 0.0724792 -0.0402295 0.582644 319 10
484.848 -3.82356 0.180351 19.7208 0.019562 0.0614643 -0.0494603 0.53851 320 9
486.4 -3.53814 0.181916 19.7267 0.0156562 0.0730515 -0.0488228 0.532804 321 9
487.952 -3.25068 0.183168 19.7348 0.0127372 0.101352 -0.0364877 0.592116 322 10
489.504 -2.96153 0.184187 19.741 0.00894432 0.0781059 -0.0474107 0.537662 323 9
491.056 -2.67118 0.184903 19.7473 0.00525915 0.0786781 -0.0460646 0.61764 324 9
492.609 -2.38008 0.185324 19.7533 0.0016984 0.0744343 -0.0445095 0.567783 325 9
494.162 -2.08869 0.18546 19.7586 -0.00172864 0.0669003 -0.0428379 0.488414 326 9
495.716 -1.79742 0.185321 19.7649 -0.00398308 0.078249 -0.0281805 0.486339 327 10
497.27 -1.50656 0.185003 19.7701 -0.00617767 0.0656605 -0.0274325 0.543459 328 10
498.825 -1.2164 0.184508 19.7724 -0.00937463 0.0281334 -0.039962 0.618453 329 9
500.38 -0.927362 0.183758 19.7738 -0.0124133 0.0180244 -0.0379836 0.543096 330 9
501.935 -0.639851 0.182765 19.7768 -0.0142486 0.0366211 -0.0229409 0.592655 331 10
503.492 -0.354071 0.181625 19.7791 -0.0160164 0.0285149 -0.0220981 0.513463 332 10
505.048 -0.0702527 0.180344 19.7768 -0.0198847 -0.0279427 -0.0483538 0.591586 333 8
506.605 0.211057 0.178753 19.7311 -0.0272814 -0.571132 -0.0924587 0.547435 334 0
508.159 0.488327 0.176571 19.7299 -0.0261009 -0.0156641 0.0147569 0.802533 335 10
509.714 0.762333 0.174483 19.7292 -0.0251361 -0.0084877 0.0120592 0.913836 336 10
511.268 1.0332 0.172472 19.7434 -0.0235128 0.177479 0.0202916 0.987388 337 9
512.825 1.30134 0.170591 19.7375 -0.0230122 -0.0737429 0.00625828 1.07144 338 10
514.382 1.56654 0.16875 19.7329 -0.0227367 -0.0573397 0.00344256 1.03244 339 10
515.938 1.82884 0.166931 19.7288 -0.0226828 -0.051713 0.000674254 1.05418 340 10
517.495 2.08826 0.165116 19.7449 -0.022101 0.201797 0.00727272 1.09963 341 9
519.054 2.34513 0.163348 19.7422 -0.0224651 -0.0339746 -0.00455121 1.11983 342 10
520.612 2.59918 0.161551 19.7398 -0.0229329 -0.0299692 -0.00584796 1.09196 343 10
522.172 2.85033 0.159716 19.7545 -0.0229914 0.183964 -0.000731368 1.10441 344 9
523.732 3.09879 0.157877 19.7502 -0.0237546 -0.0533819 -0.00954 1.14105 345 10
525.293 3.34424 0.155977 19.7623 -0.0240649 0.15099 -0.00387782 1.14886 346 9
526.855 3.58683 0.154052 19.7727 -0.0246045 0.130296 -0.00674552 1.09512 347 9
528.419 3.82648 0.152083 19.7704 -0.0257338 -0.0294209 -0.014116 1.17734 348 10
529.983 4.06287 0.150024 19.7689 -0.0268622 -0.0185013 -0.0141048 1.08275 349 10
531.547 4.29589 0.147876 19.7767 -0.0275438 0.097847 -0.0085202 0.932655 350 9
533.112 4.52554 0.145672 19.7878 -0.0283627 0.138426 -0.0102364 0.909638 351 9
534.679 4.75178 0.143403 19.7973 -0.0291792 0.118232 -0.0102057 1.09672 352 9
536.247 4.97446 0.141069 19.8044 -0.0299993 0.0894308 -0.0102521 0.966566 353 9
537.816 5.19346 0.138669 19.8067 -0.0308976 0.0288248 -0.0112283 1.05087 354 9
539.386 5.4086 0.136197 19.8154 -0.0320044 0.108218 -0.0138351 1.12493 355 9
540.957 5.61981 0.133637 19.8111 -0.0332772 -0.0537872 -0.0159094 1.12543 356 10
542.529 5.8268 0.130974 19.835 -0.0335624 0.299454 -0.00356571 1.16272 357 8
544.102 6.02981 0.128289 19.8301 -0.0348493 -0.0623226 -0.0160868 1.19342 358 10
545.676 6.22839 0.125501 19.8361 -0.0356928 0.0753403 -0.0105437 1.15762 359 9
547.251 6.42252 0.122646 19.8414 -0.0365502 0.0669003 -0.0107171 1.20152 360 9
548.827 6.61211 0.119722 19.8569 -0.0368528 0.193882 -0.00378182 1.20184 361 8
550.405 6.79719 0.116774 19.8519 -0.0381386 -0.0636101 -0.0160735 1.09423 362 10
551.983 6.97741 0.113723 19.8954 -0.0351281 0.544453 0.0376316 1.08055 363 6
553.565 7.15358 0.110912 19.8993 -0.0344594 0.0490427 0.00835899 1.03225 364 8
555.147 7.32542 0.108156 19.897 -0.0341733 -0.0295877 0.00357563 1.20077 365 8
556.73 7.49292 0.105422 19.8922 -0.0313688 -0.0602484 0.0350568 1.18567 366 1
558.313 7.6564 0.102912 19.8905 -0.0324063 -0.0210047 -0.0129695 1.112 367 8
559.897 7.81576 0.10032 19.887 -0.0336159 -0.0434399 -0.0151191 1.11487 368 8
561.48 7.97084 0.0976305 19.9776 -0.0348259 1.1322 -0.0151256 1.07243 369 5
563.071 8.1222 0.0948445 20.0572 -0.0361914 0.994825 -0.0170679 1.15259 370 5
564.669 8.26953 0.0919492 20.0352 -0.0382716 -0.274944 -0.0260028 1.17853 371 9
566.265 8.41181 0.0888874 20.0145 -0.0402295 -0.258827 -0.0244744 1.09882 372 9
567.86 8.54881 0.0856691 19.9912 -0.0420284 -0.291038 -0.0224858 1.15038 373 9
569.454 8.6803 0.0823068 19.9916 -0.0450665 0.00545979 -0.0379763 1.12942 374 7
571.049 8.80604 0.0787015 20.0218 -0.0456642 0.37725 -0.00747154 1.11448 375 1
572.646 8.92613 0.0750483 20.0057 -0.0468908 -0.200772 -0.0153326 1.06403 376 9
574.242 9.04014 0.0712971 19.9891 -0.0479862 -0.207376 -0.0136924 1.10049 377 9
575.838 9.14794 0.0674582 19.9716 -0.0489632 -0.218749 -0.0122121 1.12768 378 9
577.432 9.24939 0.0635411 19.9524 -0.0497296 -0.24035 -0.0095801 1.1149 379 9
579.026 9.34441 0.0595628 19.9732 -0.0503923 0.260067 -0.00828416 1.02692 380 0
580.621 9.43309 0.0555314 19.9757 -0.0512697 0.0311852 -0.010967 1.02158 381 8
582.217 9.51524 0.0514298 20.0039 -0.0515111 0.352788 -0.003018 0.983307 382 2
583.816 9.59092 0.0473089 20.0047 -0.053344 0.00932217 -0.0229108 1.01634 383 8
585.414 9.65979 0.0430414 20.006 -0.0555796 0.0161409 -0.0279458 0.907868 384 8
587.014 9.72154 0.038595 20.0432 -0.0574677 0.464988 -0.0236012 0.810294 385 4
588.616 9.77604 0.0339976 20.0768 -0.059622 0.420713 -0.0269283 0.838018 386 4
590.222 9.82298 0.0292278 20.1138 -0.0615659 0.46277 -0.0242989 0.787148 387 4
591.83 9.86208 0.0243026 20.1338 -0.0614042 0.248861 0.00202162 0.809011 388 1
593.441 9.89331 0.0193902 20.1704 -0.0633978 0.458622 -0.0249201 0.827562 389 4
595.054 9.91642 0.0143184 20.144 -0.0650868 -0.330305 -0.021113 0.756012 390 9
596.666 9.9311 0.00911147 20.1228 -0.0670268 -0.26536 -0.0242498 0.731751 391 10
598.276 9.93714 0.00374932 20.1429 -0.071135 0.251317 -0.0513524 0.809848 392 5
599.887 9.93401 -0.00194148 20.1266 -0.0752362 -0.204086 -0.0512646 0.705204 393 3
601.497 9.92119 -0.00796037 20.1011 -0.0794457 -0.31817 -0.0526195 0.765275 394 4
