1.12 10 0 14.0736 -0.00505663 0.919783 -0.0632078 0.134961 1 0
2.24589 9.99954 -0.00040453 14.1376 -0.0106985 0.800419 -0.0705234 0.053642 2 0
3.37689 9.99812 -0.00126041 14.2211 -0.0140778 1.0438 -0.0422417 0.054265 3 0
4.51458 9.9954 -0.00238664 14.2832 -0.0172138 0.776362 -0.0391997 0.051951 4 0
5.65723 9.9911 -0.00376374 14.3171 -0.0221214 0.422919 -0.0613451 0.052806 5 0
6.80258 9.98477 -0.00553345 14.3672 -0.0267852 0.627053 -0.0582974 0.052291 6 0
7.95192 9.97594 -0.00767627 14.3573 -0.0282782 -0.124192 -0.0186629 0.089788 7 0
9.10045 9.96453 -0.00993853 14.4045 -0.0297092 0.589752 -0.0178871 0.05283 8 0
10.2527 9.95034 -0.0123153 14.4542 -0.0308039 0.621653 -0.0136834 0.053117 9 0
11.4089 9.93325 -0.0147796 14.4556 -0.0343594 0.0180721 -0.0444437 0.054088 10 0
12.5652 9.91298 -0.0175283 14.4611 -0.0371175 0.0684261 -0.0344759 0.083122 11 0
13.7219 9.88927 -0.0204977 14.4395 -0.0381023 -0.270879 -0.0123099 0.153202 12 0
14.8767 9.86207 -0.0235459 14.3482 -0.0369086 -1.14113 0.0149203 0.166295 13 0
16.0241 9.83166 -0.0264986 14.2512 -0.0364593 -1.21192 0.00561643 0.188153 14 0
17.1637 9.79812 -0.0294153 14.2743 -0.0351572 0.288022 0.0162769 0.189769 15 0
18.3051 9.76133 -0.0322279 14.0969 -0.0328111 -2.21722 0.0293258 0.169662 16 0
19.4322 9.72203 -0.0348528 13.9806 -0.031233 -1.45395 0.0197267 0.190704 17 0
20.5498 9.68026 -0.0373514 13.849 -0.0290644 -1.64504 0.0271075 0.188026 18 0
21.6569 9.63632 -0.0396766 13.7982 -0.0284553 -0.634873 0.0076138 0.187006 19 0
22.7597 9.59002 -0.041953 13.6979 -0.0270982 -1.25308 0.0169627 0.164694 20 0
23.8545 9.54169 -0.0441209 13.6011 -0.0265881 -1.20999 0.00637621 0.199579 21 0
24.9414 9.49138 -0.0462479 13.502 -0.0249004 -1.23959 0.0210972 0.204839 22 0
26.0203 9.4393 -0.04824 13.452 -0.0233519 -0.624549 0.0193555 0.199349 23 0
27.0951 9.3854 -0.0501081 13.3942 -0.021739 -0.722158 0.0201617 0.189137 24 0
28.1652 9.32986 -0.0518472 13.3853 -0.020585 -0.111258 0.0144255 0.188864 25 0
29.2345 9.27261 -0.053494 13.3729 -0.0193884 -0.155318 0.0149571 0.164615 26 0
30.3027 9.21375 -0.0550451 13.37 -0.0186998 -0.0358105 0.00860738 0.168848 27 0
31.3706 9.15331 -0.0565411 13.3107 -0.0173012 -0.741625 0.0174821 0.168114 28 0
32.4337 9.09166 -0.0579252 13.2914 -0.0171894 -0.240839 0.00139838 0.201805 29 0
33.4952 9.02864 -0.0593003 13.1864 -0.0178406 -1.3126 -0.00813997 0.173811 30 0
34.5481 8.96462 -0.0607276 13.0682 -0.0183038 -1.47829 -0.00579108 0.18968 31 0
35.5916 8.89964 -0.0621919 12.7482 -0.0150183 -4 0.0410692 0.246977 32 0
36.6094 8.83503 -0.0633933 12.7286 -0.018223 -0.244737 -0.0400589 0.117337 33 0
37.6255 8.76904 -0.0648512 12.5521 -0.0110501 -2.20542 0.0896618 0.162658 34 0
38.6275 8.70308 -0.0657352 12.5258 -0.0141912 -0.329363 -0.0392645 0.270195 35 0
39.6273 8.63612 -0.0668705 12.3891 -0.0118773 -1.70898 0.0289238 0.155787 36 0
40.6162 8.56895 -0.0678207 12.354 -0.0129882 -0.438178 -0.0138862 0.210129 37 0
41.6022 8.50095 -0.0688597 12.2184 -0.0131954 -1.69475 -0.00258923 0.173651 38 0
42.5772 8.43267 -0.0699154 12.0959 -0.0140854 -1.53147 -0.011125 1.32457 39 0
43.5425 8.36398 -0.0710422 12.1051 -0.0158756 0.114453 -0.0223782 0.164405 40 0
44.5084 8.29401 -0.0723122 12.1339 -0.0186622 0.36068 -0.034832 0.054384 41 0
45.4764 8.22243 -0.0738052 12.2087 -0.0199814 0.934017 -0.0164904 0.052967 42 0
46.4503 8.14886 -0.0754037 12.2829 -0.0212374 0.928271 -0.0156995 0.054432 43 0
47.4301 8.07317 -0.0771027 12.3564 -0.0224093 0.918138 -0.0146492 0.053123 44 0
48.4155 7.99526 -0.0788955 12.4086 -0.0262556 0.65279 -0.0480781 0.053529 45 0
49.4049 7.91494 -0.0809959 12.4315 -0.0296141 0.285864 -0.0419819 0.054636 46 0
50.396 7.83213 -0.083365 12.4871 -0.0329108 0.695336 -0.0412082 0.0535 47 0
51.3913 7.74633 -0.0859979 12.5627 -0.0334105 0.945282 -0.00624694 0.080275 48 0
52.3923 7.65733 -0.0886707 12.6391 -0.0336333 0.954294 -0.00278484 0.080049 49 0
53.3992 7.56508 -0.0913614 12.7141 -0.0340255 0.937736 -0.00490285 0.079583 50 0
54.4119 7.46953 -0.0940834 12.7899 -0.0371798 0.947762 -0.0394285 0.104192 51 0
55.4302 7.37038 -0.0970578 12.8528 -0.0391193 0.786638 -0.0242441 0.153112 52 0
56.4533 7.26753 -0.100187 12.9208 -0.0404405 0.85026 -0.016515 0.12883 53 0
57.4815 7.16082 -0.103423 12.9593 -0.0427423 0.480449 -0.0287726 0.13042 54 0
58.5123 7.05026 -0.106842 13.0357 -0.0446076 0.955105 -0.0233152 0.130212 55 0
59.5488 6.93535 -0.110411 13.1137 -0.0443024 0.975096 0.00381465 0.15374 56 0
60.5911 6.81606 -0.113955 13.1701 -0.0439781 0.704575 0.0040533 0.150478 57 0
61.6374 6.69258 -0.117473 13.2074 -0.0454863 0.46711 -0.0188521 0.17476 58 0
62.6863 6.56492 -0.121112 13.2941 -0.0455074 1.08285 -0.00026403 0.176633 59 0
63.7415 6.43259 -0.124753 13.3316 -0.046172 0.468707 -0.00830796 0.175624 60 0
64.7993 6.29597 -0.128446 13.3804 -0.0459209 0.610065 0.00313874 0.198223 61 0
65.8604 6.15496 -0.13212 13.4263 -0.0456811 0.574446 0.00299769 0.19875 62 0
66.9246 6.00957 -0.135774 13.4675 -0.045348 0.515282 0.00416357 0.196484 63 0
67.9916 5.85986 -0.139402 13.5056 -0.0445226 0.475454 0.0103183 0.197229 64 0
69.061 5.70593 -0.142964 13.5559 -0.0432725 0.629425 0.0156259 0.201665 65 0
70.1338 5.5477 -0.146426 13.6038 -0.0419826 0.598145 0.0161244 0.202493 66 0
71.21 5.38529 -0.149785 13.6448 -0.0408452 0.512922 0.0142175 0.196549 67 0
72.2888 5.21888 -0.153052 13.6771 -0.0394583 0.404048 0.0173361 0.207682 68 0
73.3696 5.04865 -0.156209 13.6963 -0.0388475 0.239682 0.00763503 0.206184 69 0
74.4515 4.87483 -0.159317 13.7347 -0.0365228 0.480247 0.0290588 0.209407 70 0
75.5358 4.69734 -0.162238 13.7483 -0.0356416 0.169873 0.0110151 0.20448 71 0
76.6207 4.51659 -0.16509 13.8076 -0.0326587 0.741124 0.0372858 0.206109 72 0
77.7098 4.33221 -0.167702 13.8784 -0.0318478 0.884998 0.0101362 0.20432 73 0
78.8041 4.1441 -0.17025 13.8975 -0.0305343 0.23874 0.0164188 0.206761 74 0
79.8993 3.95305 -0.172693 13.9164 -0.0289978 0.235605 0.0192058 0.208871 75 0
80.9956 3.7592 -0.175013 13.9403 -0.0272758 0.298786 0.0215249 0.207109 76 0
82.0934 3.56262 -0.177195 13.9794 -0.0252747 0.488949 0.0250142 0.20291 77 0
83.1938 3.36327 -0.179217 14.011 -0.0225982 0.395298 0.0334558 0.204713 78 0
84.2964 3.16147 -0.181025 14.0494 -0.0207804 0.479412 0.0227229 0.204762 79 0
85.4016 2.95727 -0.182687 14.0837 -0.0191264 0.429416 0.0206758 0.207855 80 0
86.5093 2.75089 -0.184217 14.1184 -0.0174713 0.434005 0.0206888 0.205676 81 0
87.6193 2.54244 -0.185615 14.1528 -0.0158094 0.429022 0.0207727 0.203869 82 0
88.7318 2.33208 -0.18688 14.1892 -0.0141054 0.454974 0.0212999 0.201572 83 0
89.847 2.11993 -0.188008 14.1523 -0.0113846 -0.460851 0.0340111 0.213111 84 0
90.959 1.9073 -0.188919 14.0523 -0.00898834 -1.25027 0.0299527 0.193958 85 0
92.063 1.69539 -0.189638 13.8887 -0.00680019 -2.04424 0.0273518 0.182934 86 0
93.1541 1.48535 -0.190182 13.7248 -0.0047466 -2.04865 0.0256699 0.272029 87 0
94.2322 1.27738 -0.190562 13.7207 -0.00339272 -0.0522017 0.0169236 0.215626 88 0
95.3099 1.06918 -0.190833 13.6586 -0.00203083 -0.775981 0.0170235 0.232169 89 0
96.3828 0.861752 -0.190996 13.6246 -0.000469159 -0.42429 0.0195209 0.207889 90 0
97.4529 0.654795 -0.191033 13.5955 0.00122539 -0.36366 0.0211819 0.175212 91 0
98.5208 0.448386 -0.190935 13.417 0.00381372 -2.23153 0.0323541 0.188732 92 0
99.5747 0.245008 -0.19063 13.3854 0.00513525 -0.395489 0.0165192 0.216322 93 0
100.626 0.0425412 -0.190219 13.2014 0.00895228 -2.29998 0.0477128 0.174295 94 0
101.663 -0.156399 -0.189503 13.1761 0.00953178 -0.316525 0.00724373 0.171134 95 0
102.699 -0.354169 -0.18874 13.0047 0.0104424 -2.14236 0.0113824 0.149364 96 0
103.721 -0.548512 -0.187905 12.8949 0.0109397 -1.37167 0.00621687 0.282122 97 0
104.734 -0.740328 -0.18703 12.883 0.0113302 -0.148726 0.00488077 0.214077 98 0
105.747 -0.931049 -0.186124 12.81 0.0119441 -0.912678 0.00767391 0.239792 99 0
106.755 -1.11973 -0.185168 12.771 0.0124845 -0.487661 0.00675507 0.238487 100 0
107.759 -1.30683 -0.184169 12.7001 0.013091 -0.886285 0.00758137 0.248055 101 0
108.758 -1.49184 -0.183122 12.6591 0.0136066 -0.512218 0.00644536 0.252587 102 0
109.754 -1.67518 -0.182033 12.5855 0.0150532 -0.92001 0.0180823 0.242943 103 0
110.744 -1.85625 -0.180829 12.5384 0.0158448 -0.589514 0.00989526 0.230397 104 0
111.731 -2.0354 -0.179562 12.4636 0.0163272 -0.934994 0.00602927 0.243213 105 0
112.713 -2.2122 -0.178255 12.4317 0.0166853 -0.398505 0.00447668 0.241687 106 0
113.692 -2.38723 -0.176921 12.372 0.0171377 -0.746417 0.00565429 0.253591 107 0
114.666 -2.56009 -0.17555 12.3307 0.0175435 -0.515461 0.00507347 0.251938 108 0
115.638 -2.73101 -0.174146 12.2729 0.0179775 -0.722373 0.00542456 0.258316 109 0
116.605 -2.89974 -0.172708 12.2311 0.0183929 -0.522578 0.00519247 0.259134 110 0
117.569 -3.06648 -0.171236 12.174 0.0188381 -0.714016 0.00556493 0.258234 111 0
118.529 -3.23099 -0.169729 12.1316 0.0192428 -0.529957 0.00505848 0.255283 112 0
119.486 -3.39345 -0.16819 12.0754 0.0196417 -0.702941 0.00498677 0.256758 113 0
120.439 -3.55367 -0.166619 12.0302 0.0200082 -0.564444 0.0045808 0.262405 114 0
121.388 -3.71177 -0.165018 11.9823 0.0204016 -0.598657 0.0049178 0.262215 115 0
122.334 -3.86769 -0.163386 11.9322 0.0207725 -0.626361 0.00463668 0.267474 116 0
123.276 -4.0214 -0.161724 11.8855 0.0211237 -0.584662 0.00438935 0.280528 117 0
124.215 -4.17291 -0.160034 11.8921 0.0212475 0.082922 0.00154802 0.239107 118 0
125.154 -4.32292 -0.158334 11.945 0.0217637 0.661707 0.00645178 0.24904 119 0
126.098 -4.47195 -0.156593 11.9976 0.0222398 0.656605 0.00595157 0.247258 120 0
127.046 -4.61995 -0.154814 12.0503 0.0227388 0.658858 0.00623812 0.249137 121 0
127.999 -4.76686 -0.152995 12.103 0.0232039 0.65887 0.00581301 0.251728 122 0
128.956 -4.91265 -0.151139 12.1553 0.0236579 0.654233 0.00567571 0.249207 123 0
129.918 -5.05724 -0.149246 12.1596 0.0238112 0.0536442 0.0019161 0.250237 124 0
130.88 -5.20005 -0.147341 12.2107 0.0243493 0.639093 0.00672634 0.24968 125 0
131.847 -5.34158 -0.145393 12.2177 0.0246049 0.0873685 0.00319444 0.256399 126 0
132.814 -5.48128 -0.143425 12.2244 0.0249274 0.0829577 0.0040309 0.259846 127 0
133.782 -5.61913 -0.141431 12.2289 0.0253071 0.0571251 0.00474618 0.261473 128 0
134.751 -5.75508 -0.139406 12.2286 0.0257512 -0.00436306 0.00555145 0.263146 129 0
135.72 -5.88902 -0.137346 12.2149 0.0263312 -0.171375 0.00725039 0.280874 130 0
136.688 -6.02077 -0.135239 12.1781 0.0268236 -0.460029 0.00615479 0.29467 131 0
137.654 -6.15005 -0.133094 12.1524 0.0272875 -0.320578 0.00579923 0.297022 132 0
138.618 -6.27696 -0.130911 12.1173 0.0277297 -0.43962 0.00552728 0.309814 133 0
139.579 -6.40137 -0.128692 11.9044 0.0312381 -2.66018 0.0438554 0.222492 134 0
140.524 -6.52123 -0.126193 11.6786 0.0333349 -2.82345 0.0262096 0.244223 135 0
141.451 -6.63635 -0.123526 11.4386 0.0358562 -2.99946 0.0315163 0.21448 136 0
142.36 -6.74649 -0.120658 11.2015 0.0373859 -2.96345 0.0191213 0.218411 137 0
143.25 -6.85169 -0.117667 10.9758 0.0380075 -2.82127 0.00776947 0.217167 138 0
144.122 -6.95212 -0.114626 10.7366 0.0389818 -2.99062 0.0121787 0.218212 139 0
144.975 -7.0477 -0.111508 10.5068 0.0390895 -2.87185 0.00134716 0.227026 140 0
145.811 -7.13862 -0.108381 10.2601 0.0407208 -3.08453 0.0203911 0.368118 141 0
146.627 -7.22475 -0.105123 10.0262 0.0420307 -2.92392 0.0163732 0.211659 142 0
147.425 -7.30623 -0.101761 9.88984 0.0405453 -1.70397 -0.0185675 0.294082 143 0
148.213 -7.38405 -0.0985169 9.9095 0.0392009 0.245821 -0.0168045 0.240483 144 0
149.002 -7.45955 -0.0953808 9.67188 0.0377211 -2.97028 -0.0184984 0.254107 145 0
149.772 -7.53091 -0.0923631 9.70604 0.0364728 0.42702 -0.0156026 0.224449 146 0
150.546 -7.60027 -0.0894453 9.73804 0.0352542 0.400007 -0.0152329 0.19664 147 0
151.322 -7.66767 -0.086625 9.64864 0.0340267 -1.11754 -0.0153434 0.278758 148 0
152.091 -7.73236 -0.0839029 9.66124 0.0328797 0.157511 -0.0143385 0.243193 149 0
152.861 -7.79511 -0.0812725 9.54218 0.0317095 -1.48826 -0.0146272 0.271095 150 0
153.622 -7.85515 -0.0787357 9.5754 0.0306894 0.415254 -0.0127512 0.231512 151 0
154.386 -7.91352 -0.0762806 9.51904 0.029626 -0.704479 -0.0132929 0.225004 152 0
155.145 -7.96976 -0.0739105 9.51338 0.0286162 -0.0708461 -0.0126218 0.257554 153 0
155.905 -8.02422 -0.0716212 9.49812 0.0276341 -0.190723 -0.0122763 0.276351 154 0
156.663 -8.07692 -0.0694105 9.3675 0.026614 -1.63276 -0.0127515 0.268506 155 0
157.41 -8.1273 -0.0672813 9.40455 0.0257063 0.463188 -0.0113463 0.225899 156 0
158.161 -8.17634 -0.0652248 9.40038 0.0248254 -0.0521779 -0.0110116 0.253169 157 0
158.912 -8.22387 -0.0632388 9.3531 0.0239591 -0.590932 -0.010828 0.272147 158 0
159.658 -8.26972 -0.0613221 9.35084 0.0231334 -0.0282645 -0.0103221 0.275327 159 0
160.405 -8.31418 -0.0594714 9.30698 0.0223261 -0.548267 -0.0100905 0.260841 160 0
161.149 -8.35711 -0.0576853 9.30369 0.0215777 -0.0411749 -0.00935518 0.241031 161 0
161.892 -8.39874 -0.0559591 9.2643 0.0212035 -0.492382 -0.00467731 0.231634 162 0
162.632 -8.43894 -0.0542628 9.27546 0.0204866 0.139546 -0.00896144 0.109367 163 0
163.373 -8.47797 -0.0526239 9.21595 0.0198339 -0.743938 -0.00815839 0.235883 164 0
164.109 -8.51558 -0.0510372 9.24858 0.0191289 0.40791 -0.00881334 0.229004 165 0
164.848 -8.55219 -0.0495069 9.14373 0.0190978 -1.31055 -0.000388804 0.31457 166 0
165.579 -8.58728 -0.047979 9.17036 0.0183955 0.332868 -0.00877848 0.204786 167 0
166.312 -8.62138 -0.0465074 9.18249 0.0178082 0.151575 -0.00734054 0.159662 168 0
167.045 -8.65449 -0.0450827 9.20424 0.0182692 0.271821 0.00576247 0.213282 169 0
167.781 -8.6866 -0.0436212 9.12389 0.0180011 -1.00434 -0.00335213 0.177358 170 0
168.51 -8.71738 -0.0421811 9.01271 0.0177594 -1.38973 -0.00302093 0.279047 171 0
169.231 -8.74676 -0.0407604 9.05314 0.016982 0.505424 -0.00971693 0.204598 172 0
169.954 -8.77529 -0.0394018 9.0897 0.0165435 0.456977 -0.00548188 0.132246 173 0
170.681 -8.80297 -0.0380783 9.05728 0.0161387 -0.405216 -0.00505948 0.17924 174 0
171.405 -8.82962 -0.0367872 9.03681 0.01544 -0.255871 -0.00873382 0.14401 175 0
172.128 -8.85532 -0.035552 9.08067 0.01511 0.548172 -0.00412568 0.242584 176 0
172.854 -8.88026 -0.0343432 8.99095 0.0149899 -1.12151 -0.00150058 0.178519 177 0
173.573 -8.9041 -0.033144 9.02664 0.0143496 0.446129 -0.00800425 0.14014 178 0
174.294 -8.9272 -0.0319961 8.74056 0.0136767 -3.57594 -0.00841115 0.200626 179 0
174.993 -8.9488 -0.0309019 8.81951 0.013291 0.986862 -0.00482083 0.156529 180 0
175.698 -8.96985 -0.0298387 8.86086 0.0130044 0.51688 -0.00358236 0.138628 181 0
176.407 -8.99026 -0.0287983 8.90199 0.0126255 0.514042 -0.0047363 0.129736 182 0
177.119 -9.01005 -0.0277883 8.94118 0.0122824 0.48995 -0.00428868 0.152341 183 0
177.834 -9.02922 -0.0268057 8.8188 0.0118132 -1.52977 -0.00586519 0.169213 184 0
178.539 -9.04747 -0.0258606 8.86114 0.0114621 0.529265 -0.0043893 0.136909 185 0
179.248 -9.06515 -0.0249436 8.89712 0.0111719 0.449717 -0.00362745 0.146848 186 0
179.959 -9.08226 -0.0240499 8.84307 0.0111577 -0.675559 -0.000177603 0.145315 187 0
180.667 -9.09864 -0.0231573 8.87214 0.0105844 0.363374 -0.007166 0.081922 188 0
181.376 -9.11448 -0.0223105 8.85181 0.0100032 -0.254226 -0.007265 0.113465 189 0
182.084 -9.12971 -0.0215103 8.83595 0.00963019 -0.19815 -0.00466254 0.115035 190 0
182.791 -9.14437 -0.0207399 8.82732 0.00911556 -0.107884 -0.00643287 0.078444 191 0
183.497 -9.1585 -0.0200106 8.80651 0.00870345 -0.260186 -0.00515141 0.275525 192 0
184.201 -9.1721 -0.0193143 8.80943 0.00820094 0.0364661 -0.00628134 0.079357 193 0
184.906 -9.18525 -0.0186583 8.78598 0.00817879 -0.293076 -0.000276917 0.121446 194 0
185.609 -9.19791 -0.018004 8.78612 0.00808282 0.00178814 -0.00119962 0.077967 195 0
186.312 -9.21011 -0.0173573 8.7951 0.00797061 0.1122 -0.00140263 0.079597 196 0
187.015 -9.22187 -0.0167197 8.79817 0.00755554 0.0383854 -0.00518831 0.095853 197 0
187.719 -9.23321 -0.0161152 8.82196 0.00762955 0.297403 0.000925106 0.130469 198 0
188.425 -9.24415 -0.0155049 8.80144 0.00822342 -0.256515 0.00742336 0.142198 199 0
189.129 -9.25461 -0.014847 8.8351 0.00883498 0.420749 0.00764458 0.105434 200 0
189.835 -9.2646 -0.0141402 8.87395 0.00972998 0.485623 0.0111874 0.102093 201 0
190.545 -9.27409 -0.0133618 8.91646 0.0107131 0.531363 0.0122886 0.092354 202 0
191.258 -9.28301 -0.0125048 8.94521 0.0114424 0.359416 0.00911616 0.053848 203 0
191.974 -9.2913 -0.0115894 8.96876 0.0120665 0.294375 0.00780134 0.054146 204 0
192.691 -9.29892 -0.0106241 8.98444 0.0129729 0.196016 0.0113307 0.053848 205 0
193.41 -9.30581 -0.00958622 9.00191 0.0140703 0.218391 0.0137174 0.054265 206 0
194.13 -9.31191 -0.00846059 9.01641 0.014958 0.181127 0.0110966 0.053357 207 0
194.852 -9.31715 -0.00726395 9.04544 0.0146546 0.362957 -0.00379302 0.054042 208 0
195.575 -9.32155 -0.00609158 9.07273 0.0143716 0.341117 -0.00353768 0.053193 209 0
196.301 -9.32514 -0.00494186 9.08777 0.0144065 0.187957 0.000437093 0.058355 210 0
197.028 -9.3279 -0.00378933 9.10092 0.014413 0.164461 8.028e-05 0.05336 211 0
197.756 -9.32982 -0.0026363 9.1137 0.0143918 0.159693 -0.000265182 0.053953 212 0
198.485 -9.3309 -0.00148496 9.12562 0.0143722 0.149059 -0.000244938 0.053664 213 0
199.215 -9.33114 -0.000335184 9.13649 0.0143576 0.135827 -0.000182178 0.053765 214 0
199.946 -9.33055 0.000813423 9.21181 0.0136405 0.941467 -0.00896305 0.053428 215 0
200.683 -9.32914 0.00190467 9.28659 0.0129385 0.934744 -0.0087749 0.053333 216 0
201.426 -9.32696 0.00293975 9.36084 0.0122515 0.928092 -0.00858775 0.055944 217 0
202.175 -9.32403 0.00391987 9.3626 0.012397 0.0220418 0.00181841 0.058217 218 0
202.924 -9.32035 0.00491163 9.36261 0.0128198 0.000154972 0.00528446 0.055883 219 0
203.673 -9.3159 0.00593721 9.43615 0.0120984 0.919282 -0.00901662 0.06054 220 0
204.428 -9.31069 0.00690509 9.43475 0.0128301 -0.0175357 0.00914605 0.053604 221 0
205.183 -9.3047 0.0079315 9.43631 0.0133277 0.0194311 0.00621965 0.054057 222 0
205.937 -9.29791 0.00899771 9.43869 0.01363 0.0298738 0.00377952 0.053464 223 0
206.692 -9.29029 0.0100881 9.45104 0.0135742 0.154281 -0.000698026 0.05432 224 0
207.449 -9.28184 0.0111741 9.52379 0.0127624 0.909352 -0.0101478 0.053051 225 0
208.21 -9.27255 0.012195 9.52322 0.0130645 -0.00710487 0.00377672 0.053901 226 0
208.972 -9.26246 0.0132402 9.55947 0.0131654 0.453115 0.00126138 0.052566 227 0
209.737 -9.25153 0.0142934 9.55164 0.0138029 -0.0978351 0.00796872 0.053878 228 0
210.501 -9.23977 0.0153977 9.54242 0.0145006 -0.115204 0.00872059 0.053256 229 0
211.264 -9.22713 0.0165577 9.52099 0.0144255 -0.267935 -0.000938552 0.053382 230 0
212.026 -9.21364 0.0177118 9.50776 0.0145378 -0.165403 0.00140332 0.053745 231 0
212.786 -9.19928 0.0188748 9.49057 0.0144765 -0.214851 -0.000765524 0.054155 232 0
213.545 -9.18407 0.0200329 9.48421 0.0143266 -0.079453 -0.00187452 0.053192 233 0
214.304 -9.16801 0.021179 9.48178 0.014103 -0.0303864 -0.00279385 0.053974 234 0
215.062 -9.15109 0.0223073 9.55367 0.0131396 0.898564 -0.0120435 0.053544 235 0
215.826 -9.13324 0.0233584 9.62508 0.0121992 0.892627 -0.0117545 0.053992 236 0
216.596 -9.1145 0.0243344 9.69602 0.0112821 0.886846 -0.0114632 0.053303 237 0
217.372 -9.09493 0.0252369 9.7665 0.0103889 0.880897 -0.0111657 0.054743 238 0
218.153 -9.07456 0.026068 9.74967 0.0111631 -0.210321 0.00967823 0.053619 239 0
218.932 -9.05353 0.0269611 9.7315 0.0117024 -0.227106 0.00674059 0.05393 240 0
219.71 -9.03182 0.0278973 9.71371 0.011895 -0.222337 0.00240707 0.052657 241 0
220.487 -9.0094 0.0288489 9.69566 0.011806 -0.225627 -0.00111153 0.053242 242 0
221.263 -8.9863 0.0297934 9.67956 0.0115412 -0.201309 -0.003311 0.056907 243 0
222.037 -8.96252 0.0307167 9.66037 0.0112332 -0.239885 -0.00384931 0.054019 244 0
222.809 -8.93809 0.0316153 9.69123 0.0112853 0.385785 0.000650494 0.053276 245 0
223.584 -8.91288 0.0325181 9.66817 0.0111609 -0.288224 -0.00155423 0.053945 246 0
224.357 -8.88704 0.033411 9.65244 0.0108909 -0.196695 -0.00337536 0.053719 247 0
225.129 -8.86057 0.0342823 9.63793 0.0106092 -0.181317 -0.0035211 0.055878 248 0
225.899 -8.83349 0.035131 9.62352 0.0102918 -0.180161 -0.00396725 0.053481 249 0
226.669 -8.80582 0.0359544 9.60871 0.00997822 -0.185144 -0.00392002 0.053689 250 0
227.437 -8.77757 0.0367526 9.59046 0.00965942 -0.228143 -0.00398497 0.054119 251 0
228.203 -8.74879 0.0375254 9.5704 0.0093554 -0.250745 -0.0038003 0.054349 252 0
228.969 -8.71949 0.0382738 9.55118 0.00910169 -0.240231 -0.00317137 0.053331 253 0
229.732 -8.6897 0.0390019 9.53225 0.008888 -0.236583 -0.00267113 0.053542 254 0
230.494 -8.65942 0.039713 9.51712 0.00873214 -0.189137 -0.00194825 0.053387 255 0
231.255 -8.62866 0.0404116 9.52939 0.00910318 0.153351 0.00463802 0.054473 256 0
232.016 -8.59731 0.0411398 9.50984 0.00944916 -0.244331 0.00432479 0.054182 257 0
232.777 -8.56544 0.0418957 9.50037 0.00953273 -0.118423 0.00104458 0.053938 258 0
233.536 -8.53303 0.0426584 9.47138 0.00946255 -0.36242 -0.000877224 0.054717 259 0
234.293 -8.50015 0.0434154 9.43846 0.00921745 -0.411487 -0.00306381 0.054843 260 0
235.047 -8.46682 0.0441528 9.42058 0.00952422 -0.223398 0.00383472 0.055057 261 0
235.8 -8.43298 0.0449147 9.40136 0.0099282 -0.240314 0.00504969 0.055887 262 0
236.551 -8.39861 0.045709 9.38501 0.0103014 -0.204313 0.00466536 0.053886 263 0
237.301 -8.36369 0.0465331 9.37102 0.0105718 -0.17488 0.00337961 0.053721 264 0
238.05 -8.32818 0.0473788 9.35709 0.010807 -0.174224 0.00294033 0.053335 265 0
238.798 -8.29208 0.0482434 9.32508 0.0103652 -0.400066 -0.00552317 0.054663 266 0
239.543 -8.25549 0.0490726 9.39689 0.00918543 0.897563 -0.0147467 0.053839 267 0
240.294 -8.21806 0.0498074 9.38298 0.00896242 -0.173867 -0.00278765 0.054169 268 0
241.044 -8.18015 0.0505244 9.37174 0.00883375 -0.140488 -0.00160835 0.052796 269 0
241.792 -8.14176 0.0512311 9.34897 0.00839313 -0.284576 -0.00550773 0.053598 270 0
242.539 -8.10296 0.0519026 9.36508 0.00931746 0.201309 0.0115541 0.053733 271 0
243.287 -8.06353 0.052648 9.34722 0.00854336 -0.223231 -0.0096762 0.05364 272 0
244.034 -8.02367 0.0533314 9.32905 0.00782006 -0.227034 -0.00904133 0.054202 273 0
244.779 -7.98342 0.053957 9.30856 0.00717394 -0.256193 -0.00807643 0.053502 274 0
245.523 -7.94283 0.054531 9.28793 0.00690475 -0.257838 -0.00336493 0.05424 275 0
246.265 -7.90193 0.0550833 9.35952 0.00576437 0.894797 -0.0142547 0.054493 276 0
247.012 -7.86036 0.0555445 9.33808 0.0050898 -0.267923 -0.00843212 0.052543 277 0
247.758 -7.81858 0.0559517 9.31553 0.00447423 -0.28193 -0.00769471 0.053736 278 0
248.502 -7.77664 0.0563096 9.29582 0.00386804 -0.246334 -0.00757727 0.053344 279 0
249.245 -7.73456 0.056619 9.26509 0.00352434 -0.384188 -0.00429629 0.053845 280 0
249.985 -7.6924 0.056901 9.23205 0.00343687 -0.412929 -0.00109333 0.053415 281 0
250.722 -7.6502 0.0571759 9.21129 0.00358541 -0.259578 0.00185667 0.054141 282 0
251.458 -7.60788 0.0574628 9.19161 0.00342416 -0.245953 -0.00201559 0.053289 283 0
252.192 -7.56545 0.0577367 9.09391 0.00450171 -1.22129 0.0134693 0.094769 284 0
252.918 -7.5232 0.0580968 9.08398 0.00480892 -0.124109 0.00384009 0.052842 285 0
253.644 -7.48073 0.0584816 9.07316 0.00509836 -0.135207 0.00361812 0.053573 286 0
254.368 -7.43801 0.0588894 9.05827 0.00532274 -0.186098 0.00280468 0.052491 287 0
255.092 -7.39505 0.0593152 9.04637 0.00486934 -0.148809 -0.00566745 0.054111 288 0
255.814 -7.35187 0.0597048 9.03391 0.00454708 -0.155735 -0.00402827 0.05393 289 0
256.536 -7.30848 0.0600686 9.02112 0.00432258 -0.159824 -0.00280626 0.053981 290 0
257.256 -7.26491 0.0604144 8.99545 0.00407054 -0.320959 -0.00315054 0.053414 291 0
257.974 -7.22122 0.06074 9.00704 0.00379238 0.144923 -0.00347694 0.054808 292 0
258.694 -7.17726 0.0610434 8.9862 0.00366083 -0.260496 -0.00164448 0.052379 293 0
259.411 -7.1332 0.0613363 8.95782 0.00344417 -0.354707 -0.00270816 0.053632 294 0
260.126 -7.08907 0.0616118 8.94651 0.00293714 -0.141454 -0.00633791 0.053931 295 0
260.841 -7.04484 0.0618468 8.91464 0.00264416 -0.398386 -0.0036622 0.05489 296 0
261.552 -7.00061 0.0620583 8.929 0.00299859 0.179482 0.00443028 0.053779 297 0
262.265 -6.95613 0.0622982 8.94016 0.00309874 0.139523 0.0012519 0.054417 298 0
262.979 -6.91143 0.0625461 8.9303 0.00245366 -0.12325 -0.00806353 0.053096 299 0
263.692 -6.86663 0.0627424 8.92019 0.00181127 -0.12629 -0.00802982 0.054291 300 0
264.404 -6.82179 0.0628873 8.91276 0.00127374 -0.0929117 -0.00671911 0.053569 301 0
265.116 -6.7769 0.0629892 8.89937 0.000542227 -0.167429 -0.00914393 0.054744 302 0
265.827 -6.73206 0.0630326 8.88637 -0.000161666 -0.162458 -0.00879867 0.053296 303 0
266.536 -6.68728 0.0630196 8.87397 -0.00083486 -0.155044 -0.00841492 0.053544 304 0
267.245 -6.64262 0.0629528 8.86679 -0.00123557 -0.0896573 -0.00500893 0.052969 305 0
267.953 -6.59807 0.062854 8.8596 -0.00163796 -0.0899792 -0.00502977 0.054507 306 0
268.66 -6.55364 0.062723 8.84884 -0.00151903 -0.13442 0.00148662 0.052897 307 0
269.366 -6.50935 0.0626014 8.83414 -0.00178696 -0.183737 -0.00334923 0.055086 308 0
270.072 -6.46524 0.0624585 8.82306 -0.00245722 -0.138521 -0.00837814 0.053531 309 0
270.776 -6.42132 0.0622619 8.80324 -0.00238308 -0.247741 0.000926718 0.05395 310 0
271.479 -6.37764 0.0620713 8.77599 -0.00284953 -0.340629 -0.00583066 0.053478 311 0
272.18 -6.33424 0.0618433 8.76811 -0.00341214 -0.0985146 -0.00703258 0.054879 312 0
272.88 -6.29108 0.0615703 8.75874 -0.00390932 -0.117087 -0.00621477 0.052823 313 0
273.579 -6.24819 0.0612576 8.75054 -0.00440536 -0.102615 -0.00620058 0.053645 314 0
274.278 -6.20558 0.0609052 8.74038 -0.00487837 -0.126934 -0.00591259 0.053373 315 0
274.976 -6.16329 0.0605149 8.7454 -0.00474116 0.0627041 0.00171518 0.053724 316 0
275.674 -6.12124 0.0601356 8.77439 -0.00356914 0.36248 0.0146502 0.052586 317 0
276.375 -6.07925 0.0598501 8.84847 -0.00458789 0.925887 -0.0127343 0.053018 318 0
277.082 -6.03717 0.059483 8.92198 -0.00558264 0.918865 -0.0124344 0.054212 319 0
277.794 -5.99506 0.0590364 8.98511 -0.00722363 0.789142 -0.0205123 0.05427 320 0
278.512 -5.95306 0.0584585 9.0576 -0.00815322 0.906229 -0.01162 0.053466 321 0
279.235 -5.9112 0.0578063 9.04375 -0.00630334 -0.173128 0.0231236 0.053828 322 0
279.958 -5.86976 0.057302 9.11308 -0.00764905 0.866592 -0.0168214 0.053772 323 0
280.685 -5.82846 0.0566901 9.10879 -0.00684644 -0.0536084 0.0100326 0.05434 324 0
281.413 -5.78757 0.0561424 9.17755 -0.00799587 0.859463 -0.0143678 0.053185 325 0
282.146 -5.74684 0.0555027 9.24371 -0.00940465 0.826943 -0.0176098 0.056011 326 0
282.885 -5.70637 0.0547503 9.25001 -0.00786039 0.0788331 0.0193033 0.054334 327 0
283.623 -5.66634 0.0541215 9.13751 -0.0107759 -1.40634 -0.0364437 0.054075 328 0
284.353 -5.62743 0.0532594 9.16056 -0.0123957 0.288141 -0.0202478 0.053901 329 0
285.085 -5.58914 0.0522678 9.17962 -0.0138157 0.238335 -0.0177494 0.054719 330 0
285.819 -5.55158 0.0511625 9.19228 -0.0149281 0.158167 -0.013906 0.053525 331 0
286.553 -5.51485 0.0499683 9.26424 -0.01555 0.899529 -0.00777338 0.053937 332 0
287.293 -5.47876 0.0487243 9.19393 -0.0153723 -0.878835 0.00222113 0.055328 333 0
288.028 -5.44384 0.0474945 9.26579 -0.0159425 0.898254 -0.00712763 0.054126 334 0
288.769 -5.40959 0.0462191 9.16693 -0.0189441 -1.23576 -0.03752 0.0545 335 0
289.501 -5.37681 0.0447035 9.11501 -0.0186015 -0.648999 0.00428325 0.054438 336 0
290.23 -5.34531 0.0432154 9.06403 -0.0190311 -0.637269 -0.00537012 0.053933 337 0
290.954 -5.31509 0.0416929 9.02278 -0.0197439 -0.515676 -0.00891008 0.054633 338 0
291.675 -5.28614 0.0401134 8.98005 -0.021206 -0.534058 -0.0182758 0.052637 339 0
292.393 -5.25855 0.0384169 8.92739 -0.0221828 -0.658321 -0.0122103 0.053753 340 0
293.107 -5.23239 0.0366423 8.87118 -0.0222854 -0.702608 -0.0012822 0.053925 341 0
293.816 -5.20765 0.0348595 8.82164 -0.0219677 -0.619161 0.00397065 0.054142 342 0
294.522 -5.18429 0.0331021 8.79534 -0.0212847 -0.328839 0.00853732 0.053156 343 0
295.225 -5.1622 0.0313993 8.80599 -0.0199223 0.133109 0.01703 0.054298 344 0
295.929 -5.14121 0.0298055 8.77626 -0.0183831 -0.371587 0.0192403 0.053859 345 0
296.631 -5.12132 0.0283349 8.74749 -0.0182924 -0.359607 0.00113314 0.054834 346 0
297.33 -5.10252 0.0268715 8.69421 -0.0189618 -0.666058 -0.00836728 0.05236 347 0
298.026 -5.08488 0.0253545 8.64297 -0.0185656 -0.640512 0.00495322 0.053538 348 0
298.717 -5.06838 0.0238693 8.61032 -0.0178211 -0.408089 0.00930589 0.053881 349 0
299.406 -5.05292 0.0224436 8.60313 -0.0168632 -0.0898361 0.0119732 0.054444 350 0
300.094 -5.0384 0.0210945 8.55951 -0.0168594 -0.545323 4.83589e-05 0.05486 351 0
300.778 -5.02488 0.0197458 8.52179 -0.0176446 -0.471461 -0.00981535 0.054234 352 0
301.46 -5.01239 0.0183342 8.48235 -0.0177542 -0.492942 -0.00136965 0.053757 353 0
302.138 -5.00091 0.0169139 8.45642 -0.0171872 -0.324154 0.00708706 0.054302 354 0
302.815 -4.9904 0.0155389 8.42641 -0.0161812 -0.375164 0.0125752 0.053634 355 0
303.489 -4.9808 0.0142444 8.40625 -0.0149664 -0.251985 0.0151845 0.054426 356 0
304.161 -4.97202 0.0130471 8.36977 -0.0147446 -0.456047 0.0027725 0.055661 357 0
304.831 -4.96408 0.0118675 8.33573 -0.015315 -0.425446 -0.00712989 0.059997 358 0
305.498 -4.95698 0.0106423 8.30511 -0.0152008 -0.382805 0.00142819 0.05283 359 0
306.162 -4.95072 0.00942626 8.28484 -0.0148255 -0.25332 0.00469073 0.05368 360 0
306.825 -4.94525 0.00824022 8.25655 -0.014923 -0.353646 -0.00121919 0.053569 361 0
307.485 -4.9406 0.00704638 8.24276 -0.015462 -0.172365 -0.00673758 0.053989 362 0
308.145 -4.93677 0.00580941 8.22097 -0.0152007 -0.272357 0.00326736 0.052886 363 0
308.802 -4.93375 0.00459336 8.19803 -0.0147549 -0.286722 0.00557185 0.054782 364 0
309.458 -4.93151 0.00341297 8.19578 -0.0134306 -0.0281096 0.0165534 0.055778 365 0
310.114 -4.92998 0.00233852 8.27882 -0.013628 1.03796 -0.00246725 0.054151 366 0
310.776 -4.92915 0.00124828 8.27504 -0.0136246 -0.0472307 4.30038e-05 0.052422 367 0
311.438 -4.92904 0.000158309 8.2679 -0.0139762 -0.0892758 -0.00439556 0.053498 368 0
312.1 -4.92968 -0.000959789 8.25945 -0.0140323 -0.105596 -0.000701589 0.053434 369 0
312.76 -4.93106 -0.00208238 8.25343 -0.0129974 -0.0752926 0.0129365 0.054274 370 0
313.421 -4.93312 -0.00312217 8.24355 -0.0118235 -0.123429 0.0146745 0.053865 371 0
314.08 -4.9358 -0.00406805 8.21811 -0.0115761 -0.31805 0.00309238 0.054297 372 0
314.738 -4.93908 -0.00499414 8.16056 -0.00930732 -0.719357 0.0283596 0.052294 373 0
315.39 -4.94283 -0.00573872 8.10888 -0.00697091 -0.645971 0.0292051 0.053828 374 0
316.039 -4.94691 -0.00629639 8.08261 -0.00309873 -0.328422 0.0484022 0.087385 375 0
316.686 -4.95115 -0.00654429 7.94029 -0.00234818 -1.77895 0.00938185 0.161502 376 0
317.321 -4.95542 -0.00673215 7.94254 -0.00191141 0.0280678 0.00545967 0.131532 377 0
317.956 -4.9598 -0.00688506 7.82201 -0.00173342 -1.50665 0.00222484 0.150822 378 0
318.582 -4.96419 -0.00702373 7.83072 -0.00200056 0.108892 -0.00333929 0.084389 379 0
319.209 -4.96869 -0.00718378 7.83875 -0.00277946 0.100428 -0.00973614 0.05479 380 0
319.836 -4.97334 -0.00740613 7.84461 -0.0036258 0.0731945 -0.0105793 0.126518 381 0
320.463 -4.97817 -0.0076962 7.85152 -0.00331603 0.0863791 0.00387215 0.099964 382 0
321.091 -4.98317 -0.00796148 7.80578 -0.00199381 -0.571764 0.0165278 0.127305 383 0
321.716 -4.98824 -0.00812098 7.78404 -0.00141141 -0.271714 0.00727999 0.125923 384 0
322.338 -4.99337 -0.0082339 7.76712 -0.000953081 -0.211561 0.00572907 0.125293 385 0
322.96 -4.99853 -0.00831014 7.75119 -0.000571183 -0.19905 0.00477373 0.130824 386 0
323.58 -5.00371 -0.00835584 7.7387 -0.000238974 -0.156134 0.00415261 0.12613 387 0
324.199 -5.0089 -0.00837496 7.72049 4.29787e-05 -0.2276 0.00352441 0.128353 388 0
324.817 -5.01407 -0.00837152 7.71937 -7.97183e-05 -0.0140727 -0.00153371 0.125172 389 0
325.434 -5.01924 -0.0083779 7.69116 -0.000586106 -0.352585 -0.00632985 0.134419 390 0
326.049 -5.02442 -0.00842478 7.6853 -0.00132279 -0.0732899 -0.00920858 0.096448 391 0
326.664 -5.02967 -0.00853061 7.7021 -0.00182202 0.210071 -0.00624038 0.094121 392 0
327.28 -5.03501 -0.00867637 7.68885 -0.00149138 -0.165689 0.00413301 0.124035 393 0
327.895 -5.04042 -0.00879568 7.67903 -0.00097847 -0.12275 0.0064114 0.125053 394 0
328.51 -5.04588 -0.00887396 7.66125 -0.000527365 -0.22217 0.00563881 0.123196 395 0
329.123 -5.05134 -0.00891615 7.66014 -0.000139908 -0.0139713 0.00484321 0.12356 396 0
329.735 -5.05681 -0.00892734 7.6247 0.000109678 -0.442958 0.00311983 0.133238 397 0
330.345 -5.06225 -0.00891856 7.63768 0.000381761 0.162202 0.00340104 0.100098 398 0
330.956 -5.06768 -0.00888802 7.60969 0.000122984 -0.34979 -0.00323471 0.130037 399 0
331.565 -5.07309 -0.00887819 7.61493 -0.000356147 0.0654936 -0.00598914 0.096382 400 0
332.174 -5.07851 -0.00890668 7.6405 -0.000618598 0.31963 -0.00328064 0.09903 401 0
332.785 -5.08399 -0.00895617 7.58104 -0.000491776 -0.743312 0.00158527 0.13963 402 0
333.392 -5.08944 -0.00899551 7.5865 -0.000544409 0.0682831 -0.000657907 0.086465 403 0
333.999 -5.09493 -0.00903906 7.62144 -0.000527205 0.436711 0.000215047 0.100457 404 0
334.608 -5.10047 -0.00908124 7.56816 -0.000619655 -0.665998 -0.00115562 0.136943 405 0
335.214 -5.10599 -0.00913081 7.59447 -0.000950451 0.328887 -0.00413495 0.090258 406 0
335.821 -5.11159 -0.00920684 7.57798 -0.00033707 -0.206137 0.00766726 0.121607 407 0
336.428 -5.11719 -0.00923381 7.56876 0.00013194 -0.115174 0.00586262 0.123892 408 0
337.033 -5.12277 -0.00922326 7.55828 -0.000185597 -0.131011 -0.00396921 0.12511 409 0
337.638 -5.12836 -0.0092381 7.5713 -0.000238978 0.162727 -0.000667261 0.123541 410 0
338.243 -5.13396 -0.00925722 7.53281 8.50479e-05 -0.481117 0.00405032 0.130263 411 0
338.846 -5.13954 -0.00925042 7.57296 -0.000407989 0.501847 -0.00616296 0.096718 412 0
339.452 -5.14516 -0.00928306 7.52439 -0.000418883 -0.607055 -0.000136177 0.130698 413 0
340.054 -5.15077 -0.00931657 7.54938 -0.00182653 0.312352 -0.0175956 0.054321 414 0
340.658 -5.15648 -0.00946269 7.63923 -0.00271326 1.12314 -0.0110841 0.054723 415 0
341.269 -5.1624 -0.00967975 7.67081 -0.0055625 0.394678 -0.0356155 0.054362 416 0
341.882 -5.16861 -0.0101248 7.70351 -0.0086917 0.408804 -0.0391149 0.05291 417 0
342.499 -5.17528 -0.0108201 7.79192 -0.00914003 1.10506 -0.00560416 0.079821 418 0
343.122 -5.18248 -0.0115513 7.87992 -0.00945305 1.10008 -0.00391275 0.080303 419 0
343.752 -5.19024 -0.0123075 7.96715 -0.00979969 1.09034 -0.00433297 0.080119 420 0
344.39 -5.19858 -0.0130915 8.04377 -0.0116356 0.957745 -0.0229489 0.078091 421 0
345.033 -5.20761 -0.0140224 8.07787 -0.0128454 0.426304 -0.0151228 0.078152 422 0
345.679 -5.21733 -0.01505 8.1157 -0.0138518 0.472772 -0.012579 0.052904 423 0
346.328 -5.22782 -0.0161581 8.15771 -0.0150688 0.525129 -0.0152137 0.053885 424 0
346.981 -5.23915 -0.0173636 8.1901 -0.0155113 0.404906 -0.00553052 0.053074 425 0
347.636 -5.25134 -0.0186045 8.2229 -0.0157839 0.409961 -0.00340751 0.053529 426 0
348.294 -5.26441 -0.0198673 8.25638 -0.0160578 0.418532 -0.00342445 0.053264 427 0
348.954 -5.27838 -0.0211519 8.30789 -0.0171387 0.643921 -0.0135104 0.080612 428 0
349.619 -5.29335 -0.022523 8.32275 -0.0177128 0.185776 -0.0071764 0.077616 429 0
350.284 -5.30929 -0.02394 8.33862 -0.0181002 0.198281 -0.00484267 0.054158 430 0
350.951 -5.32622 -0.025388 8.35785 -0.018234 0.240397 -0.0016727 0.052579 431 0
351.619 -5.34417 -0.0268467 8.37515 -0.0183878 0.216222 -0.00192279 0.054015 432 0
352.289 -5.36314 -0.0283178 8.39299 -0.018404 0.2231 -0.000202516 0.053184 433 0
352.96 -5.38314 -0.0297901 8.41118 -0.0183492 0.227284 0.000686129 0.054085 434 0
353.633 -5.40417 -0.031258 8.49371 -0.0180021 1.0317 0.00433812 0.081694 435 0
354.312 -5.42638 -0.0326982 8.5012 -0.0188543 0.0936389 -0.0106529 0.058371 436 0
354.992 -5.44964 -0.0342065 8.58265 -0.0184619 1.01808 0.00490514 0.054868 437 0
355.678 -5.47414 -0.0356835 8.59643 -0.0173233 0.172305 0.0142328 0.054936 438 0
356.365 -5.49963 -0.0370694 8.60739 -0.0163005 0.1369 0.0127847 0.054116 439 0
357.053 -5.52604 -0.0383734 8.61755 -0.0154548 0.127077 0.010571 0.054055 440 0
357.742 -5.55334 -0.0396098 8.62796 -0.0147832 0.130057 0.00839516 0.055163 441 0
358.432 -5.58149 -0.0407924 8.64307 -0.0141915 0.188971 0.00739712 0.054015 442 0
359.123 -5.61047 -0.0419278 8.66543 -0.0133743 0.279498 0.010215 0.052468 443 0
359.815 -5.64027 -0.0429977 8.68873 -0.0123887 0.291133 0.012319 0.054722 444 0
360.51 -5.67084 -0.0439888 8.71554 -0.0112953 0.335145 0.0136679 0.053467 445 0
361.206 -5.70213 -0.0448924 8.74203 -0.0101581 0.331104 0.0142157 0.054194 446 0
361.905 -5.73408 -0.0457051 8.76785 -0.00955215 0.322855 0.00757381 0.054225 447 0
362.605 -5.76667 -0.0464692 8.79472 -0.00877325 0.335813 0.0097363 0.053961 448 0
363.308 -5.79984 -0.0471711 8.81718 -0.00797888 0.280738 0.00992959 0.053261 449 0
364.013 -5.83355 -0.0478094 8.85056 -0.00711246 0.417304 0.0108303 0.053933 450 0
364.72 -5.86779 -0.0483784 8.8721 -0.0064949 0.269198 0.00771943 0.082059 451 0
365.429 -5.90249 -0.048898 8.89701 -0.00578751 0.311363 0.00884243 0.093562 452 0
366.14 -5.9376 -0.049361 8.92236 -0.00530643 0.316906 0.00601352 0.086268 453 0
366.853 -5.97313 -0.0497855 8.95796 -0.00435522 0.444996 0.0118901 0.094547 454 0
367.568 -6.00904 -0.0501339 8.98848 -0.00382789 0.381494 0.00659168 0.088644 455 0
368.287 -6.04529 -0.0504402 9.017 -0.00191659 0.356579 0.0238911 0.090806 456 0
369.007 -6.08178 -0.0505935 9.03801 -0.00301582 0.262523 -0.0137403 0.053912 457 0
369.729 -6.11851 -0.0508348 9.00711 0.00134606 -0.386155 0.0545235 0.115389 458 0
370.449 -6.15505 -0.0507271 9.02402 -2.58043e-05 0.211322 -0.0171483 0.054032 459 0
371.17 -6.19166 -0.0507291 9.04591 -0.00134824 0.273597 -0.0165305 0.054095 460 0
371.893 -6.22843 -0.050837 9.01579 0.002684 -0.376523 0.0504031 0.092072 461 0
372.613 -6.26493 -0.0506223 9.03533 0.00114798 0.244284 -0.0192003 0.056434 462 0
373.335 -6.30144 -0.0505304 9.06112 3.97994e-05 0.32239 -0.0138522 0.053044 463 0
374.059 -6.33805 -0.0505273 9.02098 0.00353773 -0.501788 0.0437241 0.092586 464 0
374.78 -6.37429 -0.0502442 9.04273 0.00188575 0.271857 -0.0206497 0.053437 465 0
375.502 -6.41052 -0.0500934 9.05663 0.00214062 0.173759 0.00318587 0.08613 466 0
376.226 -6.44667 -0.0499221 9.05302 0.00299601 -0.0450611 0.0106923 0.082316 467 0
376.949 -6.48264 -0.0496824 9.07453 0.00242407 0.268865 -0.00714924 0.053926 468 0
377.674 -6.51855 -0.0494885 9.02639 0.00509459 -0.601792 0.0333815 0.086982 469 0
378.395 -6.55398 -0.049081 9.05008 0.00330864 0.296164 -0.0223243 0.059473 470 0
379.118 -6.58931 -0.0488163 9.05982 0.00354912 0.12176 0.00300591 0.078806 471 0
379.842 -6.62447 -0.0485323 9.05902 0.00410267 -0.0100613 0.00691946 0.054164 472 0
380.566 -6.65939 -0.0482041 9.07472 0.00396946 0.196302 -0.00166523 0.05333 473 0
381.291 -6.69414 -0.0478866 9.09757 0.00234423 0.285614 -0.0203153 0.053783 474 0
382.018 -6.72884 -0.047699 9.03474 0.00646493 -0.785315 0.0515087 0.118226 475 0
382.74 -6.76293 -0.0471818 9.061 0.00486779 0.328243 -0.0199643 0.054672 476 0
383.464 -6.79684 -0.0467924 9.07611 0.00478179 0.188816 -0.00107496 0.053445 477 0
384.19 -6.83053 -0.0464099 9.06625 0.00563809 -0.123191 0.0107037 0.053946 478 0
384.914 -6.86385 -0.0459588 9.09721 0.00377736 0.386894 -0.0232591 0.081922 479 0
385.641 -6.89706 -0.0456566 9.03462 0.00645032 -0.782347 0.033412 0.089918 480 0
386.363 -6.92968 -0.0451406 9.06383 0.00455389 0.365138 -0.0237054 0.054398 481 0
387.088 -6.96214 -0.0447763 9.02854 0.00611644 -0.441134 0.0195319 0.08542 482 0
387.809 -6.99411 -0.044287 9.05774 0.00432712 0.365007 -0.0223666 0.05397 483 0
388.533 -7.02594 -0.0439408 9.01154 0.00626027 -0.577426 0.0241644 0.088055 484 0
389.254 -7.05725 -0.04344 9.02735 0.00442745 0.197589 -0.0229102 0.053884 485 0
389.975 -7.08836 -0.0430858 8.99971 0.00608879 -0.34548 0.0207667 0.088117 486 0
390.694 -7.11902 -0.0425987 9.0295 0.00431564 0.37235 -0.0221643 0.053696 487 0
391.416 -7.14953 -0.0422534 8.98976 0.00636355 -0.496793 0.0255989 0.0902 488 0
392.135 -7.17954 -0.0417443 9.01387 0.00452308 0.301421 -0.0230059 0.055255 489 0
392.855 -7.20938 -0.0413825 8.98966 0.00622804 -0.302637 0.021312 0.089596 490 0
393.574 -7.23877 -0.0408843 9.01537 0.00441903 0.321352 -0.0226127 0.053505 491 0
394.294 -7.268 -0.0405307 8.98089 0.00699495 -0.430942 0.032199 0.095543 492 0
395.012 -7.29671 -0.0399711 9.01002 0.00530436 0.364137 -0.0211324 0.05364 493 0
395.732 -7.3252 -0.0395468 9.02908 0.00512232 0.23818 -0.00227556 0.08308 494 0
396.454 -7.35347 -0.039137 9.01872 0.00603044 -0.129509 0.0113516 0.086585 495 0
397.175 -7.38135 -0.0386546 9.05285 0.00486421 0.42665 -0.0145779 0.054211 496 0
397.899 -7.40905 -0.0382654 9.01295 0.00658782 -0.498796 0.0215452 0.085804 497 0
398.619 -7.43626 -0.0377384 9.04329 0.00484943 0.379312 -0.0217298 0.054077 498 0
399.342 -7.46327 -0.0373505 9.0103 0.00640489 -0.412357 0.0194432 0.087343 499 0
400.063 -7.48982 -0.0368381 9.04151 0.00469446 0.390148 -0.0213803 0.053942 500 0
400.786 -7.51619 -0.0364625 9.00576 0.00638094 -0.446975 0.021081 0.089044 501 0
401.506 -7.54209 -0.035952 9.03887 0.00473558 0.413907 -0.020567 0.054246 502 0
402.228 -7.5678 -0.0355732 9.01017 0.00633447 -0.358796 0.0199861 0.088998 503 0
402.949 -7.59308 -0.0350664 9.04824 0.00479975 0.475943 -0.0191839 0.054547 504 0
403.672 -7.61818 -0.0346824 9.01923 0.00639951 -0.362659 0.019997 0.085802 505 0
404.393 -7.64283 -0.0341705 9.05603 0.00494382 0.460076 -0.0181961 0.054762 506 0
405.117 -7.66729 -0.033775 9.0338 0.00650477 -0.277865 0.0195118 0.08532 507 0
405.839 -7.69132 -0.0332546 9.07577 0.00521344 0.524545 -0.0161416 0.054253 508 0
406.565 -7.71516 -0.0328375 9.09601 0.00564218 0.253034 0.00535924 0.087734 509 0
407.292 -7.73872 -0.0323861 9.10425 0.00539185 0.103045 -0.00312915 0.087198 510 0
408.02 -7.76199 -0.0319548 9.11213 0.00550894 0.0985026 0.00146362 0.089649 511 0
408.749 -7.78496 -0.0315141 8.9616 0.00736682 -1.88168 0.0232235 0.121634 512 0
409.466 -7.80713 -0.0309247 8.8196 0.00941234 -1.77501 0.025569 0.150773 513 0
410.171 -7.82841 -0.0301718 8.68967 0.0110651 -1.62406 0.0206598 0.121277 514 0
410.866 -7.84877 -0.0292865 8.70778 0.00827093 0.226367 -0.0349274 0.088284 515 0
411.562 -7.86871 -0.0286249 8.73689 0.00734636 0.363767 -0.0115571 0.07916 516 0
412.261 -7.8883 -0.0280372 8.76396 0.00592492 0.338483 -0.0177681 0.054217 517 0
412.962 -7.90762 -0.0275632 8.7795 0.00410466 0.194228 -0.0227532 0.054729 518 0
413.664 -7.92675 -0.0272348 8.68813 0.00495371 -1.14219 0.0106131 0.053189 519 0
414.358 -7.9454 -0.0268385 8.68882 0.00364858 0.00870228 -0.0163141 0.053538 520 0
415.053 -7.96385 -0.0265466 8.71674 0.00276969 0.348973 -0.0109861 0.053112 521 0
415.75 -7.98221 -0.026325 8.6802 0.00373423 -0.456774 0.0120566 0.053288 522 0
416.445 -8.00028 -0.0260263 8.70832 0.00302316 0.351465 -0.00888832 0.053669 523 0
417.141 -8.01824 -0.0257844 8.64304 0.00321002 -0.815928 0.00233569 0.05427 524 0
417.832 -8.03589 -0.0255276 8.67367 0.00281397 0.382864 -0.00495061 0.054013 525 0
418.526 -8.05344 -0.0253025 8.68697 0.00293215 0.166285 0.00147727 0.058057 526 0
419.221 -8.07086 -0.025068 8.65802 0.00343229 -0.361896 0.00625176 0.079771 527 0
419.913 -8.08803 -0.0247934 8.69523 0.0030484 0.465131 -0.00479859 0.054035 528 0
420.609 -8.10511 -0.0245495 8.6212 0.00365999 -0.925434 0.00764485 0.115396 529 0
421.298 -8.12184 -0.0242567 8.64226 0.0028848 0.263286 -0.0096898 0.053924 530 0
421.989 -8.13845 -0.0240259 8.6111 0.00292389 -0.389457 0.000488621 0.053923 531 0
422.678 -8.15484 -0.023792 8.64226 0.00267966 0.389493 -0.00305296 0.111438 532 0
423.369 -8.17113 -0.0235776 8.58925 0.00144306 -0.66272 -0.0154575 0.110736 533 0
424.056 -8.18726 -0.0234622 8.61911 0.000757393 0.373304 -0.00857078 0.087702 534 0
424.745 -8.20339 -0.0234016 8.53532 0.000243468 -1.04736 -0.00642406 0.216393 535 0
425.428 -8.21935 -0.0233821 8.54552 -0.000413488 0.127482 -0.00821196 0.181273 536 0
426.111 -8.23536 -0.0234152 8.49844 -0.00173974 -0.588453 -0.0165782 0.23213 537 0
426.791 -8.25137 -0.0235544 8.51179 -0.00234484 0.166881 -0.00756369 0.253167 538 0
427.472 -8.26754 -0.023742 8.52074 -0.00283018 0.111866 -0.00606676 0.249452 539 0
428.153 -8.28388 -0.0239684 8.52778 -0.0032831 0.0879288 -0.00566147 0.26869 540 0
428.835 -8.3004 -0.024231 8.20778 -0.00314109 -4 0.00177512 0.965312 541 0
429.492 -8.31648 -0.0244823 7.88778 -0.00290519 -4 0.00294869 0.337035 542 0
430.123 -8.33207 -0.0247147 7.56778 -0.0022719 -4 0.00791612 0.315373 543 0
430.728 -8.34714 -0.0248965 7.64317 -0.00229144 0.942391 -0.000244245 0.289332 544 0
431.339 -8.36248 -0.0250798 7.57049 0.00163172 -0.908512 0.0490395 0.225265 545 0
431.945 -8.37759 -0.0249493 7.60529 0.00119932 0.435001 -0.00540501 0.255897 546 0
432.553 -8.39271 -0.0248533 7.62779 0.000828259 0.281286 -0.00463821 0.205432 547 0
433.163 -8.40783 -0.024787 7.30779 0.00186515 -4 0.0129612 0.217064 548 0
433.747 -8.42223 -0.0246378 7.35576 0.00145255 0.599575 -0.00515756 0.231262 549 0
434.336 -8.43666 -0.0245216 7.37375 0.00112126 0.22487 -0.00414114 0.16047 550 0
434.925 -8.45107 -0.0244319 7.31248 0.000877326 -0.76589 -0.00304916 0.126336 551 0
435.51 -8.46532 -0.0243617 7.21018 0.000545616 -1.27864 -0.00414637 0.130199 552 0
436.087 -8.47935 -0.0243181 7.25611 0.000582041 0.574088 0.00045531 0.190702 553 0
436.667 -8.49344 -0.0242715 7.05933 0.000278214 -2.45981 -0.00379784 0.143611 554 0
437.232 -8.50713 -0.0242493 7.11146 0.000259067 0.651687 -0.000239335 0.203206 555 0
437.8 -8.52091 -0.0242286 7.16066 4.81593e-05 0.615031 -0.00263635 0.160017 556 0
438.373 -8.53479 -0.0242247 7.1591 -0.000133629 -0.0195265 -0.00227235 0.194966 557 0
438.946 -8.54867 -0.0242354 7.14918 -0.000296141 -0.124067 -0.0020314 0.258555 558 0
439.517 -8.56254 -0.0242591 7.15376 -0.000435566 0.0573039 -0.00174281 0.182245 559 0
440.09 -8.57644 -0.0242939 7.15027 -0.000557697 -0.0436008 -0.00152663 0.218223 560 0
440.661 -8.59036 -0.0243385 7.1564 -0.000657199 0.0766575 -0.00124378 0.212499 561 0
441.234 -8.60433 -0.0243911 7.15789 -0.000741588 0.0186145 -0.00105486 0.223638 562 0
441.806 -8.61833 -0.0244504 7.16449 -0.000808877 0.082463 -0.000841117 0.201476 563 0
442.379 -8.63237 -0.0245152 7.16943 -0.000861666 0.0617564 -0.000659857 0.210124 564 0
442.953 -8.64647 -0.0245841 7.17665 -0.000896444 0.0902236 -0.00043472 0.208481 565 0
443.527 -8.66063 -0.0246558 7.18347 -0.000925248 0.0852227 -0.000360056 0.211861 566 0
444.101 -8.67484 -0.0247298 7.19138 -0.000944867 0.0989199 -0.000245236 0.211411 567 0
444.676 -8.68911 -0.0248054 7.19934 -0.000944687 0.0994802 2.24682e-06 0.186925 568 0
445.252 -8.70344 -0.024881 7.24162 -0.000931287 0.528479 0.000167509 0.151208 569 0
445.831 -8.71789 -0.0249555 7.15814 -0.000951161 -1.04344 -0.000248426 0.255579 570 0
446.404 -8.73223 -0.0250316 7.20671 -0.000866867 0.607139 0.00105367 0.180695 571 0
446.98 -8.7467 -0.0251009 7.23393 -0.000826183 0.340265 0.000508555 0.186206 572 0
447.558 -8.76126 -0.025167 7.2425 -0.000781391 0.107044 0.000559893 0.217065 573 0
448.138 -8.77587 -0.0252295 7.25131 -0.000729079 0.110203 0.000653899 0.217341 574 0
448.718 -8.79054 -0.0252879 7.26 -0.000669968 0.108522 0.000738894 0.214905 575 0
449.298 -8.80526 -0.0253415 7.26866 -0.000604701 0.108296 0.000815836 0.215638 576 0
449.88 -8.82002 -0.0253898 7.27725 -0.000533922 0.107384 0.000884731 0.212914 577 0
450.462 -8.83483 -0.0254326 7.28574 -0.000458112 0.106162 0.00094763 0.213508 578 0
451.044 -8.84967 -0.0254692 7.29416 -0.000377725 0.105166 0.00100483 0.21506 579 0
451.628 -8.86455 -0.0254994 7.30246 -0.000293228 0.103855 0.00105621 0.213298 580 0
452.212 -8.87946 -0.0255229 7.31064 -0.000205192 0.10221 0.00110045 0.214111 581 0
452.796 -8.89439 -0.0255393 7.31868 -0.000114119 0.100523 0.00113841 0.21865 582 0
453.382 -8.90935 -0.0255484 7.32662 -2.03533e-05 0.099206 0.00117207 0.226576 583 0
453.967 -8.92432 -0.0255501 7.3344 7.57289e-05 0.097245 0.00120103 0.223792 584 0
454.554 -8.93931 -0.025544 7.34207 0.000173772 0.0959158 0.00122554 0.211253 585 0
455.141 -8.9543 -0.0255301 7.34956 0.000273351 0.0936151 0.00124473 0.226367 586 0
455.729 -8.9693 -0.0255082 7.3571 0.000376029 0.0941992 0.00128348 0.218297 587 0
456.317 -8.98429 -0.0254781 7.36423 0.000479542 0.0891864 0.00129392 0.192457 588 0
456.906 -8.99928 -0.0254398 7.37139 0.000584335 0.0894487 0.0013099 0.214178 589 0
457.496 -9.01425 -0.025393 7.37828 0.000689187 0.0861168 0.00131065 0.186878 590 0
458.086 -9.02921 -0.0253379 7.38509 0.000793917 0.085187 0.00130913 0.212234 591 0
458.676 -9.04414 -0.0252744 7.39169 0.000899797 0.0824571 0.0013235 0.212543 592 0
459.268 -9.05904 -0.0252024 7.39824 0.00100355 0.0818729 0.00129692 0.189047 593 0
459.859 -9.07391 -0.0251221 7.40467 0.00110645 0.080359 0.00128618 0.214862 594 0
460.451 -9.08873 -0.0250336 7.41085 0.0012082 0.0773013 0.00127199 0.211228 595 0
461.044 -9.10352 -0.0249369 7.41701 0.00130875 0.0769436 0.00125676 0.213747 596 0
461.637 -9.11825 -0.0248322 7.423 0.00140783 0.0749528 0.00123858 0.185467 597 0
462.231 -9.13293 -0.0247196 7.43778 0.0015231 0.184649 0.00144087 0.129415 598 0
462.826 -9.14756 -0.0245978 7.42737 0.00161574 -0.130028 0.00115798 0.217296 599 0
463.42 -9.1621 -0.0244685 7.44356 0.00172211 0.202364 0.00132966 0.158052 600 0
464.015 -9.17659 -0.0243307 7.44485 0.00182872 0.0160575 0.00133255 0.210441 601 0
464.611 -9.19099 -0.0241844 7.45203 0.00192932 0.0898063 0.00125757 0.184815 602 0
465.207 -9.20531 -0.0240301 7.45514 0.0020196 0.0388384 0.0011285 0.191689 603 0
465.803 -9.21955 -0.0238685 7.46244 0.00211284 0.0912964 0.00116547 0.185457 604 0
466.4 -9.2337 -0.0236995 7.46637 0.00220292 0.0491321 0.00112604 0.187781 605 0
466.997 -9.24774 -0.0235233 7.47272 0.00228864 0.0792801 0.00107142 0.187826 606 0
467.594 -9.2617 -0.0233402 7.47841 0.00237066 0.0711322 0.00102532 0.196876 607 0
468.193 -9.27555 -0.0231505 7.48473 0.00244885 0.0790417 0.000977318 0.197145 608 0
468.791 -9.28929 -0.0229546 7.49093 0.00252336 0.0775635 0.000931358 0.194094 609 0
469.39 -9.30292 -0.0227527 7.49639 0.00259475 0.0682235 0.000892446 0.165327 610 0
469.99 -9.31644 -0.0225452 7.501 0.00265418 0.0575364 0.000742893 0.215388 611 0
470.59 -9.32984 -0.0223328 7.506 0.00271139 0.0625849 0.000715134 0.2166 612 0
471.19 -9.34312 -0.0221159 7.5103 0.00276591 0.0537813 0.000681393 0.218857 613 0
471.791 -9.35628 -0.0218946 7.5148 0.00282405 0.0561357 0.000726801 0.193603 614 0
472.392 -9.3693 -0.0216687 7.51963 0.00287876 0.0603855 0.000683934 0.194297 615 0
472.993 -9.3822 -0.0214384 7.52474 0.00293018 0.0639677 0.00064268 0.193002 616 0
473.595 -9.39496 -0.021204 7.52995 0.00297405 0.0650942 0.000548389 0.216897 617 0
474.197 -9.40759 -0.0209661 7.53556 0.00301564 0.0700474 0.000519882 0.220837 618 0
474.8 -9.42008 -0.0207248 7.54238 0.00305516 0.0853181 0.000493988 0.201422 619 0
475.403 -9.43244 -0.0204804 7.54393 0.00309038 0.0194192 0.000440236 0.225068 620 0
476.007 -9.44465 -0.0202332 7.54938 0.00312456 0.0681102 0.00042723 0.229864 621 0
476.611 -9.45672 -0.0199832 7.54976 0.00315453 0.00464916 0.000374639 0.233417 622 0
477.214 -9.46863 -0.0197309 7.55775 0.00318474 0.0998914 0.000377651 0.241502 623 0
477.819 -9.48041 -0.0194761 7.55918 0.0032103 0.0178814 0.000319447 0.199305 624 0
478.424 -9.49203 -0.0192193 7.56286 0.00323379 0.0459969 0.000293629 0.247253 625 0
479.029 -9.5035 -0.0189606 7.5657 0.00325463 0.0355899 0.000260613 0.261396 626 0
479.634 -9.51482 -0.0187002 7.56895 0.00327329 0.040555 0.000233244 0.265966 627 0
480.239 -9.52598 -0.0184383 7.57187 0.00328956 0.0365734 0.000203383 0.248179 628 0
480.845 -9.53699 -0.0181752 7.57495 0.00330365 0.0384152 0.000176014 0.259903 629 0
481.451 -9.54785 -0.0179109 7.57791 0.00331549 0.0370324 0.000148109 0.259741 630 0
482.057 -9.55854 -0.0176456 7.58093 0.00332512 0.0377774 0.00012035 0.261436 631 0
482.663 -9.56908 -0.0173796 7.58389 0.00333271 0.0370264 9.48523e-05 0.267621 632 0
483.27 -9.57946 -0.017113 7.58691 0.00333824 0.0376523 6.91711e-05 0.2643 633 0
483.877 -9.58969 -0.0168459 7.58988 0.00334174 0.0372231 4.37314e-05 0.267272 634 0
484.484 -9.59975 -0.0165786 7.5929 0.00334329 0.037688 1.9389e-05 0.240976 635 0
485.091 -9.60966 -0.0163111 7.59588 0.00334336 0.037235 8.84756e-07 0.242172 636 0
485.699 -9.61941 -0.0160437 7.59889 0.00334123 0.0376344 -2.67028e-05 0.266817 637 0
486.306 -9.629 -0.0157764 7.60188 0.00333708 0.0374436 -5.18863e-05 0.275873 638 0
486.915 -9.63843 -0.0155094 7.60487 0.0033312 0.0373483 -7.3461e-05 0.267708 639 0
487.523 -9.64771 -0.0152429 7.69166 0.00335443 1.08482 0.000290415 0.258366 640 0
488.138 -9.65692 -0.0149746 7.72379 0.00345283 0.401711 0.0012299 0.250331 641 0
488.756 -9.666 -0.0146983 7.79106 0.00345251 0.840777 -3.90282e-06 0.224236 642 0
489.379 -9.67499 -0.0144221 7.84735 0.00345643 0.703675 4.89556e-05 0.285587 643 0
490.007 -9.68387 -0.0141456 7.9057 0.00344735 0.729412 -0.00011347 0.253297 644 0
490.639 -9.69264 -0.0138698 7.96288 0.00344274 0.714642 -5.76401e-05 0.297282 645 0
491.276 -9.7013 -0.0135944 8.01644 0.00342763 0.669611 -0.000188901 0.374786 646 0
491.918 -9.70984 -0.0133202 8.08912 0.00342095 0.908494 -8.34989e-05 0.280951 647 0
492.565 -9.71829 -0.0130465 8.13841 0.00352281 0.616086 0.00127323 0.346532 648 0
493.216 -9.7266 -0.0127647 8.19602 0.00349545 0.720179 -0.000342019 0.358604 649 0
493.871 -9.73478 -0.0124851 8.23996 0.00346036 0.54915 -0.000438577 0.455857 650 0
494.53 -9.74283 -0.0122082 8.3028 0.00342626 0.785589 -0.000426269 0.47048 651 0
495.195 -9.75076 -0.0119341 8.33863 0.00341294 0.447869 -0.000166462 0.491788 652 0
495.862 -9.75854 -0.0116611 8.37302 0.00337457 0.429869 -0.000479599 0.489778 653 0
496.531 -9.76617 -0.0113911 8.41255 0.00332771 0.494051 -0.000585773 0.535689 654 0
497.204 -9.77365 -0.0111249 8.44447 0.00331067 0.398994 -0.000213043 0.467504 655 0
497.88 -9.78099 -0.0108601 8.47572 0.0033392 0.390673 0.000356603 0.496099 656 0
498.558 -9.78817 -0.0105929 8.50562 0.00329245 0.373781 -0.000584315 0.677918 657 0
499.238 -9.7952 -0.0103295 8.53442 0.00330581 0.359929 0.000166963 0.416456 658 0
499.921 -9.80207 -0.0100651 8.60725 0.0032576 0.910425 -0.000602551 0.482163 659 0
500.61 -9.80882 -0.00980445 8.63486 0.0033186 0.345051 0.000762451 0.639439 660 0
501.3 -9.81541 -0.00953896 8.66559 0.00329276 0.384212 -0.000323006 0.510741 661 0
501.994 -9.82184 -0.00927554 8.69771 0.00324454 0.401437 -0.000602787 0.561224 662 0
502.689 -9.82812 -0.00901598 8.77686 0.00319435 0.989461 -0.000627292 0.397528 663 0
503.392 -9.83427 -0.00876043 8.8357 0.00313129 0.735509 -0.00078828 0.61264 664 0
504.098 -9.84028 -0.00850993 8.87391 0.00306503 0.477564 -0.000828266 0.780454 665 0
504.808 -9.84615 -0.00826473 8.89429 0.00300094 0.254726 -0.000801182 0.570329 666 0
505.52 -9.85186 -0.00802465 8.91349 0.00293794 0.24004 -0.000787491 0.686597 667 0
506.233 -9.85741 -0.00778962 8.93255 0.0030551 0.238228 0.00146449 0.556534 668 0
506.947 -9.86281 -0.00754521 9.01006 0.00299117 0.968933 -0.000799034 0.44761 669 0
507.668 -9.86807 -0.00730592 9.08704 0.00292946 0.96215 -0.00077135 0.574381 670 0
508.395 -9.87321 -0.00707156 9.16347 0.00286711 0.955415 -0.000779406 0.424625 671 0
509.128 -9.87823 -0.00684219 9.23937 0.00280637 0.948727 -0.000759334 0.570591 672 0
509.867 -9.88312 -0.00661768 9.24335 0.00279278 0.049746 -0.00016976 0.531718 673 0
510.607 -9.88785 -0.00639426 9.24768 0.00272109 0.0542164 -0.000896183 0.531141 674 0
511.347 -9.89242 -0.00617657 9.25064 0.00270051 0.0369668 -0.000257211 0.729485 675 0
512.087 -9.89683 -0.00596053 9.25225 0.00284584 0.0200987 0.00181665 0.468864 676 0
512.827 -9.90107 -0.00573286 9.25428 0.00276125 0.0253797 -0.00105747 0.385002 677 0
513.567 -9.90515 -0.00551196 9.25515 0.00278906 0.0108838 0.000347706 0.39969 678 0
514.307 -9.90907 -0.00528884 9.25381 0.00312695 -0.0167489 0.00422351 0.461571 679 0
515.048 -9.9128 -0.00503868 9.26877 0.00297955 0.18698 -0.00184249 0.556265 680 0
515.789 -9.91636 -0.00480032 9.26801 0.00303143 -0.00947714 0.000648567 0.735221 681 0
516.531 -9.91974 -0.0045578 8.97117 0.00406968 -3.71057 0.0129781 0.275575 682 0
517.248 -9.92278 -0.00423223 8.65396 0.00454284 -3.96512 0.00591456 0.28179 683 0
517.941 -9.92545 -0.0038688 8.58643 0.00426024 -0.844133 -0.00353257 0.247016 684 0
518.628 -9.92788 -0.00352798 8.26976 0.00511308 -3.95838 0.0106605 0.240779 685 0
519.289 -9.92994 -0.00311894 8.3101 0.00479941 0.504255 -0.00392086 0.296198 686 0
519.954 -9.93176 -0.00273498 8.26419 0.00503391 -0.57379 0.00293133 0.170516 687 0
520.615 -9.9333 -0.00233227 8.16455 0.00547749 -1.24549 0.00554468 0.181464 688 0
521.268 -9.93454 -0.00189407 8.18614 0.00571822 0.269842 0.00300913 0.17416 689 0
521.923 -9.93548 -0.00143661 8.11977 0.00630274 -0.829697 0.00730656 0.183463 690 0
522.573 -9.93608 -0.000932394 8.12911 0.00681656 0.116849 0.00642275 0.143814 691 0
523.223 -9.93634 -0.000387069 8.08374 0.00788977 -0.567114 0.0134151 0.117055 692 0
523.87 -9.93618 0.000244113 8.11692 0.00865567 0.414741 0.00957369 0.082597 693 0
524.519 -9.93557 0.000936567 8.12191 0.00915209 0.0623345 0.00620529 0.108441 694 0
525.169 -9.93449 0.00166873 8.07262 0.00972031 -0.616157 0.00710271 0.113962 695 0
525.815 -9.93291 0.00244636 7.93241 0.0059217 -1.75256 -0.0474826 0.942768 696 0
526.449 -9.93105 0.00292009 8.25241 0.00282589 4.00001 -0.0386977 0.475796 697 0
527.109 -9.92898 0.00314617 8.55966 -2.79712e-05 3.84057 -0.0356732 0.316413 698 0
527.794 -9.92682 0.00314393 8.23966 -0.00185232 -4 -0.0228043 0.287115 699 0
528.453 -9.92485 0.00299574 8.55377 -0.00380588 3.92643 -0.0244195 0.423061 700 0
529.138 -9.92301 0.00269127 8.25035 -0.00524763 -3.79281 -0.0180219 0.397977 701 0
529.798 -9.92151 0.00227146 8.56402 -0.00648184 3.92085 -0.0154276 0.467357 702 0
530.483 -9.92031 0.00175291 8.24402 -0.00758807 -4 -0.0138279 0.414187 703 0
531.142 -9.91955 0.00114587 8.49851 -0.0080603 3.18114 -0.00590292 1.09025 704 0
531.822 -9.91921 0.000501045 8.36572 -0.00907344 -1.65987 -0.0126641 0.805014 705 0
532.492 -9.91936 -0.00022483 8.68381 -0.00873881 3.97609 0.00418285 0.963568 706 0
533.186 -9.92 -0.000923935 8.36381 -0.00910377 -4 -0.00456208 0.352925 707 0
533.855 -9.92111 -0.00165224 8.67853 -0.00841761 3.93401 0.00857705 0.524749 708 0
534.55 -9.92272 -0.00232565 8.35853 -0.00849466 -4 -0.000963092 0.368576 709 0
535.218 -9.92473 -0.00300522 8.58212 -0.00753224 2.79495 0.0120302 1.32659 710 0
535.905 -9.92721 -0.0036078 8.77268 -0.00653111 2.38198 0.0125141 0.487125 711 0
536.607 -9.93011 -0.00413029 8.45268 -0.00634576 -4 0.00231685 0.577831 712 0
537.283 -9.93324 -0.00463795 8.67879 -0.00501151 2.82636 0.0166782 0.675645 713 0
537.977 -9.93674 -0.00503887 8.35879 -0.00467345 -4 0.00422564 0.367384 714 0
538.646 -9.94036 -0.00541274 8.67879 -0.00302178 4 0.0206459 1.7828 715 0
539.34 -9.94429 -0.00565449 8.35879 -0.00266337 -4 0.00448015 0.601081 716 0
540.009 -9.94821 -0.00586756 8.67879 -0.0010172 4 0.0205772 2.11376 717 0
540.703 -9.95234 -0.00594893 8.35879 -0.00069528 -4 0.00402393 0.628954 718 0
541.372 -9.95636 -0.00600455 8.67879 0.000855418 4 0.0193837 2.21157 719 0
542.066 -9.96048 -0.00593612 8.35879 0.00107368 -4 0.00272826 0.666401 720 0
542.735 -9.96439 -0.00585023 8.60999 0.00233625 3.14001 0.0157821 1.59077 721 0
543.424 -9.96829 -0.00566333 8.90651 0.00348132 3.7065 0.0143134 0.611487 722 0
544.136 -9.97213 -0.00538482 8.58651 0.00347851 -4 -3.51167e-05 0.416169 723 0
544.823 -9.97564 -0.00510654 8.42548 0.00388841 -2.0129 0.00512368 1.43402 724 0
545.497 -9.97887 -0.00479547 8.59758 0.00455984 2.15123 0.00839286 1.06004 725 0
546.185 -9.98192 -0.00443068 8.87646 0.00511508 3.48607 0.00694051 1.17815 726 0
546.895 -9.98477 -0.00402147 9.1718 0.0054806 3.69173 0.00456908 1.34085 727 0
547.629 -9.9874 -0.00358303 9.42443 0.00558225 3.15778 0.00127062 0.452886 728 0
548.383 -9.98977 -0.00313645 9.10443 0.00505496 -4 -0.00659117 0.420514 729 0
549.111 -9.99176 -0.00273205 9.32662 0.00498255 2.77736 -0.000905164 1.35338 730 0
549.857 -9.9935 -0.00233345 9.10164 0.00454113 -2.81221 -0.0055177 0.47964 731 0
550.585 -9.99493 -0.00197015 9.38877 0.00431542 3.58909 -0.00282138 1.80723 732 0
551.336 -9.99615 -0.00162492 9.58063 0.00393894 2.39826 -0.00470598 0.59737 733 0
552.103 -9.99716 -0.00130981 9.26063 0.00334141 -4 -0.00746911 0.467908 734 0
552.844 -9.99793 -0.00104249 9.52582 0.00295549 3.31491 -0.00482406 1.45319 735 0
553.606 -9.99854 -0.000806053 9.20582 0.00241216 -4 -0.00679163 0.75173 736 0
554.342 -9.99899 -0.000613081 9.47853 0.00203232 3.40887 -0.00474794 1.30138 737 0
555.101 -9.99934 -0.000450495 9.24944 0.00160192 -2.86366 -0.00538 1.11756 738 0
555.84 -9.99957 -0.000322341 9.47296 0.00126089 2.79405 -0.00426293 1.79265 739 0
556.598 -9.99974 -0.00022147 9.17375 0.000929255 -3.74017 -0.00414542 1.81646 740 0
557.332 -9.99985 -0.00014713 9.35129 0.000678406 2.21928 -0.0031356 1.23825 741 0
558.08 -9.99992 -9.28573e-05 9.57938 0.000477876 2.85105 -0.00250663 1.47764 742 0
558.847 -9.99996 -5.46273e-05 9.25938 0.000309884 -4 -0.00209989 1.85568 743 0
559.587 -9.99998 -2.98366e-05 9.47626 0.000191167 2.71108 -0.00148396 2.04393 744 0
560.346 -9.99999 -1.45432e-05 9.54899 0.000122294 0.909126 -0.000860913 2.14186 745 0
561.109 -10 -4.75969e-06 9.7154 4.86911e-05 2.08006 -0.000920035 2.64807 746 0
561.887 -10 -8.64397e-07 9.3954 1.22491e-05 -4 -0.000455526 1.98116 747 0
562.638 -10 1.15529e-07 9.61619 -1.08281e-06 2.75989 -0.000166649 2.87043 748 0
563.408 -10 2.89043e-08 9.50016 0.00819069 -1.45031 0.102397 2.58059 749 0
564.168 -9.9995 0.000655284 9.75494 0.00558479 3.18466 -0.0325738 0.32193 750 0
564.948 -9.99864 0.00110207 9.93425 0.00330227 2.24148 -0.0285315 0.310986 751 0
565.743 -9.99755 0.00136625 9.61425 0.00127033 -4 -0.0253993 0.334692 752 0
566.512 -9.99643 0.00146788 9.29426 -0.000273207 -4 -0.0192942 0.47272 753 0
567.255 -9.99535 0.00144602 9.55319 -0.00122926 3.2367 -0.0119507 1.21547 754 0
568.02 -9.99432 0.00134768 9.66323 -0.00199415 1.37548 -0.00956113 0.488728 755 0
568.793 -9.9934 0.00118815 9.34323 -0.00268372 -4 -0.00861968 0.53627 756 0
569.54 -9.99267 0.000973448 9.4908 -0.00289748 1.84461 -0.00267189 1.52958 757 0
570.299 -9.99211 0.00074165 9.17189 -0.00316382 -3.98637 -0.00332927 0.88587 758 0
571.033 -9.99175 0.000488544 9.4194 -0.00301247 3.09384 0.00189183 2.13168 759 0
571.787 -9.99157 0.000247547 9.61372 -0.00278237 2.42898 0.0028762 1.56126 760 0
572.556 -9.99155 2.49568e-05 9.29372 -0.00268755 -4 0.00118529 0.463694 761 0
573.299 -9.99169 -0.000190047 9.53934 -0.00225851 3.07035 0.00536302 1.65901 762 0
574.062 -9.99197 -0.000370728 9.30567 -0.00200047 -2.92094 0.00322554 0.742454 763 0
574.807 -9.99237 -0.000530765 9.49052 -0.00153138 2.31059 0.00586356 1.81314 764 0
575.566 -9.99286 -0.000653276 9.37463 -0.00118424 -1.44854 0.00433924 0.727764 765 0
576.316 -9.99342 -0.000748015 9.55735 -0.000730509 2.28393 0.00567167 2.28533 766 0
577.081 -9.99404 -0.000806456 9.23735 -0.000493354 -4 0.00296443 0.674624 767 0
577.82 -9.99467 -0.000845924 9.47931 -6.20251e-05 3.02453 0.00539162 1.98219 768 0
578.578 -9.99531 -0.000850886 9.25843 0.000163644 -2.76096 0.00282086 1.33976 769 0
579.319 -9.99593 -0.000837795 9.43992 0.000478779 2.2686 0.0039392 2.44283 770 0
580.074 -9.99653 -0.000799493 9.62955 0.0007212 2.37038 0.00303026 1.29827 771 0
580.844 -9.99711 -0.000741797 9.30955 0.00077113 -4 0.000624117 1.40181 772 0
581.589 -9.99761 -0.000680106 9.49908 0.000918555 2.36912 0.00184282 2.20785 773 0
582.349 -9.99807 -0.000606622 9.19722 0.000908485 -3.77324 -0.000125881 1.20725 774 0
583.085 -9.99847 -0.000533943 9.43917 0.000968792 3.02432 0.000753837 1.01684 775 0
583.84 -9.99881 -0.00045644 9.58047 0.000957909 1.7663 -0.000136033 1.44798 776 0
584.606 -9.9991 -0.000379807 9.26047 0.000856553 -4 -0.00126695 1.44992 777 0
585.347 -9.99933 -0.000311283 9.48386 0.000796876 2.79235 -0.000745974 2.1116 778 0
586.106 -9.99952 -0.000247533 9.25259 0.000686439 -2.89091 -0.00138046 1.7919 779 0
586.846 -9.99966 -0.000192618 9.4463 0.000597452 2.42144 -0.00111234 1.91333 780 0
587.602 -9.99977 -0.000144821 9.62394 0.000499744 2.22046 -0.00122135 1.14811 781 0
588.372 -9.99985 -0.000104842 9.30394 0.00122491 -4 0.00906459 2.26483 782 0
589.116 -9.99986 -6.84906e-06 9.49129 0.000705519 2.34191 -0.0064924 1.82662 783 0
589.875 -9.99982 4.95924e-05 9.17129 0.0578361 -4.00001 0.714132 0.501174 784 0
590.609 -9.99639 0.00467648 9.29513 0.0485332 1.54794 -0.116286 0.224391 785 0
591.353 -9.99002 0.00855914 9.23525 0.041948 -0.748467 -0.0823159 0.137136 786 0
592.091 -9.98122 0.011915 9.13706 0.0355189 -1.22741 -0.080363 0.169285 787 0
592.822 -9.97044 0.0147565 8.99799 0.0295908 -1.73839 -0.0741009 0.173287 788 0
593.542 -9.95811 0.0171238 8.82493 0.0256707 -2.16324 -0.0490012 0.169211 789 0
594.248 -9.94457 0.0191774 8.64426 0.0234827 -2.25834 -0.0273505 0.176108 790 0
594.939 -9.93001 0.021056 8.466 0.0225911 -2.22824 -0.0111452 0.174988 791 0
595.616 -9.91453 0.0228633 8.30283 0.0223541 -2.03966 -0.00296207 0.172392 792 0
596.28 -9.89816 0.0246517 8.37749 0.0196965 0.933313 -0.0332203 0.089149 793 0
596.95 -9.88058 0.0262274 8.27892 0.0193718 -1.23211 -0.0040591 0.167537 794 0
597.612 -9.86219 0.0277771 8.36075 0.0183893 1.02285 -0.0122808 0.080187 795 0
598.281 -9.84262 0.0292483 8.36608 0.0156879 0.0666142 -0.0337682 0.05315 796 0
598.95 -9.82221 0.0305033 8.37323 0.0137238 0.0893712 -0.0245502 0.053551 797 0
599.62 -9.80105 0.0316012 8.36833 0.0120772 -0.0612021 -0.0205829 0.093901 798 0
600.289 -9.77925 0.0325674 8.35951 0.0107034 -0.11034 -0.0171725 0.087264 799 0
