1.12 10 0 14.1015 -0.00642267 1.2682 -0.0802833 0.693813 1 0
2.24812 9.99942 -0.000513813 14.2047 -0.0120337 1.29013 -0.0701375 0.347783 2 0
3.38449 9.99774 -0.00147651 14.3072 -0.0169695 1.28223 -0.0616981 0.376536 3 0
4.52906 9.9945 -0.00283407 14.4053 -0.0216731 1.22604 -0.0587945 0.327681 4 0
5.68148 9.98923 -0.00456791 14.5019 -0.0259753 1.20662 -0.0537779 0.338823 5 0
6.8416 9.98152 -0.00664594 14.5945 -0.0298858 1.158 -0.0488817 0.351343 6 0
8.00911 9.97097 -0.00903681 14.6813 -0.0337148 1.08476 -0.0478622 0.36075 7 0
9.18353 9.95719 -0.011734 14.7665 -0.0371583 1.06473 -0.0430429 0.381009 8 0
10.3647 9.93982 -0.0147067 14.8519 -0.0402157 1.0676 -0.0382184 0.360914 9 0
11.5527 9.91852 -0.0179239 14.9265 -0.0436048 0.933361 -0.0423638 0.339257 10 0
12.7465 9.89296 -0.0214123 14.9962 -0.0469543 0.871062 -0.0418685 0.319024 11 0
13.9458 9.86277 -0.0251686 15.072 -0.0495036 0.946736 -0.0318664 0.486471 12 0
15.1511 9.82765 -0.0291289 15.1314 -0.0533364 0.74352 -0.0479093 0.321157 13 5
16.3609 9.78723 -0.0333958 15.1856 -0.0563108 0.676548 -0.0371803 0.316136 14 5
17.5749 9.7412 -0.0379007 15.2521 -0.0576659 0.831461 -0.0169394 0.35066 15 0
18.794 9.68934 -0.042514 15.34 -0.0606488 1.09897 -0.0372857 0.321744 16 3
20.0198 9.63123 -0.0473659 15.4067 -0.0616196 0.834167 -0.0121355 0.331165 17 0
21.2506 9.56681 -0.0522954 15.4706 -0.0624442 0.798607 -0.0103073 0.344193 18 0
22.4863 9.49594 -0.057291 15.5575 -0.0640036 1.08587 -0.019493 0.341671 19 3
23.7284 9.41831 -0.0624113 15.6411 -0.0650001 1.04568 -0.0124551 0.362885 20 3
24.9769 9.33378 -0.0676113 15.7173 -0.0654109 0.95222 -0.00513569 0.32413 21 3
26.2309 9.24226 -0.0728441 15.7937 -0.0662305 0.954247 -0.0102445 0.279905 22 4
27.4906 9.14363 -0.0781426 15.8707 -0.0654553 0.962639 0.00969023 0.240072 23 3
28.7558 9.03789 -0.083379 15.9462 -0.0642585 0.94409 0.0149596 0.295679 24 3
30.0265 8.92511 -0.0885197 16.0208 -0.0626582 0.932229 0.0200034 0.22922 25 3
31.3026 8.80541 -0.0935323 16.0981 -0.0609625 0.965929 0.0211958 0.226829 26 3
32.5842 8.67888 -0.0984093 16.132 -0.0617492 0.423908 -0.00983379 0.259706 27 0
33.8679 8.54574 -0.103349 16.1643 -0.0621925 0.40431 -0.00554076 0.286143 28 0
35.1534 8.40593 -0.108325 16.1948 -0.0624924 0.381136 -0.00374825 0.301021 29 0
36.4407 8.25943 -0.113324 16.2227 -0.0625984 0.348377 -0.00132481 0.32463 30 0
37.7294 8.10621 -0.118332 16.2223 -0.0621468 -0.00445843 0.00564442 0.248868 31 0
39.0174 7.9466 -0.123304 16.235 -0.0617177 0.158334 0.00536349 0.284258 32 0
40.3055 7.78049 -0.128241 16.2523 -0.0612213 0.216627 0.0062055 0.267593 33 0
41.5942 7.6079 -0.133139 16.2739 -0.0606977 0.270271 0.00654459 0.311742 34 0
42.8837 7.42881 -0.137995 16.2995 -0.0598494 0.319338 0.0106042 0.340076 35 0
44.1744 7.24326 -0.142783 16.3239 -0.0589434 0.30582 0.0113246 0.30691 36 0
45.4661 7.05134 -0.147498 16.348 -0.0578893 0.300908 0.013176 0.317027 37 0
46.7589 6.85314 -0.152129 16.3758 -0.0565268 0.346804 0.0170321 0.263185 38 0
48.0529 6.64876 -0.156651 16.402 -0.0551324 0.32835 0.0174296 0.222798 39 0
49.3481 6.43833 -0.161062 16.4291 -0.0534878 0.33884 0.0205571 0.236241 40 0
50.6445 6.22201 -0.165341 16.455 -0.051713 0.322843 0.0221851 0.297165 41 0
51.942 5.99998 -0.169478 16.4793 -0.0498228 0.304723 0.0236272 0.239474 42 0
53.2406 5.77243 -0.173464 16.5035 -0.0478025 0.302243 0.0252545 0.283094 43 0
54.5402 5.53959 -0.177288 16.5251 -0.0455793 0.269628 0.0277893 0.28913 44 0
55.8406 5.3017 -0.180934 16.5451 -0.0432634 0.250697 0.0289496 0.259782 45 0
57.1418 5.05901 -0.184395 16.5641 -0.0409275 0.23706 0.0291978 0.245921 46 0
58.4436 4.81178 -0.18767 16.5826 -0.0383966 0.231147 0.0316364 0.249524 47 0
59.7462 4.56027 -0.190741 16.5947 -0.0358535 0.151062 0.0317887 0.289306 48 0
61.0489 4.30484 -0.19361 16.6044 -0.0332863 0.121617 0.0320899 0.349583 49 0
62.3518 4.04579 -0.196273 16.6078 -0.030636 0.0426769 0.0331287 0.269256 50 0
63.6543 3.7835 -0.198723 16.6037 -0.0280441 -0.0511646 0.0323988 0.278965 51 0
64.9558 3.51835 -0.200967 16.5975 -0.0253187 -0.077939 0.0340685 0.261645 52 0
66.2564 3.25066 -0.202992 16.585 -0.0225794 -0.156045 0.0342412 0.254888 53 0
67.5555 2.98083 -0.204799 16.5644 -0.0198448 -0.258017 0.0341817 0.261297 54 0
68.8525 2.70927 -0.206386 16.5295 -0.017166 -0.435877 0.0334852 0.299599 55 0
70.1464 2.43651 -0.20776 16.5475 -0.0153263 0.22521 0.0229965 0.242064 56 0
71.4414 2.16187 -0.208986 16.6792 -0.0135193 1.64557 0.022588 0.276673 57 2
72.7464 1.88362 -0.210067 16.8053 -0.0114528 1.57716 0.0258306 0.278276 58 2
74.061 1.60207 -0.210984 16.8905 -0.00914215 1.06499 0.0288832 0.291536 59 1
75.3821 1.31813 -0.211715 16.9554 -0.0106268 0.810242 -0.0185578 0.225217 60 1
76.708 1.03196 -0.212565 17.0342 -0.00679058 0.985909 0.0479524 0.335916 61 5
78.0399 0.743745 -0.213108 17.074 -0.0019312 0.49715 0.0607422 0.26272 62 4
79.3749 0.454648 -0.213263 17.098 0.00364497 0.299525 0.0697021 0.288812 63 4
80.7118 0.165535 -0.212971 17.1138 0.00942797 0.197816 0.0722876 0.250973 64 4
82.0502 -0.122836 -0.212217 17.1316 0.0152384 0.222683 0.0726309 0.290525 65 4
83.3903 -0.409874 -0.210998 17.1507 0.0208819 0.238419 0.0705431 0.298792 66 4
84.7324 -0.694989 -0.209327 17.1828 0.0259384 0.401592 0.0632069 0.268958 67 4
86.0776 -0.977848 -0.207252 17.2178 0.031376 0.436759 0.0679698 0.269268 68 5
87.4263 -1.2579 -0.204742 17.3152 0.0275131 1.21815 -0.0482872 0.305635 69 2
88.7832 -1.53655 -0.202541 17.3252 0.0339732 0.124526 0.0807521 0.228767 70 4
90.1416 -1.81167 -0.199823 17.3285 0.0410244 0.0412226 0.0881393 0.253162 71 4
91.5012 -2.08238 -0.196541 17.3345 0.0479109 0.0758886 0.0860821 0.220335 72 4
92.8623 -2.34797 -0.192708 17.3396 0.0543084 0.0638723 0.0799678 0.284108 73 4
94.2249 -2.60772 -0.188364 17.3487 0.0603561 0.113583 0.0755965 0.307412 74 4
95.5895 -2.86102 -0.183535 17.3712 0.0529704 0.280285 -0.0923212 0.332395 75 1
96.9569 -3.10885 -0.179298 17.399 0.0605647 0.347948 0.0949286 0.294836 76 5
98.3277 -3.35045 -0.174452 17.4495 0.0524466 0.631857 -0.101476 0.31906 77 2
99.7035 -3.58697 -0.170257 17.4573 0.0603726 0.0966549 0.0990742 0.343339 78 5
101.081 -3.81695 -0.165427 17.458 0.0683366 0.00972748 0.0995507 0.311616 79 5
102.46 -4.03941 -0.15996 17.4657 0.0758052 0.0952959 0.0933575 0.268674 80 5
103.841 -4.25359 -0.153896 17.4747 0.0827475 0.11251 0.086779 0.321363 81 5
105.223 -4.45873 -0.147276 17.5245 0.0697613 0.622749 -0.162328 0.238914 82 2
106.611 -4.65672 -0.141695 17.5572 0.0586326 0.408554 -0.139109 0.22445 83 3
108.003 -4.84855 -0.137004 17.5449 0.0493121 -0.15347 -0.116506 0.249032 84 1
109.394 -5.03476 -0.133059 17.5361 0.0417904 -0.110316 -0.0940219 0.264271 85 1
110.785 -5.21623 -0.129716 17.5682 0.036284 0.401545 -0.0688297 0.357293 86 2
112.179 -5.39398 -0.126813 17.6727 0.0250248 1.30589 -0.14074 0.347428 87 4
113.582 -5.56999 -0.124811 17.6437 0.0231085 -0.362396 -0.0239542 0.335636 88 3
114.983 -5.74311 -0.122963 17.7973 0.0158972 1.92063 -0.0901411 0.325588 89 5
116.396 -5.91594 -0.121691 17.8657 0.0113056 0.854373 -0.057395 0.327007 90 5
117.815 -6.08816 -0.120786 17.8085 0.0135563 -0.714421 0.0281341 0.430403 91 3
119.229 -6.25829 -0.119702 17.8453 0.0115494 0.459242 -0.0250871 0.330518 92 5
120.647 -6.42746 -0.118778 17.8857 0.00918154 0.505137 -0.029598 0.391259 93 5
122.068 -6.59597 -0.118044 17.8137 0.0137882 -0.899291 0.0575835 0.345279 94 1
123.483 -6.76224 -0.11694 17.6446 0.0155898 -2.11406 0.0225196 0.275661 95 0
124.885 -6.92519 -0.115693 17.5761 0.0206485 -0.856257 0.0632344 0.331798 96 1
126.282 -7.08519 -0.114041 17.5516 0.0273589 -0.306845 0.0838793 0.263762 97 2
127.678 -7.24192 -0.111853 17.5073 0.0332559 -0.553036 0.0737125 0.308261 98 2
129.07 -7.39455 -0.109192 17.4132 0.0406518 -1.17586 0.0924492 0.30303 99 3
130.455 -7.54186 -0.10594 17.3342 0.0455277 -0.988507 0.0609482 0.30591 100 3
131.835 -7.68347 -0.102298 17.2534 0.0495722 -1.00999 0.0505565 0.319226 101 3
133.208 -7.81897 -0.0983321 17.3033 0.0467932 0.624728 -0.0347379 0.357773 102 5
134.586 -7.94972 -0.0945886 17.3378 0.0469818 0.430584 0.00235839 0.468955 103 5
135.968 -8.07553 -0.0908301 17.2436 0.0547152 -1.17686 0.0966676 0.346314 104 3
137.342 -8.19464 -0.0864528 17.2763 0.055417 0.4076 0.00877236 0.327831 105 5
138.719 -8.30787 -0.0820195 17.3149 0.0566961 0.48306 0.0159882 0.301032 106 5
140.1 -8.41509 -0.0774838 17.377 0.0598821 0.776672 0.0398248 0.314994 107 4
141.487 -8.51606 -0.0726932 17.2528 0.0760812 -1.55303 0.202489 0.316881 108 2
142.864 -8.60792 -0.0666067 17.1088 0.089648 -1.80008 0.169586 0.405059 109 1
144.23 -8.68922 -0.0594349 16.9863 0.0905951 -1.53153 0.0118379 0.29385 110 4
145.587 -8.76011 -0.0521873 16.9322 0.0958286 -0.675678 0.0654193 0.334131 111 2
146.941 -8.8204 -0.044521 16.8075 0.0998489 -1.55828 0.0502536 0.296038 112 0
148.284 -8.86951 -0.0365331 16.7796 0.106277 -0.348687 0.0803569 0.424202 113 2
149.626 -8.90713 -0.0280309 16.7589 0.100524 -0.259256 -0.0719177 0.340706 114 3
150.967 -8.93393 -0.019989 16.7689 0.0947231 0.124693 -0.0725113 0.2958 115 3
152.308 -8.95058 -0.0124111 16.7533 0.0863791 -0.195313 -0.1043 0.249226 116 5
153.648 -8.95795 -0.00550078 16.8079 0.081902 0.682449 -0.0559645 0.304295 117 3
154.993 -8.95654 0.00105138 16.9186 0.0778078 1.38404 -0.0511776 0.285834 118 3
156.346 -8.94669 0.007276 17.0278 0.0796277 1.36473 0.0227495 0.287842 119 2
157.709 -8.9281 0.0136462 17.1569 0.0776366 1.61393 -0.0248892 0.297484 120 1
159.081 -8.90085 0.0198571 17.3311 0.0754076 2.17843 -0.0278624 0.28868 121 0
160.467 -8.86495 0.0258898 17.5289 0.0715455 2.47209 -0.0482765 0.300539 122 0
161.868 -8.82063 0.0316134 17.8489 0.0682083 4 -0.0417153 0.312477 123 3
163.295 -8.76771 0.0370701 18.0657 0.0628457 2.71041 -0.0670324 0.384374 124 0
164.739 -8.70689 0.0420977 18.3857 0.0609698 4 -0.0234477 0.355816 125 3
166.209 -8.63782 0.0469753 18.7057 0.0573396 4 -0.0453787 0.358354 126 5
167.703 -8.56069 0.0515625 19.0257 0.0564047 4 -0.0116859 0.416961 127 3
169.223 -8.47539 0.0560748 19.3457 0.0553239 4 -0.0135095 0.361386 128 3
170.768 -8.38181 0.0605007 19.6539 0.0540485 3.85153 -0.0159428 0.380212 129 3
172.337 -8.27996 0.0648246 19.9145 0.0526308 3.25737 -0.0177208 0.221963 130 3
173.926 -8.17006 0.0690351 20.1145 0.0508731 2.50115 -0.0219716 0.23533 131 3
175.531 -8.05253 0.0731049 20.3267 0.0459508 2.65212 -0.0615282 0.282466 132 5
177.152 -7.92779 0.076781 20.0894 0.0125356 -2.96586 -0.41769 0.322838 133 2
178.754 -7.80291 0.0777839 20.1339 0.0213227 0.555253 0.109839 0.200506 134 2
180.36 -7.67501 0.0794897 20.1836 0.0256336 0.622153 0.0538863 0.161771 135 5
181.969 -7.54349 0.0815404 20.2493 0.0288219 0.820279 0.0398533 0.124988 136 5
183.584 -7.40782 0.0838461 20.3076 0.0310791 0.728989 0.0282146 0.09976 137 5
185.202 -7.26774 0.0863324 20.3554 0.0350706 0.598311 0.0498948 0.132563 138 1
186.824 -7.12278 0.0891381 20.4043 0.0364005 0.611186 0.0166231 0.090211 139 5
188.45 -6.97273 0.0920501 20.4263 0.0388178 0.274658 0.0302162 0.131535 140 3
190.076 -6.81747 0.0951555 20.4885 0.0410872 0.777841 0.0283672 0.236095 141 2
191.707 -6.65638 0.0984425 20.5624 0.041104 0.923705 0.000210758 0.228332 142 2
193.344 -6.48932 0.101731 20.6447 0.039464 1.0282 -0.0205 0.246527 143 2
194.986 -6.31641 0.104888 20.7347 0.0367694 1.12536 -0.0336832 0.264592 144 2
196.636 -6.13789 0.10783 20.7644 0.0341215 0.370812 -0.0330985 0.245304 145 0
198.287 -5.95461 0.110559 20.7936 0.0307987 0.36478 -0.041535 0.262877 146 0
199.939 -5.76699 0.113023 20.8214 0.0269541 0.34821 -0.0480567 0.220099 147 0
201.594 -5.57556 0.115179 20.846 0.0226442 0.306869 -0.0538747 0.22591 148 0
203.25 -5.3809 0.116991 20.9501 0.0161771 1.30155 -0.0808386 0.219155 149 2
204.915 -5.18312 0.118285 21.0547 0.00944511 1.30808 -0.0841497 0.234086 150 2
206.587 -4.98308 0.119041 21.0417 0.00420926 -0.163245 -0.0654481 0.260694 151 0
208.259 -4.78261 0.119378 21.01 -0.00149697 -0.396657 -0.071328 0.271857 152 0
209.927 -4.58263 0.119258 20.9618 -0.00766571 -0.601363 -0.0771092 0.399841 153 0
211.593 -4.38414 0.118644 20.9077 -0.0138673 -0.676441 -0.0775196 0.293572 154 0
213.254 -4.188 0.117535 20.8266 -0.0205747 -1.01366 -0.0838423 0.265878 155 0
214.909 -3.99535 0.115889 20.8159 -0.0284499 -0.134373 -0.0984399 0.230178 156 1
216.563 -3.80656 0.113613 20.7395 -0.0352247 -0.954986 -0.0846853 0.264112 157 0
218.212 -3.62311 0.110795 20.658 -0.041881 -1.01845 -0.0832044 0.226124 158 0
219.855 -3.44588 0.107445 20.5696 -0.0483456 -1.10559 -0.0808077 0.292631 159 0
221.492 -3.27574 0.103577 20.4779 -0.054442 -1.14639 -0.0762049 0.232659 160 0
223.122 -3.11346 0.0992217 20.3791 -0.0600819 -1.23382 -0.0704986 0.272781 161 0
224.745 -2.95976 0.0944151 20.2736 -0.0653629 -1.31893 -0.0660123 0.276215 162 0
226.361 -2.8153 0.0891861 20.1653 -0.0700288 -1.35403 -0.0583234 0.256463 163 0
227.968 -2.68062 0.0835838 20.0568 -0.0742071 -1.35667 -0.0522286 0.276447 164 0
229.568 -2.55616 0.0776472 19.9432 -0.077947 -1.41935 -0.0467497 0.291565 165 0
231.159 -2.44232 0.0714115 19.8341 -0.0812333 -1.36385 -0.0410778 0.321153 166 0
232.743 -2.33939 0.0649128 19.7334 -0.083974 -1.25861 -0.0342589 0.274787 167 0
234.319 -2.24757 0.0581949 19.707 -0.0868436 -0.329804 -0.0358698 0.281864 168 1
235.893 -2.16681 0.0512474 19.6827 -0.0891289 -0.303888 -0.0285675 0.292906 169 1
237.466 -2.09737 0.0441171 19.6976 -0.0910303 0.18611 -0.0237673 0.261045 170 2
239.041 -2.03934 0.0368347 19.6087 -0.0916531 -1.11184 -0.00778474 0.292288 171 0
240.609 -1.99306 0.0295024 19.6315 -0.0924756 0.285554 -0.0102806 0.259667 172 2
242.179 -1.95835 0.0221044 19.6549 -0.0927748 0.291705 -0.00374112 0.280753 173 2
243.751 -1.93527 0.0146824 19.6457 -0.0924405 -0.114799 0.00417903 0.281258 174 1
245.323 -1.92381 0.00728714 19.5669 -0.0913551 -0.984383 0.013568 0.279132 175 0
246.888 -1.92385 -2.12707e-05 19.6004 -0.0902774 0.419045 0.0134711 0.310389 176 2
248.456 -1.9352 -0.00724346 19.5242 -0.088634 -0.953484 0.0205424 0.290132 177 0
250.018 -1.95759 -0.0143342 19.4515 -0.0867095 -0.908542 0.024056 0.321308 178 0
251.574 -1.99069 -0.0212709 19.3822 -0.0845289 -0.86596 0.0272579 0.30136 179 0
253.124 -2.03415 -0.0280333 19.3894 -0.0821123 0.0904799 0.0302071 0.281067 180 1
254.674 -2.08782 -0.0346022 19.4353 -0.0793943 0.573754 0.0339748 0.284673 181 2
256.228 -2.15147 -0.0409538 19.3693 -0.076554 -0.825024 0.0355039 0.328139 182 0
257.775 -2.2244 -0.0470781 19.3062 -0.0735539 -0.789261 0.0375015 0.284165 183 0
259.318 -2.30616 -0.0529624 19.355 -0.0702559 0.610185 0.0412252 0.30972 184 2
260.864 -2.39682 -0.0585829 19.4025 -0.066821 0.593972 0.0429367 0.286601 185 2
262.413 -2.49598 -0.0639286 19.399 -0.0619186 -0.0437021 0.0612794 0.363373 186 3
263.961 -2.60279 -0.0688821 19.3878 -0.0564926 -0.140381 0.0678257 0.278406 187 3
265.508 -2.71654 -0.0734015 19.3845 -0.0512345 -0.041914 0.0657261 0.321601 188 3
267.054 -2.8366 -0.0775002 19.3798 -0.0459252 -0.0586271 0.0663655 0.280184 189 3
268.599 -2.96232 -0.0811742 19.4075 -0.0423471 0.347114 0.0447261 0.278712 190 5
270.146 -3.09345 -0.084562 19.4322 -0.0386677 0.307965 0.0459936 0.358722 191 5
271.695 -3.22954 -0.0876554 19.4443 -0.0343412 0.151992 0.0540801 0.318743 192 4
273.244 -3.36998 -0.0904027 19.4345 -0.0287918 -0.123262 0.0693677 0.322426 193 3
274.792 -3.51391 -0.0927061 19.4205 -0.0230324 -0.174332 0.0719929 0.328159 194 3
276.339 -3.66058 -0.0945487 19.4057 -0.0177257 -0.18487 0.0663332 0.364374 195 5
277.884 -3.80934 -0.0959667 19.4688 -0.013221 0.78826 0.0563091 0.378609 196 4
279.434 -3.96022 -0.0970244 19.4433 -0.00755158 -0.319242 0.0708679 0.339644 197 3
280.982 -4.11183 -0.0976285 19.4282 -0.00177907 -0.18816 0.0721564 0.355031 198 5
282.529 -4.26355 -0.0977709 19.4167 0.00379809 -0.144362 0.0697144 0.31068 199 5
284.075 -4.41471 -0.097467 19.4729 0.00799831 0.702643 0.0525028 0.316971 200 4
285.626 -4.56532 -0.0968271 19.4482 0.0129862 -0.308275 0.0623491 0.274608 201 3
287.174 -4.71412 -0.0957883 19.4274 0.0176886 -0.260496 0.0587792 0.260948 202 3
288.722 -4.86058 -0.0943732 19.45 0.0245048 0.282645 0.0852027 0.300604 203 2
290.271 -5.00417 -0.0924128 19.4168 0.0315787 -0.414395 0.0884237 0.304396 204 5
291.818 -5.1436 -0.0898865 19.4064 0.0367381 -0.129914 0.0644925 0.332523 205 1
293.365 -5.27842 -0.0869474 19.4303 0.042164 0.297856 0.0678241 0.241278 206 2
294.914 -5.40818 -0.0835743 19.4502 0.0464365 0.249696 0.0534059 0.254209 207 2
296.465 -5.53231 -0.0798594 19.425 0.0530977 -0.314856 0.0832655 0.26165 208 5
298.014 -5.6497 -0.0756116 19.4217 0.0554844 -0.0424147 0.0298336 0.261898 209 1
299.564 -5.76019 -0.0711728 19.3749 0.0581128 -0.584483 0.0328548 0.245714 210 0
301.111 -5.86322 -0.0665238 19.3294 0.0601204 -0.568748 0.0250955 0.211777 211 0
302.654 -5.9586 -0.0617142 19.285 0.0616924 -0.554514 0.0196492 0.22967 212 0
304.194 -6.04615 -0.0567788 19.3192 0.0627766 0.426793 0.0135534 0.270782 213 2
305.738 -6.1261 -0.0517567 19.3533 0.0635893 0.426936 0.0101578 0.276514 214 2
307.284 -6.19833 -0.0466695 19.3477 0.0640614 -0.0705719 0.00590188 0.265135 215 1
308.831 -6.26262 -0.0415446 19.2989 0.0644757 -0.610161 0.0051789 0.255183 216 0
310.374 -6.31878 -0.0363865 19.2506 0.0646158 -0.603533 0.00175126 0.248587 217 0
311.913 -6.36685 -0.0312173 19.2869 0.0637308 0.453901 -0.0110624 0.294294 218 2
313.456 -6.40715 -0.0261188 19.2308 0.0634388 -0.70107 -0.00365023 0.286305 219 0
314.994 -6.43952 -0.0210437 19.1755 0.0628224 -0.691247 -0.00770502 0.229225 220 0
316.527 -6.46409 -0.0160179 19.2121 0.0606736 0.457811 -0.0268605 0.249805 221 2
318.064 -6.48125 -0.011164 19.2476 0.0582457 0.443172 -0.0303484 0.261988 222 2
319.604 -6.49126 -0.00650435 19.2756 0.055575 0.350189 -0.0333834 0.220498 223 2
321.146 -6.49444 -0.00205835 19.2635 0.0531679 -0.151849 -0.0300897 0.253361 224 1
322.687 -6.49106 0.00219508 19.2019 0.051608 -0.769806 -0.0194988 0.21809 225 0
324.223 -6.48134 0.00632371 19.1404 0.0497807 -0.768375 -0.0228414 0.308081 226 0
325.755 -6.46556 0.0103062 19.14 0.0454517 -0.00526905 -0.0541118 0.258723 227 1
327.286 -6.44421 0.0139423 19.1335 0.0407142 -0.0806808 -0.0592192 0.258009 228 1
328.816 -6.41789 0.0171994 19.0449 0.0380907 -1.10798 -0.0327934 0.250816 229 0
330.339 -6.38704 0.0202467 19.0428 0.0325506 -0.0265121 -0.0692516 0.271025 230 1
331.862 -6.35223 0.0228507 19.0395 0.0268623 -0.0407696 -0.0711031 0.308281 231 1
333.385 -6.31416 0.0249997 18.9609 0.0232084 -0.982785 -0.0456743 0.270183 232 0
334.901 -6.27343 0.0268564 18.8868 0.0194467 -0.926709 -0.0470216 0.252747 233 0
336.412 -6.2305 0.0284121 18.8921 0.0135464 0.0665426 -0.0737526 0.255536 234 1
337.922 -6.18593 0.0294958 18.8994 0.00795054 0.0914335 -0.0699488 0.293572 235 1
339.434 -6.14038 0.0301319 18.9083 0.00261525 0.111222 -0.0666911 0.299365 236 1
340.946 -6.09449 0.0303411 18.9207 -0.00245233 0.155568 -0.0633447 0.296847 237 1
342.459 -6.04887 0.0301449 18.9335 -0.00730694 0.159574 -0.0606826 0.286831 238 1
343.973 -6.0041 0.0295604 18.9428 -0.0119053 0.116181 -0.0574789 0.304823 239 1
345.487 -5.96075 0.0286079 18.9745 -0.00843471 0.396323 0.0433818 0.276787 240 4
347.005 -5.91836 0.0279332 18.9106 -0.0115677 -0.798798 -0.0391622 0.307192 241 0
348.517 -5.8775 0.0270078 18.8515 -0.0150965 -0.73843 -0.0441096 0.262288 242 0
350.025 -5.8386 0.0258 18.86 -0.0206209 0.105643 -0.069055 0.261215 243 1
351.533 -5.80216 0.0241504 18.8022 -0.0243168 -0.722122 -0.0461991 0.302337 244 0
353.037 -5.76877 0.022205 18.8161 -0.0295618 0.173664 -0.0655626 0.261619 245 1
354.542 -5.7389 0.0198401 18.831 -0.0344717 0.186181 -0.0613736 0.291228 246 1
356.048 -5.71317 0.0170823 18.7763 -0.0377241 -0.683117 -0.0406552 0.316701 247 0
357.55 -5.69204 0.0140644 18.8238 -0.0424573 0.592875 -0.0591653 0.286183 248 2
359.056 -5.67598 0.0106678 18.832 -0.0462814 0.103188 -0.0478007 0.325927 249 1
360.562 -5.66549 0.00696533 18.7771 -0.0486402 -0.687099 -0.0294854 0.277207 250 0
362.065 -5.66087 0.00307411 18.7867 -0.0516734 0.120568 -0.0379149 0.299855 251 1
363.568 -5.66246 -0.00105976 18.795 -0.054207 0.103092 -0.0316696 0.250117 252 1
365.071 -5.67058 -0.00539632 18.7367 -0.0555315 -0.728607 -0.0165565 0.308057 253 0
366.57 -5.68532 -0.00983884 18.7888 -0.0574131 0.651717 -0.0235205 0.27717 254 2
368.073 -5.70702 -0.0144319 18.8379 -0.0587447 0.613427 -0.0166445 0.284465 255 2
369.58 -5.73585 -0.0191315 18.8376 -0.059325 -0.00374317 -0.00725426 0.307315 256 1
371.086 -5.77183 -0.0238775 18.7704 -0.059018 -0.839734 0.00383807 0.317265 257 0
372.587 -5.81476 -0.0285989 18.7666 -0.0587278 -0.0473738 0.00362787 0.368911 258 1
374.088 -5.86475 -0.0332971 18.7677 -0.057784 0.0136137 0.0117966 0.324129 259 1
375.588 -5.92166 -0.0379198 18.8015 -0.0563882 0.42305 0.0174474 0.379464 260 2
377.091 -5.98547 -0.0424309 18.7973 -0.0544053 -0.0530243 0.0247871 0.305571 261 1
378.593 -6.05579 -0.0467833 18.8001 -0.0519918 0.0346899 0.0301678 0.328434 262 1
380.095 -6.13238 -0.0509427 18.8011 -0.0492537 0.0131607 0.0342267 0.290987 263 1
381.597 -6.21489 -0.054883 18.7309 -0.0461295 -0.878215 0.039052 0.283684 264 0
383.093 -6.30261 -0.0585733 18.7324 -0.042881 0.0185728 0.0406066 0.287711 265 1
384.588 -6.39546 -0.0620038 18.7425 -0.0393992 0.126433 0.0435224 0.275231 266 1
386.085 -6.49309 -0.0651558 18.6813 -0.0357872 -0.764179 0.04515 0.369133 267 0
387.576 -6.59467 -0.0680187 18.6896 -0.0320622 0.103736 0.0465623 0.357503 268 1
389.067 -6.70011 -0.0705837 18.6313 -0.0283327 -0.728726 0.0466187 0.341291 269 0
390.554 -6.8086 -0.0728503 18.6817 -0.0243575 0.628996 0.0496908 0.313132 270 2
392.044 -6.92029 -0.0747989 18.6893 -0.0205184 0.095129 0.0479891 0.345729 271 1
393.535 -7.03446 -0.0764404 18.7 -0.0166399 0.133801 0.0484803 0.296212 272 1
395.026 -7.15069 -0.0777716 18.6514 -0.0129216 -0.607324 0.0464798 0.308948 273 0
396.514 -7.26816 -0.0788053 18.6647 -0.00910529 0.165892 0.0477032 0.335736 274 1
398.002 -7.38679 -0.0795337 18.6226 -0.0055168 -0.525379 0.0448562 0.315993 275 0
399.487 -7.50581 -0.0799751 18.6409 -0.00179193 0.228715 0.0465609 0.342736 276 1
400.974 -7.62516 -0.0801184 18.5988 0.00155541 -0.526857 0.0418418 0.2929 277 0
402.457 -7.74406 -0.079994 18.6538 0.00520429 0.687671 0.045611 0.404722 278 2
403.945 -7.86269 -0.0795777 18.6667 0.00855277 0.161624 0.0418559 0.370397 279 1
405.433 -7.98038 -0.0788934 18.6241 0.0114443 -0.532341 0.0361442 0.287585 280 0
406.919 -8.09644 -0.0779779 18.5827 0.0141992 -0.518131 0.0344367 0.364984 281 0
408.401 -8.21056 -0.076842 18.6016 0.0171441 0.236201 0.0368111 0.376164 282 1
409.885 -8.32277 -0.0754704 18.6233 0.0199171 0.270939 0.0346624 0.3288 283 1
411.371 -8.43273 -0.0738771 18.6454 0.0224941 0.277162 0.0322125 0.322567 284 1
412.858 -8.54015 -0.0720775 18.7235 0.0219126 0.975633 -0.00726874 0.269243 285 5
414.352 -8.6454 -0.0703245 18.796 0.0219592 0.906539 0.000582449 0.297691 286 5
415.853 -8.74843 -0.0685678 18.8668 0.022246 0.884962 0.00358447 0.305326 287 5
417.359 -8.84916 -0.0667881 18.9388 0.0232337 0.899696 0.0123469 0.37316 288 5
418.871 -8.94746 -0.0649294 18.9764 0.0243787 0.470376 0.0143121 0.332513 289 4
420.386 -9.04301 -0.0629791 19.047 0.0260547 0.882053 0.0209496 0.385239 290 5
421.907 -9.13574 -0.0608947 19.1183 0.0284703 0.892186 0.0301957 0.331247 291 5
423.433 -9.22534 -0.0586171 19.1874 0.0310356 0.863028 0.0320668 0.350775 292 5
424.966 -9.31147 -0.0561343 19.2479 0.0335471 0.756884 0.0313934 0.351185 293 5
426.504 -9.39373 -0.0534505 19.3068 0.036018 0.735807 0.0308863 0.329756 294 5
428.046 -9.4718 -0.0505691 19.3517 0.0383769 0.561667 0.029486 0.326651 295 5
429.593 -9.54531 -0.0474989 19.4069 0.0407408 0.689769 0.0295489 0.339462 296 5
431.144 -9.61397 -0.0442396 19.4584 0.0429855 0.643373 0.0280582 0.365754 297 5
432.699 -9.67747 -0.0408008 19.5139 0.0451807 0.694036 0.027441 0.297375 298 5
434.259 -9.73551 -0.0371863 19.565 0.04724 0.63839 0.0257407 0.34661 299 5
435.823 -9.78779 -0.0334071 19.6052 0.0497792 0.502324 0.0317397 0.339537 300 5
437.391 -9.83393 -0.0294248 19.6379 0.0525826 0.409198 0.035043 0.289156 301 5
438.962 -9.87354 -0.0252182 19.6645 0.055325 0.332761 0.03428 0.276191 302 5
440.534 -9.90625 -0.0207922 19.668 0.0583402 0.0439644 0.0376898 0.284144 303 4
442.108 -9.93162 -0.016125 19.6694 0.061296 0.0175953 0.0369479 0.3057 304 4
443.681 -9.94928 -0.0112213 19.6795 0.0641141 0.125098 0.0352253 0.263355 305 5
445.255 -9.95887 -0.00609217 19.6637 0.0679236 -0.196362 0.0476195 0.270375 306 5
446.829 -9.95991 -0.000658279 19.6443 0.0707016 -0.242805 0.0347249 0.3317 307 4
448.4 -9.95205 0.00499785 19.5088 0.0701899 -1.6942 -0.00639642 0.269384 308 1
449.961 -9.93549 0.010613 19.4932 0.0734489 -0.194216 0.0407376 0.289727 309 5
451.52 -9.90977 0.016489 19.4583 0.0779248 -0.436902 0.0559493 0.241106 310 4
453.076 -9.87441 0.0227229 19.4328 0.0810172 -0.318098 0.0386546 0.206816 311 4
454.63 -9.82901 0.0292043 19.4031 0.0837224 -0.371528 0.0338146 0.200266 312 5
456.181 -9.77329 0.0359021 19.3739 0.0865066 -0.365734 0.0348027 0.235452 313 5
457.73 -9.70694 0.0428226 19.3393 0.0889599 -0.432682 0.0306658 0.300177 314 5
459.275 -9.62971 0.0499394 19.3344 0.0897544 -0.0604153 0.00993134 0.284234 315 5
460.819 -9.54141 0.0571198 19.3192 0.0903022 -0.189924 0.00684774 0.262561 316 4
462.362 -9.44203 0.064344 19.2983 0.0911972 -0.26176 0.011188 0.30078 317 5
463.902 -9.33152 0.0716397 19.2727 0.092253 -0.319219 0.0131967 0.292635 318 4
465.439 -9.20982 0.07902 19.1638 0.0932504 -1.36132 0.0124675 0.256975 319 0
466.966 -9.0774 0.08648 19.1551 0.0932507 -0.108767 3.72529e-06 0.266009 320 4
468.492 -8.93366 0.09394 19.1589 0.092218 0.0474453 -0.0129079 0.230946 321 5
470.016 -8.77863 0.101317 19.0604 0.0906349 -1.23169 -0.0197886 0.289399 322 0
471.532 -8.61341 0.108568 19.0694 0.0888148 0.111938 -0.0227518 0.267907 323 5
473.048 -8.43734 0.115673 19.0829 0.0865528 0.169134 -0.0282745 0.230342 324 5
474.563 -8.25064 0.122598 19.0983 0.0840091 0.192571 -0.0317973 0.273719 325 5
476.078 -8.05361 0.129318 19.1256 0.080988 0.341058 -0.0377633 0.218434 326 5
477.594 -7.84647 0.135797 19.1511 0.0775697 0.319076 -0.0427284 0.237287 327 5
479.111 -7.62964 0.142003 19.1749 0.0738612 0.29726 -0.0463566 0.263126 328 5
480.628 -7.40357 0.147912 19.1988 0.0699678 0.298429 -0.0486668 0.271922 329 5
482.146 -7.16872 0.153509 19.2183 0.0659138 0.244713 -0.050675 0.246804 330 5
483.664 -6.92562 0.158782 19.2448 0.0616865 0.331402 -0.0528423 0.292429 331 5
485.183 -6.67469 0.163717 19.2686 0.0573834 0.29726 -0.0537884 0.251509 332 5
486.702 -6.41647 0.168308 19.2898 0.0530308 0.264263 -0.054407 0.311626 333 5
488.223 -6.15151 0.172551 19.3097 0.0486822 0.248861 -0.0543579 0.268206 334 5
489.744 -5.88036 0.176445 19.3201 0.044358 0.129724 -0.0540519 0.252224 335 5
491.264 -5.60366 0.179994 19.3302 0.0402357 0.126505 -0.0515291 0.264053 336 5
492.785 -5.32192 0.183213 19.3403 0.0362492 0.126624 -0.0498309 0.223434 337 5
494.305 -5.03562 0.186113 19.3522 0.0322788 0.149202 -0.0496304 0.278665 338 5
495.826 -4.74522 0.188695 19.3611 0.0270765 0.110555 -0.0650285 0.248116 339 4
497.347 -4.45139 0.190861 19.3747 0.0233435 0.170326 -0.046663 0.21781 340 5
498.868 -4.15451 0.192728 19.3898 0.0196481 0.188637 -0.0461923 0.25972 341 5
500.39 -3.855 0.1943 19.4062 0.0160071 0.20473 -0.0455125 0.259305 342 5
501.913 -3.5533 0.195581 19.4234 0.0124373 0.215006 -0.0446222 0.230069 343 5
503.437 -3.24981 0.196576 19.4408 0.0089602 0.21739 -0.0434641 0.228214 344 5
504.962 -2.94495 0.197293 19.4578 0.00559278 0.212574 -0.0420928 0.227889 345 5
506.488 -2.63915 0.19774 19.4739 0.00233892 0.201607 -0.0406733 0.231043 346 5
508.016 -2.3328 0.197927 19.4851 -0.00223557 0.140381 -0.057181 0.265122 347 4
509.544 -2.02656 0.197748 19.4985 -0.00509054 0.166464 -0.0356871 0.244062 348 5
511.074 -1.72072 0.197341 19.5081 -0.00932344 0.120854 -0.0529114 0.280442 349 4
512.604 -1.41588 0.196595 19.5169 -0.0133075 0.109649 -0.0498006 0.276637 350 4
514.136 -1.11253 0.195531 19.5274 -0.0155438 0.131464 -0.0279535 0.265929 351 5
515.669 -0.810922 0.194287 19.5369 -0.0176702 0.119042 -0.0265799 0.235178 352 5
517.203 -0.511335 0.192874 19.5762 -0.024666 0.490475 -0.0874475 0.281466 353 2
518.74 -0.21418 0.1909 19.5816 -0.027704 0.0679255 -0.0379751 0.265267 354 4
520.279 0.0796483 0.188684 19.5888 -0.0289216 0.08986 -0.0152202 0.278417 355 5
521.819 0.370022 0.18637 19.5961 -0.0299539 0.0908136 -0.0129035 0.239707 356 5
523.36 0.656811 0.183974 19.6004 -0.0293864 0.0543594 0.00709386 0.264153 357 5
524.902 0.940038 0.181623 19.6038 -0.0290655 0.0418186 0.00401102 0.345437 358 5
526.446 1.21973 0.179298 19.6069 -0.0289588 0.0397205 0.00133403 0.269241 359 5
527.99 1.49588 0.176981 19.6071 -0.0290626 0.00171661 -0.00129796 0.247566 360 5
529.534 1.76845 0.174656 19.6086 -0.0293559 0.0187159 -0.00366664 0.281456 361 5
531.08 2.03741 0.172308 19.608 -0.0296229 -0.00724792 -0.00333672 0.241092 362 5
532.626 2.3027 0.169938 19.607 -0.0299371 -0.0126123 -0.0039276 0.286468 363 5
534.172 2.56428 0.167543 19.6123 -0.030361 0.0666857 -0.0052993 0.269027 364 5
535.72 2.82216 0.165114 19.6162 -0.0308045 0.0484228 -0.0055436 0.324006 365 5
537.269 3.07628 0.16265 19.6186 -0.0312692 0.0297785 -0.00580815 0.296155 366 5
538.818 3.32656 0.160148 19.6481 -0.0309222 0.36869 0.00433738 0.278096 367 4
540.37 3.57337 0.157674 19.6483 -0.0315303 0.00236034 -0.00760213 0.334137 368 5
541.923 3.81627 0.155152 19.6489 -0.0321477 0.00753403 -0.00771657 0.364307 369 5
543.477 4.05519 0.15258 19.6688 -0.0320041 0.249696 0.0017941 0.377385 370 4
545.033 4.29036 0.15002 19.6673 -0.0327518 -0.0195742 -0.00934536 0.374064 371 5
546.589 4.52144 0.1474 19.6653 -0.033485 -0.024271 -0.00916533 0.312726 372 5
548.146 4.74832 0.144721 19.6632 -0.0342021 -0.0264645 -0.00896435 0.268941 373 5
549.703 4.97092 0.141985 19.6614 -0.0349025 -0.0220299 -0.00875499 0.308794 374 5
551.261 5.18915 0.139192 19.6591 -0.03558 -0.0295639 -0.00846796 0.289907 375 5
552.819 5.40292 0.136346 19.6589 -0.0362453 -0.00181198 -0.00831625 0.27643 376 5
554.378 5.61217 0.133446 19.6574 -0.0368781 -0.0195026 -0.00790972 0.249443 377 5
555.937 5.81681 0.130496 19.6558 -0.0374826 -0.0198364 -0.00755666 0.271573 378 5
557.497 6.01675 0.127497 19.6725 -0.0372945 0.209498 0.00235154 0.278271 379 4
559.058 6.2122 0.124514 19.6705 -0.0379973 -0.025177 -0.00878535 0.342475 380 5
560.62 6.40289 0.121474 19.6691 -0.0386533 -0.0182152 -0.00819992 0.27852 381 5
562.183 6.58873 0.118382 19.6698 -0.0392601 0.00874996 -0.00758511 0.373647 382 5
563.746 6.76967 0.115241 19.6852 -0.0390179 0.193167 0.00302782 0.27369 383 4
565.311 6.94587 0.11212 19.6986 -0.0389041 0.167632 0.0014225 0.291797 384 4
566.878 7.11732 0.109007 19.6983 -0.0396095 -0.00393391 -0.00881851 0.293507 385 5
568.445 7.28379 0.105839 19.6986 -0.0402357 0.00338554 -0.0078267 0.271551 386 5
570.012 7.44523 0.10262 19.7553 -0.0368828 0.709105 0.0419111 0.387134 387 1
571.585 7.60248 0.0996691 19.7561 -0.0351903 0.00910759 0.0211562 0.296607 388 4
573.158 7.75532 0.0968538 19.7669 -0.0343347 0.135565 0.010695 0.280547 389 4
574.732 7.90392 0.0941071 19.7714 -0.0340602 0.0563383 0.00343188 0.262939 390 4
576.307 8.04826 0.0913822 19.8104 -0.0332029 0.488043 0.0107161 0.288353 391 0
577.886 8.18869 0.088726 19.8123 -0.0339455 0.0227928 -0.00928286 0.253665 392 4
579.465 8.32485 0.0860104 19.8215 -0.0350531 0.114942 -0.0138446 0.287759 393 4
581.045 8.45663 0.0832061 19.8479 -0.0367962 0.330591 -0.0217895 0.304316 394 3
582.628 8.58394 0.0802624 19.8449 -0.0363888 -0.0377655 0.0050928 0.390012 395 0
584.211 8.70662 0.0773513 19.8659 -0.039893 0.262308 -0.0438021 0.249591 396 3
585.796 8.82437 0.0741599 19.8456 -0.0407886 -0.252986 -0.0111958 0.305867 397 4
587.379 8.93684 0.0708968 19.8218 -0.0395341 -0.298285 0.0156821 0.338361 398 0
588.961 9.04416 0.0677341 19.86 -0.0408861 0.477457 -0.0169006 0.281384 399 1
590.547 9.14651 0.0644632 19.8223 -0.0397118 -0.471425 0.0146791 0.313586 400 0
592.13 9.24364 0.0612862 19.8118 -0.0402746 -0.130248 -0.00703526 0.345302 401 0
593.712 9.33562 0.0580643 19.801 -0.0428371 -0.134945 -0.0320309 0.31509 402 4
595.294 9.42212 0.0546373 19.7938 -0.0450245 -0.0910997 -0.0273421 0.286606 403 4
596.875 9.5029 0.0510353 19.7892 -0.0468425 -0.0569344 -0.0227259 0.341132 404 4
598.457 9.57774 0.0472879 19.7833 -0.0482797 -0.0739574 -0.0179648 0.334904 405 4
600.038 9.64644 0.0434256 19.7967 -0.0496465 0.167704 -0.0170845 0.376637 406 5
