1.2 10 0 15.0588 -0.00476659 0.735617 -0.0595823 0.286407 1
2.40471 9.99954 -0.000381327 14.8511 -0.00535754 -2.59663 -0.00738688 0.364901 2
3.5928 9.99858 -0.00080993 14.8962 -0.0106672 0.563312 -0.0663711 0.373246 3
4.78449 9.9966 -0.00166331 14.9072 -0.0165594 0.137556 -0.0736517 0.138315 4
5.97706 9.99303 -0.00298806 14.9095 -0.0223848 0.0292182 -0.0728182 0.274967 5
7.16981 9.98733 -0.00477884 14.9011 -0.0282374 -0.105131 -0.0731573 0.252092 6
8.36187 9.97894 -0.00703784 14.8847 -0.0340353 -0.205398 -0.0724731 0.26504 7
9.55259 9.96732 -0.00976066 14.8597 -0.0398641 -0.312281 -0.072861 0.128957 8
10.7413 9.95193 -0.0129498 14.8262 -0.0457399 -0.419235 -0.0734465 0.136928 9
11.9272 9.93223 -0.016609 14.7782 -0.051818 -0.599539 -0.0759767 0.13118 10
13.1092 9.90769 -0.0207544 14.7087 -0.0583015 -0.869191 -0.0810443 0.12607 11
14.2855 9.87779 -0.0254185 14.6274 -0.0650637 -1.01593 -0.0845269 0.147172 12
15.4551 9.84196 -0.0306236 14.5328 -0.0720439 -1.18189 -0.0872526 0.157969 13
16.617 9.79966 -0.0363871 14.4277 -0.0791716 -1.31474 -0.0890965 0.179733 14
17.7702 9.75037 -0.0427209 14.3144 -0.0865731 -1.41591 -0.0925192 0.326054 15
18.9139 9.69354 -0.0496467 14.1937 -0.0940376 -1.50857 -0.0933058 0.320247 16
20.0475 9.62866 -0.0571697 14.0714 -0.101186 -1.52855 -0.0893535 0.437261 17
21.1709 9.55524 -0.0652646 13.9578 -0.107409 -1.42063 -0.0777913 0.448831 18
22.2844 9.47284 -0.0738573 13.8598 -0.112104 -1.22454 -0.0586904 0.303235 19
23.3894 9.38111 -0.0828257 13.7831 -0.115087 -0.958776 -0.0372794 0.204044 20
24.4874 9.27978 -0.0920326 13.7238 -0.116527 -0.74085 -0.0180009 0.204105 21
25.5797 9.16869 -0.101355 13.6763 -0.117553 -0.593948 -0.0128216 0.2028 22
26.6671 9.04775 -0.110759 13.6373 -0.117005 -0.487566 0.00684364 0.285914 23
27.7502 8.91702 -0.120119 13.6112 -0.115941 -0.326192 0.0133012 0.285249 24
28.83 8.77652 -0.129395 13.5948 -0.113837 -0.204742 0.0262978 0.267627 25
29.9072 8.62636 -0.138502 13.5816 -0.111249 -0.165045 0.0323566 0.347294 26
30.9819 8.46679 -0.147402 13.5767 -0.108273 -0.0622511 0.0371986 0.346759 27
32.0549 8.29797 -0.156063 13.5767 -0.104917 2.38419e-05 0.0419523 0.295825 28
33.1263 8.12015 -0.164457 13.5809 -0.101259 0.0530839 0.0457245 0.350515 29
34.1967 7.9336 -0.172557 13.5894 -0.0973564 0.105989 0.0487772 0.310459 30
35.2662 7.7386 -0.180346 13.5995 -0.0933571 0.126207 0.0499914 0.290214 31
36.335 7.53546 -0.187814 13.6166 -0.0892036 0.213981 0.0519194 0.311996 32
37.4037 7.32444 -0.194951 13.6362 -0.0850651 0.244987 0.051731 0.288116 33
38.4725 7.10584 -0.201756 13.6526 -0.0811097 0.204849 0.0494417 0.269641 34
39.5411 6.88003 -0.208245 13.6824 -0.0766694 0.372922 0.0555045 0.37717 35
40.6106 6.64717 -0.214378 13.7166 -0.0721396 0.427306 0.0566226 0.277566 36
41.6815 6.40754 -0.220149 13.755 -0.0675573 0.47977 0.0572789 0.386052 37
42.754 6.16144 -0.225554 13.795 -0.062844 0.499642 0.0589164 0.322584 38
43.8284 5.90922 -0.230582 13.8398 -0.0580191 0.56113 0.0603103 0.311136 39
44.9051 5.65118 -0.235223 13.8897 -0.0530919 0.622916 0.0615908 0.273558 40
45.9845 5.38762 -0.23947 13.9434 -0.0481078 0.672066 0.0623012 0.316746 41
47.0672 5.11887 -0.243319 14.0017 -0.0430593 0.727773 0.0631053 0.291408 42
48.1534 4.84526 -0.246764 14.0636 -0.0379028 0.773871 0.0644563 0.292974 43
49.2435 4.56713 -0.249796 14.1318 -0.032702 0.852621 0.0650103 0.310866 44
50.3382 4.28479 -0.252412 14.202 -0.0274848 0.877559 0.065215 0.302956 45
51.4378 3.99863 -0.254611 14.27 -0.0225982 0.850415 0.0610824 0.285427 46
52.5421 3.7091 -0.256419 14.3361 -0.017984 0.825763 0.0576773 0.336969 47
53.651 3.41663 -0.257858 14.4019 -0.0135385 0.822735 0.0555688 0.269064 48
54.7648 3.12161 -0.258941 14.4673 -0.00920057 0.817585 0.0542246 0.323436 49
55.8833 2.82443 -0.259677 14.5333 -0.00499813 0.825346 0.0525305 0.317007 50
57.0069 2.52545 -0.260077 14.6003 -0.000900492 0.837028 0.0512204 0.323374 51
58.1356 2.22501 -0.260149 14.667 0.00308961 0.833893 0.0498763 0.333007 52
59.2696 1.92347 -0.259901 14.7331 0.00695546 0.826013 0.0483231 0.292937 53
60.4088 1.62121 -0.259345 14.7886 0.0106013 0.69418 0.0455731 0.347821 54
61.5526 1.31878 -0.258497 14.8626 0.0208002 0.92417 0.127486 0.191114 55
62.7026 1.01675 -0.256833 14.9283 0.0296182 0.822079 0.110225 0.190178 56
63.8584 0.71612 -0.254463 14.9836 0.0372226 0.691366 0.0950554 0.230282 57
65.0194 0.417834 -0.251486 15.0172 0.0437169 0.4197 0.0811784 0.139082 58
66.184 0.122951 -0.247988 15.049 0.0492239 0.397778 0.0688377 0.140924 59
67.3523 -0.167959 -0.24405 15.079 0.0538577 0.375187 0.0579231 0.150765 60
68.5241 -0.454402 -0.239742 15.1069 0.0577117 0.348592 0.0481749 0.309875 61
69.6994 -0.735953 -0.235125 15.1359 0.0609242 0.362611 0.0401562 0.134878 62
70.8783 -1.0123 -0.230251 15.1699 0.0635456 0.424433 0.0327675 0.139903 63
72.0613 -1.28326 -0.225167 15.2058 0.065195 0.449145 0.0206172 0.14578 64
73.2484 -1.54867 -0.219952 15.2422 0.0663273 0.454605 0.0141534 0.162236 65
74.4398 -1.8084 -0.214645 15.2786 0.0669916 0.45476 0.00830414 0.160521 66
75.6354 -2.06234 -0.209286 15.3146 0.0672388 0.449979 0.00308966 0.135263 67
76.8352 -2.31044 -0.203907 15.3503 0.067114 0.446928 -0.00155894 0.199664 68
78.0391 -2.55265 -0.198538 15.3854 0.0666581 0.438583 -0.00569951 0.152409 69
79.2471 -2.78897 -0.193205 15.4192 0.0659218 0.422287 -0.0092037 0.12935 70
80.4589 -3.01943 -0.187931 15.4511 0.0649447 0.398207 -0.0122134 0.161471 71
81.6744 -3.24405 -0.182736 15.4799 0.0637747 0.360334 -0.0146257 0.134555 72
82.8933 -3.46288 -0.177634 15.5054 0.0624556 0.319278 -0.016488 0.12788 73
84.1153 -3.67596 -0.172637 15.5334 0.0610703 0.350058 -0.0173163 0.120055 74
85.3405 -3.88345 -0.167752 15.5551 0.0596164 0.270569 -0.018174 0.120493 75
86.5684 -4.08537 -0.162983 15.4817 0.0496326 -0.917745 -0.124797 0.42232 76
87.7913 -4.28148 -0.159012 15.3897 0.0409248 -1.14923 -0.108847 0.526693 77
89.0076 -4.47245 -0.155738 15.3041 0.031709 -1.07056 -0.115198 0.389182 78
90.2176 -4.65928 -0.153201 15.2375 0.0250663 -0.83226 -0.083034 0.356959 79
91.4227 -4.84289 -0.151196 15.1784 0.020431 -0.73911 -0.057941 0.452156 80
92.6234 -5.02382 -0.149561 15.1253 0.0173639 -0.663662 -0.0383389 0.328087 81
93.8202 -5.20246 -0.148172 15.0828 0.0155764 -0.531507 -0.0223438 0.435902 82
95.0138 -5.3791 -0.146926 15.0446 0.0149047 -0.476336 -0.00839616 0.351655 83
96.2046 -5.55388 -0.145734 15.0122 0.0152022 -0.406063 0.00371845 0.383798 84
97.3931 -5.72684 -0.144518 14.9851 0.0163249 -0.338697 0.0140332 0.472602 85
98.5796 -5.89794 -0.143212 14.9647 0.0181235 -0.254011 0.0224831 0.339531 86
99.7648 -6.06708 -0.141762 14.95 0.0204887 -0.184786 0.029565 0.362929 87
100.949 -6.23412 -0.140123 14.9311 0.0214617 -0.235605 0.0121621 0.353613 88
102.132 -6.39892 -0.138406 14.918 0.0228445 -0.1634 0.0172851 0.332133 89
103.314 -6.56141 -0.136578 14.598 0.0279811 -4 0.064208 0.477203 90
104.472 -6.71783 -0.13434 14.278 0.0349516 -4 0.0871306 0.499928 91
105.604 -6.86765 -0.131544 13.958 0.0387484 -4 0.0474602 0.514597 92
106.712 -7.01068 -0.128444 13.638 0.0447779 -4 0.0753693 0.444959 93
107.794 -7.14656 -0.124861 13.4258 0.0475037 -2.65268 0.0340719 0.465096 94
108.86 -7.27627 -0.121061 13.3273 0.0504186 -1.23193 0.0364362 0.413346 95
109.919 -7.40075 -0.117028 13.2926 0.0544682 -0.432968 0.0506198 0.344323 96
110.976 -7.52032 -0.11267 13.2822 0.0607996 -0.130415 0.0791423 0.276397 97
112.032 -7.63465 -0.107806 13.272 0.0680082 -0.127351 0.0901083 0.162878 98
113.088 -7.74314 -0.102366 13.278 0.0729657 0.0753641 0.0619684 0.139619 99
114.146 -7.84552 -0.0965283 13.2886 0.077076 0.131798 0.0513789 0.140688 100
115.205 -7.94145 -0.0903622 13.2946 0.0812446 0.0753045 0.0521073 0.132697 101
116.264 -8.03054 -0.0838627 13.2998 0.0851202 0.0644445 0.0484454 0.137751 102
117.325 -8.11245 -0.0770531 13.3077 0.0882417 0.0986815 0.039019 0.135114 103
118.387 -8.1869 -0.0699937 13.3205 0.0904123 0.160444 0.0271324 0.128625 104
119.451 -8.25374 -0.0627607 13.3361 0.0917055 0.195062 0.0161651 0.130451 105
120.516 -8.31284 -0.0554243 13.3537 0.0922591 0.220311 0.00691907 0.142762 106
121.583 -8.36414 -0.0480436 13.3728 0.0921895 0.238073 -0.000869762 0.132483 107
122.652 -8.40764 -0.0406684 13.3925 0.0915394 0.246525 -0.00812598 0.122479 108
123.723 -8.44336 -0.0333452 13.4138 0.0903893 0.266373 -0.014377 0.133155 109
124.796 -8.47138 -0.0261141 13.5227 0.0870419 1.36105 -0.0418416 0.140714 110
125.877 -8.4921 -0.0191508 13.5423 0.0849962 0.24538 -0.0255711 0.130902 111
126.96 -8.50548 -0.0123511 13.5174 0.0801775 -0.31203 -0.0602347 0.281437 112
128.042 -8.5119 -0.00593686 13.4984 0.0750207 -0.237548 -0.0644595 0.320402 113
129.122 -8.51183 6.47994e-05 13.4832 0.0690941 -0.189781 -0.0740828 0.365069 114
130.2 -8.50579 0.00559232 13.4724 0.0629745 -0.134814 -0.076495 0.335897 115
131.278 -8.49434 0.0106303 13.4648 0.0566743 -0.0949144 -0.0787525 0.321956 116
132.355 -8.478 0.0151642 13.4647 0.0501457 -0.00135899 -0.0816076 0.299362 117
133.432 -8.45735 0.0191759 13.4674 0.0435156 0.0345469 -0.0828756 0.349845 118
134.509 -8.43294 0.0226571 13.4757 0.0368092 0.102997 -0.0838298 0.312229 119
135.587 -8.40534 0.0256019 13.1557 0.0238436 -4 -0.16207 0.338144 120
136.639 -8.37639 0.0275094 13.1931 0.0186716 0.467086 -0.0646508 0.335198 121
137.694 -8.34579 0.0290031 13.233 0.0132345 0.498772 -0.0679636 0.326707 122
138.752 -8.31397 0.0300618 13.2792 0.00818676 0.577772 -0.0630964 0.282891 123
139.814 -8.28134 0.0307168 13.329 0.00323141 0.623274 -0.0619418 0.329765 124
140.88 -8.24832 0.0309753 13.3818 -0.00158475 0.660014 -0.060202 0.288002 125
141.95 -8.2153 0.0308485 13.4372 -0.00626184 0.692248 -0.0584636 0.311597 126
143.024 -8.18268 0.0303476 13.4955 -0.0103344 0.729024 -0.0509068 0.338488 127
144.103 -8.15081 0.0295208 13.1755 -0.0381892 -4 -0.348185 0.315345 128
145.157 -8.12292 0.0264657 12.9977 -0.0412614 -2.22361 -0.0384025 0.29995 129
146.197 -8.09883 0.0231648 13.1238 -0.0419289 1.57655 -0.00834353 0.332967 130
147.246 -8.07804 0.0198105 13.2015 -0.0379768 0.972092 0.0494012 0.299635 131
148.302 -8.06032 0.0167723 13.2693 -0.037203 0.846994 0.00967304 0.233478 132
149.364 -8.04568 0.0137961 13.3745 -0.0373874 1.31508 -0.00230535 0.224922 133
150.434 -8.03412 0.0108051 13.4993 -0.038028 1.56013 -0.00800788 0.183626 134
151.514 -8.02573 0.00776284 13.5602 -0.0335399 0.76052 0.0561012 0.133822 135
152.598 -8.02022 0.00507964 13.6633 -0.0334812 1.28971 0.000734115 0.17291 136
153.691 -8.0176 0.00240115 13.7527 -0.0333178 1.11661 0.00204281 0.144538 137
154.792 -8.01789 -0.000264272 13.7851 -0.0284976 0.404763 0.0602524 0.165445 138
155.894 -8.0207 -0.00254408 13.8136 -0.0238058 0.356364 0.0586475 0.128048 139
157 -8.02561 -0.00444854 13.8453 -0.0198313 0.396395 0.0496814 0.125708 140
158.107 -8.0323 -0.00603504 13.8817 -0.0152669 0.455129 0.0570541 0.182175 141
159.218 -8.04035 -0.00725639 13.9217 -0.0108808 0.500107 0.0548267 0.140669 142
160.331 -8.04941 -0.00812686 13.9668 -0.00677553 0.563359 0.0513158 0.129802 143
161.449 -8.05909 -0.0086689 14.017 -0.00300053 0.627458 0.0471875 0.147828 144
162.57 -8.06908 -0.00890894 14.071 0.000409103 0.676107 0.0426204 0.149425 145
163.696 -8.07907 -0.00887621 14.1277 0.00351608 0.708044 0.0388372 0.118334 146
164.826 -8.08879 -0.00859493 14.1858 0.00637027 0.726092 0.0356774 0.148767 147
165.961 -8.09796 -0.00808531 14.2438 0.0090203 0.725305 0.0331254 0.130555 148
167.1 -8.10635 -0.00736368 14.302 0.011467 0.727189 0.0305832 0.137651 149
168.244 -8.11373 -0.00644633 14.3603 0.0137672 0.729275 0.0287532 0.129776 150
169.393 -8.11987 -0.00534495 14.4196 0.0159265 0.741208 0.0269913 0.132288 151
170.547 -8.12457 -0.00407083 14.4785 0.0179281 0.736463 0.0250194 0.125105 152
171.705 -8.12762 -0.00263658 14.5367 0.0197519 0.727701 0.0227976 0.128834 153
172.868 -8.12885 -0.00105643 14.5938 0.0213751 0.713718 0.0202909 0.124878 154
174.035 -8.12809 0.000653578 14.6501 0.0227142 0.703657 0.0167386 0.147218 155
175.207 -8.12519 0.00247072 14.7059 0.0237584 0.696731 0.013052 0.143377 156
176.384 -8.12005 0.00437139 14.759 0.0244619 0.664091 0.00879397 0.143092 157
177.564 -8.11258 0.00632834 14.8098 0.0248603 0.634682 0.00498008 0.137141 158
178.749 -8.10272 0.00831717 14.8576 0.0249425 0.597572 0.00102692 0.163212 159
179.938 -8.09046 0.0103126 14.9019 0.0247142 0.553834 -0.00285315 0.138469 160
181.13 -8.07581 0.0122897 14.9424 0.0241871 0.506401 -0.00658904 0.139187 161
182.325 -8.05881 0.0142247 14.979 0.0233778 0.457549 -0.0101158 0.131962 162
183.523 -8.03952 0.0160949 15.0118 0.022308 0.409329 -0.0133728 0.140581 163
184.724 -8.01805 0.0178795 15.041 0.0210041 0.365353 -0.0162995 0.15188 164
185.927 -7.99452 0.0195599 15.0369 0.0209445 -0.0507236 -0.000744872 0.140747 165
187.13 -7.96897 0.0212354 15.0472 0.021101 0.127935 0.00195717 0.131453 166
188.333 -7.94138 0.0229235 15.0603 0.0211583 0.164795 0.000716397 0.142055 167
189.538 -7.91173 0.0246162 15.0744 0.0209012 0.176167 -0.00321455 0.140243 168
190.743 -7.88003 0.0262883 15.0883 0.0203382 0.17395 -0.00703712 0.137795 169
191.95 -7.84634 0.0279153 15.1022 0.0196042 0.173116 -0.00917546 0.127378 170
193.157 -7.81072 0.0294837 15.1154 0.0188332 0.164878 -0.00963756 0.128065 171
194.366 -7.77325 0.0309903 15.1276 0.0180687 0.15229 -0.00955579 0.128561 172
195.576 -7.73401 0.0324358 15.1384 0.0173229 0.135505 -0.00932235 0.132753 173
196.786 -7.69305 0.0338216 15.1479 0.016561 0.118232 -0.00952387 0.127387 174
197.997 -7.65047 0.0351465 15.155 0.0157601 0.0896692 -0.0100108 0.116952 175
199.209 -7.60634 0.0364073 15.1604 0.0149362 0.0667095 -0.0102998 0.134097 176
200.421 -7.56074 0.0376022 15.1647 0.0140518 0.0540257 -0.0110544 0.142519 177
201.633 -7.51377 0.0387264 15.1603 0.0126779 -0.0549555 -0.0171741 0.127092 178
202.845 -7.46559 0.0397406 15.1564 0.0114044 -0.0493407 -0.0159185 0.140868 179
204.056 -7.41631 0.040653 15.1536 0.0101973 -0.0342965 -0.0150888 0.14739 180
205.268 -7.36605 0.0414687 15.1511 0.0090786 -0.0314832 -0.0139838 0.137314 181
206.479 -7.31492 0.042195 15.15 0.00802587 -0.0136256 -0.013159 0.130893 182
207.689 -7.26302 0.0428371 15.1501 0.00706669 0.000882149 -0.0119898 0.13638 183
208.9 -7.21043 0.0434024 15.1506 0.00617169 0.00698566 -0.0111875 0.133765 184
210.111 -7.15725 0.0438962 15.1525 0.00533092 0.0231147 -0.0105096 0.131796 185
211.322 -7.10354 0.0443226 15.1549 0.00454458 0.0299096 -0.00982925 0.16802 186
212.533 -7.04938 0.0446862 15.1584 0.00380925 0.0440955 -0.00919166 0.138017 187
213.745 -6.99484 0.0449909 15.1624 0.00309195 0.0501633 -0.00896622 0.139287 188
214.957 -6.93998 0.0452383 15.1673 0.0023998 0.0611544 -0.00865194 0.120857 189
216.169 -6.88488 0.0454303 15.1725 0.0017087 0.0652313 -0.0086387 0.121507 190
217.381 -6.82959 0.045567 15.178 0.00102471 0.0681043 -0.00854993 0.136955 191
218.594 -6.77418 0.045649 15.1837 0.000337314 0.0715613 -0.00859244 0.130869 192
219.808 -6.71871 0.0456759 15.1897 -0.000348104 0.0744581 -0.00856773 0.126101 193
221.022 -6.66326 0.0456481 15.1958 -0.00104427 0.0770688 -0.00870205 0.135992 194
222.236 -6.60789 0.0455646 15.2016 -0.00174419 0.0719309 -0.00874898 0.162155 195
223.451 -6.55267 0.045425 15.2077 -0.00244867 0.0758767 -0.00880609 0.151586 196
224.666 -6.49766 0.0452291 15.2121 -0.00316803 0.0559092 -0.00899195 0.143873 197
225.882 -6.44294 0.0449757 15.2189 -0.00388499 0.0843644 -0.00896196 0.132375 198
227.098 -6.38858 0.0446649 15.225 -0.00461089 0.0764728 -0.00907379 0.133443 199
228.315 -6.33465 0.044296 15.2311 -0.00531482 0.076139 -0.00879913 0.136386 200
229.532 -6.28121 0.0438708 15.2376 -0.00601269 0.0817418 -0.00872343 0.176804 201
230.75 -6.22833 0.0433898 15.2442 -0.00670691 0.0823736 -0.00867766 0.239571 202
231.969 -6.17609 0.0428533 15.2513 -0.00737625 0.0882268 -0.00836673 0.267051 203
233.188 -6.12454 0.0422632 15.0397 -0.0133088 -2.64448 -0.0741571 0.285182 204
234.39 -6.07498 0.0411985 15.0563 -0.0133789 0.207472 -0.000875816 0.133194 205
235.593 -6.02666 0.0401281 15.0707 -0.0134217 0.179625 -0.000535254 0.222853 206
236.798 -5.97959 0.0390544 15.0856 -0.0134724 0.186467 -0.000633951 0.273004 207
238.004 -5.93376 0.0379766 14.7921 -0.0214228 -3.66834 -0.0993804 0.335631 208
239.187 -5.89086 0.0362628 14.8146 -0.0205866 0.280392 0.010453 0.271645 209
240.371 -5.84984 0.0346159 14.8365 -0.0197963 0.274622 0.00987949 0.12726 210
241.557 -5.81065 0.0330322 14.8779 -0.0200493 0.517201 -0.00316368 0.140043 211
242.747 -5.77324 0.0314282 14.9182 -0.0212076 0.503325 -0.0144782 0.16505 212
243.94 -5.73777 0.0297316 14.9588 -0.0222645 0.507665 -0.013211 0.150724 213
245.136 -5.70432 0.0279504 15.0022 -0.0231217 0.542367 -0.0107154 0.185978 214
246.336 -5.673 0.0261007 15.0498 -0.0237996 0.595546 -0.00847352 0.144951 215
247.54 -5.64387 0.0241967 15.0935 -0.0252164 0.546634 -0.0177095 0.167561 216
248.747 -5.61709 0.0221794 15.1401 -0.0265099 0.582302 -0.0161692 0.137172 217
249.958 -5.5928 0.0200586 15.1898 -0.0276493 0.620246 -0.0142432 0.146046 218
251.173 -5.57111 0.0178467 15.2428 -0.0286033 0.663376 -0.0119248 0.164844 219
252.392 -5.55214 0.0155584 15.2926 -0.0292512 0.622058 -0.00809871 0.139716 220
253.615 -5.53597 0.0132183 15.344 -0.0296297 0.642681 -0.00473047 0.19893 221
254.843 -5.52265 0.010848 15.4048 -0.0299548 0.760043 -0.00406476 0.232188 222
256.075 -5.51224 0.00845157 15.4647 -0.0301777 0.74898 -0.00278624 0.229351 223
257.312 -5.50477 0.00603735 15.5227 -0.0302981 0.724673 -0.00150446 0.199131 224
258.554 -5.50028 0.0036135 15.5778 -0.0303264 0.68928 -0.000354135 0.253074 225
259.8 -5.4988 0.00118739 15.6304 -0.0303326 0.656641 -7.69272e-05 0.274965 226
261.051 -5.50035 -0.00123922 15.4311 -0.0285652 -2.49133 0.0220924 0.352694 227
262.285 -5.5047 -0.00352443 15.2246 -0.025212 -2.58119 0.0419147 0.335256 228
263.503 -5.51145 -0.00554139 15.2846 -0.0256195 0.750995 -0.00509315 0.301051 229
264.726 -5.52073 -0.00759095 15.3419 -0.0260092 0.715566 -0.0048717 0.336616 230
265.953 -5.5326 -0.00967169 15.3982 -0.0263767 0.704455 -0.00459396 0.36095 231
267.185 -5.54712 -0.0117818 15.1338 -0.0268427 -3.30573 -0.00582449 0.414152 232
268.396 -5.56398 -0.0139292 14.8911 -0.0277999 -3.03322 -0.0119649 0.385383 233
269.587 -5.58322 -0.0161532 14.9671 -0.0276548 0.949132 0.00181317 0.401072 234
270.784 -5.60521 -0.0183656 15.0408 -0.0275514 0.921667 0.00129263 0.323621 235
271.987 -5.62996 -0.0205697 15.1128 -0.0274941 0.900137 0.000716839 0.358952 236
273.196 -5.65749 -0.0227692 15.1826 -0.0274548 0.872505 0.000490597 0.35546 237
274.41 -5.68781 -0.0249656 15.2444 -0.0274124 0.772393 0.000529457 0.3293 238
275.629 -5.72093 -0.0271586 15.31 -0.0272742 0.819695 0.0017277 0.35764 239
276.853 -5.75686 -0.0293406 15.3738 -0.0271977 0.797546 0.000956934 0.414567 240
278.082 -5.79561 -0.0315164 15.435 -0.0271312 0.76468 0.000831485 0.388647 241
279.317 -5.8372 -0.0336869 15.494 -0.0270794 0.737953 0.000647595 0.346527 242
280.555 -5.88163 -0.0358532 15.5467 -0.0270147 0.658727 0.000808761 0.35294 243
281.798 -5.9289 -0.0380144 15.5989 -0.0269901 0.65248 0.000306638 0.289719 244
283.045 -5.97902 -0.0401736 15.5912 -0.0299243 -0.0965476 -0.0366776 0.331758 245
284.291 -6.0321 -0.0425675 15.624 -0.030149 0.410426 -0.00280899 0.334693 246
285.54 -6.0883 -0.0449795 15.6601 -0.0306597 0.451469 -0.00638356 0.34002 247
286.791 -6.1477 -0.0474323 15.6973 -0.0312607 0.464308 -0.00751244 0.35271 248
288.045 -6.21038 -0.0499331 15.7352 -0.0310363 0.47462 0.00280566 0.358919 249
289.303 -6.27633 -0.052416 15.7864 -0.0292975 0.639284 0.0217343 0.323056 250
290.564 -6.34545 -0.0547598 15.8354 -0.0275678 0.613463 0.0216222 0.33849 251
291.828 -6.41758 -0.0569652 15.8823 -0.0257389 0.586081 0.0228611 0.31536 252
293.097 -6.49253 -0.0590243 15.9235 -0.0240688 0.51502 0.0208755 0.344192 253
294.368 -6.57013 -0.0609499 15.9624 -0.0223981 0.485408 0.0208845 0.33679 254
295.643 -6.6502 -0.0627417 15.9987 -0.0206908 0.454235 0.0213407 0.418025 255
296.92 -6.73256 -0.064397 16.0323 -0.0189553 0.419295 0.0216941 0.325144 256
298.2 -6.81704 -0.0659134 16.0626 -0.0171696 0.379729 0.022321 0.335468 257
299.482 -6.90344 -0.067287 16.0892 -0.0153374 0.331712 0.0229023 0.360828 258
300.766 -6.99155 -0.0685139 16.1126 -0.0134808 0.29242 0.023208 0.409533 259
302.052 -7.08119 -0.0695924 16.1383 -0.011526 0.32208 0.0244346 0.380627 260
303.34 -7.17215 -0.0705145 16.1628 -0.00953213 0.306439 0.0249234 0.367779 261
304.629 -7.26424 -0.0712771 16.007 -0.0146019 -1.94776 -0.0633725 0.452705 262
305.907 -7.35693 -0.0724452 16.0541 -0.0123414 0.588965 0.0282562 0.416523 263
307.188 -7.45115 -0.0734325 15.9162 -0.0130103 -1.72369 -0.00836025 0.362092 264
308.457 -7.54589 -0.0744734 15.9086 -0.0117051 -0.0958324 0.0163146 0.386661 265
309.726 -7.64177 -0.0754098 15.9927 -0.0092863 1.05215 0.0302349 0.379714 266
311.002 -7.73911 -0.0761527 16.0734 -0.00723306 1.0082 0.0256656 0.314073 267
312.284 -7.83768 -0.0767313 16.0862 -0.00497843 0.159812 0.0281828 0.40431 268
313.567 -7.93684 -0.0771296 16.1027 -0.00270447 0.206113 0.0284245 0.362633 269
314.852 -8.03638 -0.0773459 16.1252 -0.000547653 0.281382 0.0269602 0.364856 270
316.138 -8.13611 -0.0773897 16.1463 0.00170283 0.264359 0.0281311 0.335863 271
317.426 -8.2358 -0.0772535 16.1629 0.00406566 0.207424 0.0295353 0.354593 272
318.715 -8.33518 -0.0769283 16.1741 0.00655155 0.139308 0.0310736 0.412789 273
320.005 -8.43394 -0.0764041 16.1791 0.00921915 0.0632286 0.033345 0.380624 274
321.296 -8.53179 -0.0756666 16.1783 0.0119974 -0.0100136 0.0347276 0.401829 275
322.586 -8.62839 -0.0747068 16.177 0.0147097 -0.0161409 0.0339043 0.439031 276
323.877 -8.72346 -0.07353 16.1647 0.0176569 -0.154281 0.0368399 0.381476 277
325.167 -8.81664 -0.0721175 16.1516 0.0205087 -0.163436 0.0356479 0.384995 278
326.456 -8.90763 -0.0704768 16.1363 0.0233096 -0.191784 0.0350116 0.414779 279
327.744 -8.99613 -0.068612 16.1194 0.0259721 -0.211549 0.033281 0.369199 280
329.03 -9.08187 -0.0665343 15.9451 0.0303961 -2.17832 0.0552996 0.451634 281
330.303 -9.16358 -0.0641026 15.8523 0.0343193 -1.1598 0.0490395 0.484554 282
331.569 -9.24134 -0.061357 15.8006 0.0371687 -0.646317 0.0356183 0.406932 283
332.831 -9.3151 -0.0583835 15.7687 0.0392222 -0.398576 0.0256692 0.472612 284
334.09 -9.38476 -0.0552458 15.7576 0.0408727 -0.139236 0.0206308 0.369316 285
335.349 -9.45025 -0.0519759 15.7077 0.0418252 -0.622916 0.0119059 0.400305 286
336.605 -9.51134 -0.0486299 15.712 0.0426193 0.0532508 0.00992673 0.440788 287
337.86 -9.56816 -0.0452204 15.7036 0.0429176 -0.10457 0.00372785 0.391306 288
339.115 -9.62064 -0.041787 15.7046 0.0426056 0.011754 -0.00389935 0.432449 289
340.371 -9.66884 -0.0383785 15.7017 0.04175 -0.0358343 -0.0106957 0.397653 290
341.626 -9.71285 -0.0350385 15.6741 0.0403469 -0.345051 -0.0175384 0.580687 291
342.879 -9.75273 -0.0318108 15.6478 0.0387576 -0.328314 -0.0198657 0.413783 292
344.131 -9.78866 -0.0287102 15.6231 0.0370092 -0.309014 -0.0218547 0.435862 293
345.38 -9.82084 -0.0257494 15.5996 0.0351301 -0.293517 -0.0234888 0.513506 294
346.628 -9.84947 -0.022939 15.577 0.0331355 -0.283229 -0.0249325 0.432137 295
347.874 -9.87475 -0.0202882 15.5558 0.0310196 -0.264466 -0.0264493 0.430782 296
349.118 -9.89691 -0.0178066 15.5354 0.0288688 -0.254703 -0.0268852 0.42887 297
350.361 -9.91617 -0.0154971 15.5161 0.0267 -0.241375 -0.0271095 0.4892 298
351.602 -9.93275 -0.0133611 15.501 0.0245447 -0.189185 -0.0269409 0.536981 299
352.842 -9.94689 -0.0113975 15.4168 0.0214148 -1.05308 -0.0391248 0.387466 300
354.075 -9.95883 -0.00968434 15.4782 0.0195434 0.767469 -0.0233918 0.3747 301
355.313 -9.96888 -0.00812087 15.5176 0.0177007 0.493562 -0.0230343 0.410271 302
356.555 -9.97721 -0.00670481 15.5465 0.0162298 0.360167 -0.0183858 0.460789 303
357.798 -9.98393 -0.00540643 15.5752 0.0148034 0.359774 -0.0178306 0.380573 304
359.044 -9.98919 -0.00422216 15.5989 0.0137232 0.296021 -0.013502 0.33688 305
360.292 -9.99309 -0.0031243 15.5784 0.0119195 -0.256729 -0.0225457 0.32127 306
361.539 -9.9958 -0.00217074 15.5585 0.0102654 -0.248361 -0.0206769 0.295951 307
362.783 -9.99748 -0.00134951 15.5392 0.00875222 -0.240874 -0.0189146 0.309759 308
364.026 -9.99828 -0.000649331 15.5205 0.00737152 -0.234091 -0.0172588 0.314387 309
365.268 -9.99836 -5.96088e-05 15.5023 0.00611546 -0.22788 -0.0157008 0.293836 310
366.508 -9.99783 0.000429628 15.4845 0.00497718 -0.222087 -0.0142284 0.296823 311
367.747 -9.9968 0.000827803 15.4672 0.00394889 -0.216568 -0.0128536 0.267332 312
368.984 -9.99539 0.00114371 15.4503 0.00302463 -0.210857 -0.0115533 0.261919 313
370.22 -9.99367 0.00138568 15.448 0.0021699 -0.028646 -0.0106842 0.294616 314
371.456 -9.99174 0.00155928 15.4314 0.00143997 -0.207913 -0.00912405 0.300193 315
372.691 -9.98968 0.00167447 15.4149 0.000797783 -0.205755 -0.00802738 0.2633 316
373.924 -9.98753 0.0017383 15.4358 0.00143894 0.260234 0.00801443 0.30829 317
375.159 -9.98525 0.00185341 15.342 -0.00102393 -1.17155 -0.0307859 0.296106 318
376.386 -9.98307 0.0017715 15.3812 0.000622168 0.489581 0.0205762 0.277604 319
377.617 -9.98083 0.00182127 15.412 0.00223223 0.385201 0.0201257 0.265274 320
378.85 -9.97836 0.00199985 15.3965 0.0015142 -0.193465 -0.00897536 0.245977 321
380.081 -9.97575 0.00212098 15.3815 0.000875602 -0.188398 -0.00798243 0.242311 322
381.312 -9.97306 0.00219103 15.3672 0.000297037 -0.17873 -0.00723207 0.285166 323
382.541 -9.97033 0.0022148 15.3533 -0.000214928 -0.173724 -0.00639956 0.276861 324
383.77 -9.96763 0.0021976 15.3398 -0.000652588 -0.168407 -0.00547074 0.251985 325
384.997 -9.965 0.00214539 15.3267 -0.00102727 -0.163221 -0.00468352 0.248844 326
386.223 -9.96247 0.00206321 15.3144 -0.0013501 -0.153673 -0.00403535 0.245999 327
387.448 -9.96008 0.0019552 15.3026 -0.00161493 -0.148571 -0.00331035 0.247322 328
388.672 -9.95784 0.00182601 15.2911 -0.00182589 -0.143468 -0.00263705 0.330809 329
389.896 -9.95579 0.00167994 15.3125 -0.00277523 0.267816 -0.0118667 0.343524 330
391.121 -9.954 0.00145792 15.3254 -0.00319363 0.161183 -0.00523005 0.462713 331
392.347 -9.95253 0.00120243 15.3116 -0.00314167 -0.171971 0.000649592 0.545638 332
393.571 -9.95136 0.000951097 15.2995 -0.00306373 -0.152159 0.000974158 0.39936 333
394.795 -9.9505 0.000705999 15.288 -0.00296044 -0.143635 0.00129115 0.38225 334
396.018 -9.94992 0.000469163 15.2463 -0.00368068 -0.521612 -0.00900297 0.431976 335
397.238 -9.94971 0.000174709 14.9263 -0.00255069 -4 0.0141248 0.369889 336
398.432 -9.94974 -2.93464e-05 14.8834 -0.00315559 -0.535452 -0.00756122 0.411795 337
399.623 -9.95008 -0.000281794 14.9391 -0.0029963 0.696147 0.00199115 0.368891 338
400.818 -9.9507 -0.000521498 15.0113 -0.00394231 0.902462 -0.0118252 0.343064 339
402.019 -9.95171 -0.000836882 15.0638 -0.00408174 0.656366 -0.00174289 0.566309 340
403.224 -9.95311 -0.00116342 15.1089 -0.0038753 0.56411 0.00258058 0.464027 341
404.433 -9.95489 -0.00147345 15.1489 -0.00342985 0.498939 0.00556813 0.587873 342
405.645 -9.95701 -0.00174783 15.1907 -0.00310691 0.523245 0.00403669 0.508184 343
406.86 -9.95944 -0.00199639 15.2279 -0.00253033 0.464261 0.00720722 0.464895 344
408.078 -9.96211 -0.00219881 15.2628 -0.00198706 0.436687 0.00679086 0.456267 345
409.299 -9.96499 -0.00235778 15.2923 -0.00111853 0.368392 0.0108567 0.744982 346
410.523 -9.96799 -0.00244726 15.317 3.391e-05 0.308704 0.0144055 0.639407 347
411.748 -9.97098 -0.00244455 15.3034 0.0005907 -0.169134 0.00695988 0.611428 348
412.972 -9.97392 -0.00239729 15.2901 0.00103298 -0.167012 0.00552844 0.56466 349
414.195 -9.97675 -0.00231465 15.2777 0.00137731 -0.154996 0.00430414 0.584348 350
415.418 -9.97944 -0.00220447 15.2655 0.00163823 -0.151873 0.00326149 0.579592 351
416.639 -9.98197 -0.00207341 15.2541 0.0018189 -0.143313 0.00225842 0.566067 352
417.859 -9.98433 -0.0019279 15.2428 0.00193174 -0.140131 0.00141058 0.513073 353
419.079 -9.98649 -0.00177336 15.2324 0.00198053 -0.130892 0.000609874 0.645833 354
420.297 -9.98846 -0.00161492 15.2216 0.00199391 -0.134218 0.000167164 0.489718 355
421.515 -9.99023 -0.0014554 15.2119 0.00196232 -0.122106 -0.00039489 0.678039 356
422.732 -9.99181 -0.00129842 15.2024 0.00189961 -0.118864 -0.000783867 0.482979 357
423.948 -9.99321 -0.00114645 15.1931 0.00181066 -0.115538 -0.00111185 0.442939 358
425.164 -9.99442 -0.0010016 15.1841 0.00169668 -0.112164 -0.00142468 0.595268 359
426.378 -9.99547 -0.000865863 15.1754 0.00157013 -0.108767 -0.00158195 0.731637 360
427.592 -9.99637 -0.000740252 15.1674 0.0014353 -0.100493 -0.00168536 0.643397 361
428.806 -9.99713 -0.000625428 15.1582 0.00129347 -0.114644 -0.00177285 2.68129 362
430.018 -9.99776 -0.000521951 15.0208 0.00148654 -1.71782 0.00241331 2.75379 363
431.22 -9.99825 -0.000403028 14.7752 0.00388726 -3.06968 0.030009 1.65024 364
432.402 -9.99836 -9.20471e-05 14.5506 0.00502123 -2.80808 0.0141747 1.04254 365
433.566 -9.998 0.000309651 14.3731 0.00453862 -2.2185 -0.00603264 0.43668 366
434.716 -9.99722 0.000672741 14.2376 0.00485592 -1.69377 0.00396629 0.402424 367
435.855 -9.99601 0.00106121 14.1977 0.00339016 -0.498319 -0.018322 0.35911 368
436.991 -9.9945 0.00133243 14.2222 0.00171781 0.306237 -0.0209043 0.342854 369
438.129 -9.99283 0.00146985 14.2718 0.000403138 0.620043 -0.0164335 0.388947 370
439.27 -9.99111 0.0015021 14.3276 -0.000228712 0.697148 -0.00789813 0.377873 371
440.416 -9.98941 0.00148381 14.3779 -0.000642772 0.628638 -0.00517575 0.385972 372
441.567 -9.98777 0.00143239 14.42 -0.00105992 0.526285 -0.00521435 0.408267 373
442.72 -9.98621 0.00134759 14.4348 -0.00127172 0.185299 -0.00264756 0.378915 374
443.875 -9.98477 0.00124585 14.4493 -0.00143287 0.180733 -0.00201438 0.401381 375
445.031 -9.98347 0.00113122 14.4634 -0.0015485 0.175941 -0.00144532 0.388644 376
446.188 -9.9823 0.00100734 14.477 -0.00162357 0.170922 -0.000938366 0.420609 377
447.346 -9.98128 0.000877458 14.3909 0.0075072 -1.07675 0.114135 0.432371 378
448.497 -9.97958 0.00147803 14.3208 0.015569 -0.876379 0.100772 0.299279 379
449.643 -9.97646 0.00272355 14.261 0.0222123 -0.747561 0.0830416 0.309828 380
450.784 -9.97133 0.00450054 14.2092 0.0276379 -0.647533 0.0678201 0.296637 381
451.921 -9.9637 0.00671157 14.1639 0.0321625 -0.565755 0.056557 0.256107 382
453.054 -9.95318 0.00928457 14.1259 0.0359292 -0.474978 0.0470838 0.292941 383
454.184 -9.93944 0.0121589 14.0923 0.0390468 -0.419915 0.0389704 0.310585 384
455.311 -9.92221 0.0152826 14.0619 0.0415982 -0.380182 0.031892 0.290859 385
456.436 -9.90127 0.0186105 14.0632 0.0359339 0.0162959 -0.0708036 0.310762 386
457.561 -9.8771 0.0214852 14.08 0.0303675 0.210023 -0.0695801 0.319427 387
458.687 -9.85017 0.0239146 14.096 0.0251509 0.199437 -0.0652069 0.328187 388
459.814 -9.82093 0.0259267 14.1116 0.0202638 0.195861 -0.0610888 0.308691 389
460.942 -9.78984 0.0275478 14.1262 0.0157179 0.181782 -0.0568239 0.271853 390
462.072 -9.75729 0.0288052 14.1405 0.0114901 0.178897 -0.0528478 0.306219 391
463.203 -9.72367 0.0297244 14.1548 0.00750815 0.179255 -0.0497741 0.331837 392
464.335 -9.68934 0.0303251 14.1689 0.00380153 0.175631 -0.0463328 0.29481 393
465.468 -9.65462 0.0306292 13.8489 -0.000382838 -4 -0.0523046 0.332595 394
466.575 -9.62073 0.0305986 13.5289 -0.0148371 -4 -0.180678 0.356263 395
467.657 -9.5889 0.0294116 13.2089 -0.0205667 -4 -0.0716206 0.317102 396
468.713 -9.55956 0.0277663 13.157 -0.0218314 -0.647998 -0.0158083 0.322659 397
469.765 -9.53218 0.0260198 13.2547 -0.0233494 1.22029 -0.0189752 0.361359 398
470.826 -9.50657 0.0241518 13.373 -0.0244461 1.4786 -0.013708 0.296181 399
471.895 -9.48283 0.0221961 13.4685 -0.0249462 1.19451 -0.00625222 0.336123 400
472.972 -9.46106 0.0202004 13.5481 -0.0244997 0.99442 0.00558218 0.366041 401
474.056 -9.44129 0.0182404 13.6276 -0.0241076 0.993729 0.00490018 0.350376 402
475.146 -9.42351 0.0163118 13.7078 -0.0237269 1.00259 0.00475941 0.283385 403
476.243 -9.40771 0.0144137 13.7839 -0.0231171 0.951576 0.00762227 0.322029 404
477.345 -9.39385 0.0125643 13.8149 -0.0228655 0.387895 0.00314491 0.339535 405
478.45 -9.38199 0.0107351 13.8453 -0.0225278 0.379121 0.00422155 0.353927 406
479.558 -9.37209 0.00893285 13.8751 -0.0221166 0.372899 0.00513957 0.305842 407
480.668 -9.36414 0.00716352 13.904 -0.0216214 0.361609 0.00619064 0.331134 408
481.78 -9.3581 0.00543381 13.9323 -0.0210556 0.353205 0.0070716 0.29013 409
482.895 -9.35392 0.00374936 13.9599 -0.0204247 0.344992 0.00788737 0.348443 410
484.012 -9.35156 0.00211539 13.9868 -0.0197336 0.336957 0.00863818 0.304887 411
485.13 -9.35096 0.000536702 14.0132 -0.0189877 0.329137 0.00932424 0.366519 412
486.252 -9.35206 -0.000982311 14.0389 -0.018192 0.321531 0.00994576 0.374264 413
487.375 -9.35479 -0.00243767 14.064 -0.0173522 0.31414 0.0104971 0.331056 414
488.5 -9.3591 -0.00382585 14.0886 -0.0164738 0.306952 0.010981 0.28957 415
489.627 -9.3649 -0.00514375 14.1126 -0.0155617 0.300002 0.011401 0.368679 416
490.756 -9.37211 -0.00638869 14.136 -0.0146211 0.293267 0.0117574 0.289363 417
491.887 -9.38066 -0.00755837 14.159 -0.013657 0.286746 0.0120505 0.3455 418
493.019 -9.39046 -0.00865094 14.1814 -0.0126746 0.28044 0.0122805 0.301483 419
494.154 -9.40142 -0.0096649 14.2034 -0.0116788 0.274336 0.0124479 0.33798 420
495.29 -9.41346 -0.0105992 14.2248 -0.0106746 0.268435 0.0125528 0.285619 421
496.428 -9.4265 -0.0114532 14.2459 -0.00966691 0.262737 0.0125955 0.308055 422
497.568 -9.44043 -0.0122265 14.2664 -0.00865964 0.25723 0.0125909 0.328072 423
498.709 -9.45518 -0.0129193 14.2866 -0.00765721 0.251687 0.0125304 0.322115 424
499.852 -9.47064 -0.0135319 14.3062 -0.00666453 0.245893 0.0124084 0.359867 425
500.996 -9.48674 -0.014065 14.3254 -0.00568638 0.240004 0.0122269 0.314721 426
502.142 -9.50338 -0.0145199 14.3443 -0.00474074 0.235879 0.0118205 0.354367 427
503.289 -9.52047 -0.0148992 14.3629 -0.0038288 0.231934 0.0113993 0.305988 428
504.438 -9.53794 -0.0152055 14.3811 -0.00294989 0.227773 0.0109864 0.335655 429
505.589 -9.55571 -0.0154415 14.399 -0.00210358 0.223756 0.0105788 0.326627 430
506.74 -9.57369 -0.0156098 14.4162 -0.00128949 0.215077 0.0101762 0.316316 431
507.893 -9.59181 -0.0157129 14.4331 -0.000511692 0.210702 0.00972243 0.325285 432
509.048 -9.61 -0.0157539 14.4508 0.000228539 0.221705 0.00925289 0.333564 433
510.204 -9.62819 -0.0157356 14.4675 0.000922072 0.208652 0.00866916 0.31892 434
511.361 -9.64632 -0.0156618 14.4829 0.00158727 0.192177 0.00831492 0.310764 435
512.52 -9.66432 -0.0155348 14.4975 0.00221243 0.183177 0.00781459 0.306597 436
513.679 -9.68213 -0.0153579 14.5115 0.00279626 0.17457 0.00729779 0.28832 437
514.84 -9.6997 -0.0151342 14.5251 0.00333617 0.169718 0.00674889 0.320429 438
516.002 -9.71697 -0.0148673 14.5379 0.00383605 0.161147 0.00624859 0.287098 439
517.165 -9.7339 -0.0145604 14.5502 0.00429499 0.152779 0.0057367 0.300956 440
518.329 -9.75045 -0.0142168 14.562 0.00470926 0.14801 0.00517837 0.321609 441
519.494 -9.76657 -0.01384 14.5732 0.00508215 0.139928 0.00466109 0.340364 442
520.659 -9.78224 -0.0134335 14.5838 0.00541339 0.132155 0.00414054 0.324493 443
521.826 -9.7974 -0.0130004 14.5938 0.00570297 0.124729 0.00361975 0.33153 444
522.993 -9.81205 -0.0125442 14.6557 0.00750116 0.774527 0.0224774 0.333227 445
524.166 -9.82605 -0.0119441 14.6989 0.00949976 0.539994 0.0249825 0.311403 446
525.342 -9.8392 -0.0111841 14.59 0.00798537 -1.36092 -0.0189299 0.475517 447
526.509 -9.85151 -0.0105453 14.5938 0.00701763 0.0473619 -0.0120967 0.510361 448
527.676 -9.86317 -0.00998384 14.6276 0.007021 0.421739 4.20376e-05 0.511674 449
528.846 -9.87419 -0.00942216 14.6339 0.00682936 0.0796318 -0.00239543 0.636076 450
530.017 -9.88458 -0.00887581 14.625 0.0126157 -0.112116 0.0723297 0.47454 451
531.187 -9.89379 -0.00786655 14.6077 0.0185339 -0.215971 0.0739765 0.313303 452
532.356 -9.90125 -0.00638384 14.583 0.0243012 -0.308156 0.0720922 0.33048 453
533.522 -9.90643 -0.00443975 14.5429 0.0307972 -0.501966 0.0811991 0.31256 454
534.686 -9.90873 -0.00197597 14.4827 0.0375808 -0.752699 0.0847948 0.271483 455
535.844 -9.90753 0.00103049 14.3985 0.0421898 -1.0524 0.0576128 0.294378 456
536.996 -9.90246 0.00440567 14.2041 0.04102 -2.42918 -0.0146226 0.243625 457
538.132 -9.89372 0.00768727 14.0874 0.0409265 -1.45875 -0.00116839 0.278241 458
539.259 -9.88137 0.0109614 14.0172 0.0488364 -0.878525 0.0988738 0.249288 459
540.381 -9.8647 0.0148683 13.9404 0.054589 -0.959492 0.071907 0.270915 460
541.496 -9.84325 0.0192354 13.7828 0.0567041 -1.96985 0.0264393 0.307892 461
542.598 -9.81704 0.0237717 13.6248 0.0545931 -1.9757 -0.026388 0.319501 462
543.687 -9.78637 0.0281392 13.4231 0.0517287 -2.52023 -0.0358039 0.313327 463
544.761 -9.75171 0.0322775 13.2607 0.0500124 -2.03022 -0.0214543 0.330022 464
545.821 -9.71324 0.0362785 13.1852 0.0430585 -0.944579 -0.0869233 0.381738 465
546.875 -9.67135 0.0397232 13.0808 0.0439663 -1.30479 0.011347 0.322064 466
547.92 -9.62611 0.0432405 13.0371 0.0373589 -0.54611 -0.0825923 0.347163 467
548.962 -9.57791 0.0462292 12.9352 0.0391123 -1.27399 0.0219175 0.326687 468
549.996 -9.52686 0.0493582 12.8181 0.0313993 -1.4636 -0.0964131 0.316125 469
551.02 -9.47369 0.0518701 12.7174 0.0339243 -1.25901 0.0315623 0.342881 470
552.036 -9.41819 0.054584 12.6504 0.0273171 -0.837088 -0.0825897 0.301928 471
553.046 -9.36077 0.0567694 12.4793 0.0284117 -2.13907 0.0136821 0.339498 472
554.043 -9.30186 0.0590423 12.2664 0.0190251 -2.66041 -0.117332 0.361453 473
555.022 -9.24246 0.0605644 11.9464 0.022045 -4 0.0377488 0.357176 474
555.976 -9.18293 0.062328 11.7807 0.0226601 -2.07207 0.00768919 0.429905 475
556.917 -9.12252 0.0641408 11.6838 0.0239955 -1.2109 0.0166917 0.372759 476
557.849 -9.06082 0.0660604 11.5391 0.0240182 -1.80846 0.000284519 0.370211 477
558.77 -8.99811 0.0679819 11.5041 0.0280612 -0.437975 0.0505376 0.363694 478
559.688 -8.93353 0.0702268 11.5543 0.0184834 0.627291 -0.119723 0.280901 479
560.61 -8.86731 0.0717054 11.6062 0.0097316 0.64888 -0.109397 0.391961 480
561.536 -8.80007 0.072484 11.3851 0.00463515 -2.76392 -0.0637057 0.310387 481
562.445 -8.73377 0.0728548 11.1861 -0.000602183 -2.48643 -0.0654667 0.335192 482
563.337 -8.66867 0.0728066 11.2337 0.00356678 0.595069 0.052112 0.293516 483
564.234 -8.60304 0.0730919 11.3001 -0.00348939 0.828934 -0.0882022 0.308414 484
565.135 -8.53728 0.0728128 11.3664 -0.00987671 0.829744 -0.0798415 0.288494 485
566.042 -8.47184 0.0720227 11.4349 -0.015582 0.855351 -0.0713155 0.279743 486
566.955 -8.40715 0.0707761 11.504 -0.0206744 0.864255 -0.0636551 0.317813 487
567.873 -8.34359 0.0691222 11.5731 -0.0251724 0.863433 -0.0562249 0.273546 488
568.797 -8.2815 0.0671084 11.6426 -0.0291176 0.86875 -0.0493157 0.323124 489
569.726 -8.22121 0.064779 11.7126 -0.0325739 0.875187 -0.0432039 0.34155 490
570.661 -8.16299 0.062173 11.5621 -0.0360292 -1.8814 -0.0431913 0.320395 491
571.584 -8.10818 0.0592907 11.2495 -0.0473846 -3.9078 -0.141943 0.351243 492
572.483 -8.05826 0.0554999 11.1545 -0.0542333 -1.1866 -0.0856083 0.391456 493
573.374 -8.01263 0.0511613 11.2358 -0.054091 1.01566 0.00177869 0.386792 494
574.272 -7.97054 0.046834 11.3284 -0.0538124 1.15739 0.00348254 0.347664 495
575.178 -7.93201 0.042529 11.4295 -0.0535342 1.26443 0.00347756 0.371064 496
576.091 -7.89705 0.0382463 11.5374 -0.0533786 1.3487 0.00194497 0.402976 497
577.014 -7.8657 0.033976 11.6486 -0.053421 1.38973 -0.00052955 0.353643 498
577.945 -7.83802 0.0297023 11.7586 -0.053675 1.37438 -0.00317604 0.377148 499
578.886 -7.81412 0.0254083 11.865 -0.0539776 1.33071 -0.00378196 0.385214 500
579.835 -7.79411 0.0210901 11.9672 -0.0540461 1.27734 -0.000856817 0.365164 501
580.792 -7.77805 0.0167664 12.0638 -0.0536986 1.20754 0.00434378 0.34742 502
581.757 -7.76602 0.0124705 12.1546 -0.0529101 1.13548 0.00985656 0.349019 503
582.729 -7.75801 0.00823769 12.242 -0.0517727 1.09215 0.0142182 0.361257 504
583.709 -7.754 0.00409588 12.3263 -0.0504358 1.05395 0.0167104 0.353311 505
584.695 -7.75394 6.10102e-05 12.412 -0.0490812 1.07099 0.0169323 0.321648 506
585.688 -7.75778 -0.00386549 12.4927 -0.047608 1.00809 0.0184162 0.332459 507
586.687 -7.76545 -0.00767413 12.5707 -0.0461292 0.975919 0.0184838 0.389768 508
587.693 -7.77687 -0.0113645 12.6476 -0.0446951 0.961411 0.0179265 0.379409 509
588.704 -7.79199 -0.0149401 12.7237 -0.0432341 0.950813 0.0182624 0.424306 510
589.722 -7.81072 -0.0183988 12.7974 -0.0417082 0.920665 0.0190746 0.358338 511
590.746 -7.83297 -0.0217355 12.5953 -0.0437812 -2.52514 -0.0259127 0.386953 512
591.753 -7.8584 -0.025238 12.4501 -0.0428185 -1.81557 0.0120331 0.38926 513
592.748 -7.88694 -0.0286634 12.1602 -0.0510037 -3.62376 -0.102315 0.368954 514
593.721 -7.91879 -0.0327437 11.8985 -0.0564314 -3.27125 -0.0678465 0.382047 515
594.672 -7.95425 -0.0372582 11.9085 -0.0505276 0.124872 0.0737975 0.419507 516
595.624 -7.99358 -0.0413005 11.9095 -0.0435462 0.0121713 0.0872683 0.441311 517
596.576 -8.03624 -0.0447842 11.9113 -0.0374621 0.0233531 0.0760505 0.455823 518
597.527 -8.08175 -0.0477811 11.7565 -0.0361056 -1.93594 0.016957 0.446091 519
598.467 -8.12938 -0.0506696 11.7902 -0.0308624 0.42218 0.0655399 0.450296 520
599.409 -8.17948 -0.0531386 11.8806 -0.0260432 1.12942 0.0602397 0.443003 521
600.358 -8.23194 -0.055222 11.63 -0.0133531 -3.13237 0.158626 0.459952 522
