1.2 10 0 14.917 -0.0144689 -1.03716 -0.180862 0.099082 1
2.39336 9.99862 -0.00115752 15.0561 -0.0230655 1.73887 -0.107457 0.100484 2
3.59785 9.995 -0.00300276 15.162 -0.0314141 1.32346 -0.104357 0.113215 3
4.81079 9.98831 -0.00551588 15.2325 -0.0393654 0.881207 -0.0993918 0.104822 4
6.02934 9.97775 -0.00866512 15.2656 -0.0469406 0.413203 -0.0946901 0.101847 5
7.2505 9.96258 -0.0124204 15.2598 -0.0545059 -0.0721335 -0.0945652 0.106237 6
8.47111 9.9421 -0.0167808 15.2492 -0.0612154 -0.131893 -0.0838687 0.104046 7
9.69076 9.91566 -0.0216781 15.2409 -0.066986 -0.104034 -0.0721334 0.107578 8
10.9096 9.88269 -0.0270369 15.2335 -0.0718843 -0.0923872 -0.0612281 0.112266 9
12.1276 9.84274 -0.0327877 15.2057 -0.0763636 -0.348306 -0.0559916 0.115295 10
13.3431 9.79544 -0.0388968 15.1458 -0.080714 -0.748515 -0.0543803 0.112176 11
14.5536 9.7405 -0.0453539 15.0475 -0.0851572 -1.22912 -0.0555402 0.114051 12
15.7557 9.67774 -0.0521665 14.9242 -0.0894013 -1.54121 -0.0530506 0.109272 13
16.9476 9.60695 -0.0593186 14.7918 -0.0931484 -1.65496 -0.0468391 0.103749 14
18.1283 9.528 -0.0667705 14.6605 -0.0962542 -1.64123 -0.038822 0.104646 15
19.2978 9.44074 -0.0744708 14.5394 -0.0985838 -1.51352 -0.0291198 0.101329 16
20.4571 9.34505 -0.0823575 14.4357 -0.100034 -1.29658 -0.0181231 0.106272 17
21.6072 9.24084 -0.0903602 14.3546 -0.100592 -1.01322 -0.00698278 0.118188 18
22.75 9.12802 -0.0984076 14.2834 -0.100481 -0.889623 0.00139615 0.118297 19
23.8862 9.00661 -0.106446 14.2125 -0.100015 -0.886083 0.00582356 0.105301 20
25.0158 8.87677 -0.114447 14.1399 -0.0992323 -0.908351 0.00977945 0.106312 21
26.1385 8.73867 -0.122386 14.0698 -0.0981284 -0.875425 0.013799 0.102936 22
27.2546 8.5925 -0.130236 14.0005 -0.0966967 -0.866234 0.0178957 0.102366 23
28.364 8.43845 -0.137972 13.9347 -0.0948459 -0.823152 0.0231353 0.157377 24
29.467 8.27676 -0.145559 13.874 -0.092557 -0.758171 0.0286113 0.104371 25
30.5639 8.10764 -0.152964 13.8379 -0.0896608 -0.451243 0.0362027 0.104125 26
31.6568 7.93112 -0.160137 13.8117 -0.0862961 -0.328386 0.0420579 0.103765 27
32.7463 7.74741 -0.167041 13.794 -0.0825413 -0.220323 0.0469354 0.103806 28
33.8333 7.55675 -0.173644 13.7825 -0.0785053 -0.144053 0.0504499 0.10267 29
34.9181 7.35943 -0.179924 13.7713 -0.0744802 -0.140715 0.0503141 0.102708 30
36.0008 7.15583 -0.185883 13.7512 -0.070791 -0.25028 0.0461143 0.106491 31
37.0808 6.94639 -0.191546 13.7239 -0.0673479 -0.342 0.0430393 0.105547 32
38.1575 6.73157 -0.196934 13.6902 -0.0640691 -0.421524 0.0409847 0.104435 33
39.2304 6.51178 -0.202059 13.6536 -0.0609621 -0.457501 0.0388383 0.105913 34
40.2994 6.28735 -0.206936 13.6146 -0.0579471 -0.487065 0.0376871 0.103166 35
41.3643 6.05863 -0.211572 13.5746 -0.0549294 -0.499284 0.037721 0.103062 36
42.425 5.82592 -0.215966 13.5352 -0.0518648 -0.492895 0.0383079 0.103294 37
43.4817 5.58949 -0.220116 13.4971 -0.0486782 -0.476575 0.0398321 0.104545 38
44.5345 5.34963 -0.22401 13.4621 -0.0453063 -0.437391 0.0421483 0.104792 39
45.5837 5.10659 -0.227634 13.4292 -0.0417729 -0.41095 0.0441686 0.105995 40
46.6295 4.86064 -0.230976 13.399 -0.0380334 -0.377512 0.0467431 0.127075 41
47.6722 4.61207 -0.234019 13.3758 -0.034081 -0.290668 0.0494055 0.142743 42
48.7124 4.3611 -0.236745 13.3565 -0.0299123 -0.240624 0.0521086 0.10414 43
49.7505 4.10801 -0.239138 13.3428 -0.0254804 -0.171185 0.055399 0.103175 44
50.787 3.85306 -0.241177 13.3359 -0.0208997 -0.0863552 0.0572581 0.103919 45
51.8226 3.59651 -0.242849 13.3256 -0.0164121 -0.129366 0.0560953 0.101309 46
52.857 3.3388 -0.244162 13.3165 -0.011908 -0.113034 0.0563013 0.102883 47
53.8905 3.08028 -0.245114 13.3209 -0.00714679 0.0543594 0.0595149 0.104767 48
54.9242 2.82109 -0.245686 13.337 -0.00226396 0.201404 0.0610353 0.102045 49
55.959 2.56139 -0.245867 13.3653 0.00259471 0.354445 0.0607334 0.105097 50
56.9962 2.30136 -0.24566 13.4012 0.00736561 0.448775 0.0596363 0.100094 51
58.0362 2.04124 -0.24507 13.4459 0.0119912 0.558245 0.0578197 0.101369 52
59.08 1.78126 -0.244111 13.4974 0.0163991 0.64317 0.055099 0.100576 53
60.1281 1.52165 -0.242799 13.5524 0.0205695 0.687873 0.0521296 0.103895 54
61.181 1.26272 -0.241154 13.6131 0.0244716 0.759351 0.0487769 0.109086 55
62.239 1.00471 -0.239196 13.6768 0.0280712 0.79577 0.0449944 0.103145 56
63.3026 0.747867 -0.23695 13.7421 0.0313791 0.81594 0.0413488 0.110993 57
64.3719 0.492486 -0.23444 13.8058 0.0344045 0.797105 0.0378182 0.101272 58
65.4468 0.238878 -0.231687 13.8644 0.0371876 0.731945 0.0347887 0.108318 59
66.5271 -0.0125926 -0.228712 13.9211 0.0396685 0.709283 0.0310109 0.106112 60
67.6126 -0.261649 -0.225539 13.9758 0.0418813 0.68289 0.0276595 0.103385 61
68.7031 -0.508031 -0.222188 14.0282 0.0438547 0.655782 0.024668 0.10287 62
69.7987 -0.751495 -0.21868 14.0783 0.0456098 0.625324 0.0219386 0.106962 63
70.899 -0.991814 -0.215031 14.1252 0.0471556 0.586224 0.0193224 0.10187 64
72.0039 -1.22877 -0.211259 14.1699 0.0484627 0.559604 0.016339 0.104977 65
73.1132 -1.46217 -0.207382 14.213 0.0495857 0.537992 0.0140372 0.103233 66
74.2268 -1.69187 -0.203415 14.2521 0.0505516 0.489664 0.0120735 0.105517 67
75.3444 -1.91769 -0.199371 14.2913 0.0513537 0.490081 0.0100265 0.104103 68
76.466 -2.13951 -0.195263 14.3284 0.0519844 0.462973 0.00788337 0.104889 69
77.5914 -2.35724 -0.191104 14.3654 0.0524454 0.46314 0.00576298 0.102885 70
78.7206 -2.57079 -0.186908 14.4007 0.0527795 0.440347 0.00417591 0.102176 71
79.8535 -2.78009 -0.182686 14.4332 0.0529735 0.406611 0.00242474 0.102882 72
80.9898 -2.98504 -0.178448 14.4639 0.0530546 0.384104 0.00101482 0.103423 73
82.1294 -3.1856 -0.174204 14.4945 0.0530317 0.382793 -0.000286568 0.101939 74
83.2722 -3.38173 -0.169961 14.5226 0.0528996 0.350857 -0.00165119 0.140282 75
84.4181 -3.5734 -0.165729 14.5497 0.0526782 0.338328 -0.0027684 0.100463 76
85.5669 -3.76058 -0.161515 14.5748 0.0523678 0.31383 -0.00387924 0.13072 77
86.7185 -3.94326 -0.157325 14.4186 0.0441488 -1.95208 -0.102737 0.101433 78
87.8584 -4.11996 -0.153793 14.2406 0.035746 -2.22505 -0.105036 0.103075 79
88.9847 -4.29126 -0.150934 14.051 0.0276535 -2.37023 -0.101156 0.106183 80
90.0964 -4.45782 -0.148722 13.8609 0.0202612 -2.37617 -0.092403 0.108602 81
91.1933 -4.62035 -0.147101 13.6789 0.0137422 -2.27547 -0.0814883 0.107282 82
92.2759 -4.77955 -0.146001 13.5091 0.00834203 -2.1222 -0.0675017 0.103771 83
93.3453 -4.93606 -0.145334 13.4505 -0.0157929 -0.732887 -0.301686 0.111631 84
94.4098 -5.09324 -0.146597 13.3205 -0.0270121 -1.62464 -0.140241 0.109543 85
95.4636 -5.25118 -0.148758 13.2712 -0.0288203 -0.615597 -0.0226023 0.111274 86
96.5132 -5.41096 -0.151064 13.2671 -0.0246119 -0.0512481 0.0526048 0.109921 87
97.5622 -5.57275 -0.153033 13.3329 -0.0174884 0.822437 0.0890439 0.11133 88
98.6161 -5.73682 -0.154432 13.4022 -0.0106859 0.866044 0.0850316 0.107236 89
99.6754 -5.90264 -0.155287 13.4722 -0.00418736 0.874603 0.0812319 0.109676 90
100.74 -6.06969 -0.155622 13.5412 0.00198579 0.862801 0.0771644 0.107293 91
101.81 -6.23743 -0.155463 13.6084 0.00776316 0.84002 0.072217 0.102962 92
102.886 -6.40533 -0.154842 13.6752 0.013169 0.834537 0.0675724 0.105525 93
103.967 -6.57291 -0.153788 13.7407 0.0181473 0.819302 0.0622299 0.107834 94
105.054 -6.73972 -0.152337 13.8429 0.0347163 1.27738 0.207112 0.106624 95
106.149 -6.90473 -0.149559 13.9375 0.0497035 1.18248 0.187341 0.137958 96
107.252 -7.06648 -0.145583 14.0198 0.0632023 1.0291 0.168734 0.104308 97
108.362 -7.22358 -0.140527 14.0862 0.075334 0.829566 0.151646 0.108376 98
109.479 -7.37469 -0.1345 14.138 0.0861536 0.648093 0.135245 0.109244 99
110.601 -7.51863 -0.127608 14.1447 0.0917078 0.0834703 0.0694284 0.102231 100
111.724 -7.6544 -0.120271 14.1533 0.0962077 0.106883 0.0562487 0.104889 101
112.85 -7.78159 -0.112575 14.1644 0.0997138 0.138783 0.0438258 0.131817 102
113.976 -7.8999 -0.104597 14.1731 0.102239 0.108659 0.0315618 0.10348 103
115.105 -8.00905 -0.0964184 14.1842 0.103883 0.138605 0.0205591 0.10396 104
116.235 -8.1089 -0.0881077 14.1941 0.104701 0.123942 0.0102237 0.104398 105
117.367 -8.19935 -0.0797316 14.2063 0.104756 0.153387 0.000683777 0.105912 106
118.501 -8.28037 -0.0713511 14.2169 0.104077 0.132382 -0.0084863 0.105095 107
119.636 -8.352 -0.0630249 14.2317 0.102741 0.184393 -0.0166994 0.157547 108
120.773 -8.41437 -0.0548056 14.2452 0.100764 0.169182 -0.0247181 0.106069 109
121.911 -8.46762 -0.0467445 14.2609 0.0981676 0.19623 -0.0324519 0.105131 110
123.051 -8.51198 -0.0388911 14.2786 0.0949827 0.220561 -0.0398118 0.104095 111
124.193 -8.54772 -0.0312925 14.2982 0.091207 0.245726 -0.0471959 0.15395 112
125.337 -8.57516 -0.023996 14.3226 0.0867175 0.304282 -0.0561187 0.101651 113
126.482 -8.59471 -0.0170586 14.3504 0.0816037 0.348413 -0.0639226 0.102471 114
127.63 -8.6068 -0.0105303 14.3793 0.0759671 0.360394 -0.0704568 0.102485 115
128.78 -8.61192 -0.00445289 14.4132 0.0699234 0.423729 -0.0755467 0.106008 116
129.933 -8.6106 0.00114099 14.4501 0.0635842 0.462234 -0.0792405 0.107245 117
131.089 -8.6034 0.00622772 14.4863 0.0570619 0.451958 -0.0815285 0.105485 118
132.248 -8.5909 0.0107927 14.5233 0.0506007 0.462604 -0.0807655 0.109234 119
133.41 -8.57365 0.0148407 14.5575 0.0444146 0.426841 -0.0773254 0.110425 120
134.574 -8.55223 0.0183939 14.5906 0.0385213 0.414181 -0.0736664 0.106657 121
135.741 -8.52717 0.0214756 14.622 0.0329168 0.392663 -0.0700566 0.105964 122
136.911 -8.49897 0.0241089 14.6494 0.0275987 0.341904 -0.0664757 0.105761 123
138.082 -8.46813 0.0263168 14.6753 0.022509 0.324142 -0.0636213 0.16181 124
139.256 -8.43513 0.0281176 14.7011 0.017705 0.322592 -0.0600497 0.109523 125
140.432 -8.4004 0.029534 14.7253 0.0132111 0.303066 -0.056174 0.106249 126
141.609 -8.36436 0.0305909 14.7474 0.00903702 0.275373 -0.0521764 0.105561 127
142.788 -8.32743 0.0313138 14.7679 0.00512725 0.256932 -0.0488721 0.108749 128
143.969 -8.28995 0.031724 14.7853 0.00151991 0.216794 -0.0450917 0.1078 129
145.151 -8.25229 0.0318456 14.8037 -0.00180949 0.230694 -0.0416175 0.108677 130
146.335 -8.21476 0.0317008 14.8223 -0.00487917 0.232649 -0.0383711 0.15775 131
147.52 -8.17763 0.0313105 14.8325 -0.0096468 0.127566 -0.0595953 0.106712 132
148.706 -8.1414 0.0305387 14.8481 -0.0137162 0.19511 -0.0508669 0.104231 133
149.894 -8.10643 0.0294415 14.8648 -0.0171041 0.207543 -0.0423492 0.103309 134
151.082 -8.07306 0.0280731 14.8844 -0.0198705 0.245595 -0.03458 0.157605 135
152.273 -8.04152 0.0264835 14.9047 -0.0228092 0.254059 -0.036734 0.105133 136
153.465 -8.01212 0.0246588 14.9238 -0.0255699 0.23818 -0.0345086 0.104768 137
154.658 -7.98513 0.0226132 14.9463 -0.0278489 0.281382 -0.028488 0.108486 138
155.854 -7.96076 0.0203852 14.9663 -0.0294465 0.250638 -0.0199696 0.103476 139
157.051 -7.93917 0.0180295 15.263 -0.0410446 3.70798 -0.144977 0.103328 140
158.272 -7.92116 0.014746 15.2846 -0.0376668 0.2707 0.0422235 0.104576 141
159.494 -7.90682 0.0117326 15.3063 -0.0341903 0.270689 0.0434558 0.105098 142
160.719 -7.8958 0.00899739 15.3259 -0.0306589 0.245214 0.0441423 0.10705 143
161.945 -7.88778 0.00654468 15.3475 -0.0271745 0.270176 0.0435555 0.105023 144
163.173 -7.88241 0.00437072 15.3697 -0.0237851 0.277269 0.0423674 0.107262 145
164.402 -7.87938 0.00246791 15.3895 -0.0205236 0.247478 0.0407686 0.103069 146
165.633 -7.87836 0.000826024 15.4086 -0.0174211 0.23874 0.0387809 0.104704 147
166.866 -7.87906 -0.000567666 15.4254 -0.0145006 0.209963 0.036506 0.10657 148
168.1 -7.88119 -0.00172772 15.4387 -0.0117979 0.166214 0.0337848 0.103348 149
169.335 -7.88449 -0.00267155 15.4543 -0.00934665 0.19567 0.0306401 0.102697 150
170.572 -7.88872 -0.00341928 15.4669 -0.0071741 0.156581 0.0271568 0.102646 151
171.809 -7.89366 -0.00399321 15.4742 -0.00528277 0.0910759 0.0236417 0.102625 152
173.047 -7.89913 -0.00441583 15.4845 -0.00377339 0.129116 0.0188672 0.103166 153
174.286 -7.90497 -0.0047177 15.4911 -0.00269828 0.0823617 0.0134389 0.10446 154
175.525 -7.91108 -0.00493356 15.4936 -0.00205115 0.0311017 0.00808912 0.105128 155
176.764 -7.9174 -0.00509765 15.4943 -0.00182528 0.00927448 0.00282341 0.102969 156
178.004 -7.9239 -0.00524368 15.493 -0.00194036 -0.0163913 -0.00143847 0.103428 157
179.243 -7.93059 -0.00539891 15.4899 -0.00228457 -0.0386596 -0.00430267 0.101183 158
180.482 -7.93751 -0.00558167 15.4868 -0.00274424 -0.0382543 -0.00574584 0.104907 159
181.721 -7.9447 -0.00580121 15.4783 -0.00323724 -0.106251 -0.00616246 0.101712 160
182.96 -7.9522 -0.00606019 15.475 -0.00373326 -0.0416994 -0.00620033 0.103519 161
184.198 -7.96007 -0.00635885 15.5074 0.00761221 0.405204 0.141818 0.106171 162
185.438 -7.96721 -0.00574987 15.5251 0.0195549 0.220883 0.149284 0.110846 163
186.68 -7.97241 -0.00418548 15.4818 0.030347 -0.541329 0.134901 0.107632 164
187.919 -7.97458 -0.00175772 15.5225 0.0393768 0.508547 0.112873 0.103976 165
189.16 -7.97285 0.00139243 15.6548 0.0456526 1.6546 0.0784472 0.105356 166
190.413 -7.96654 0.00504464 15.8082 0.0509375 1.91743 0.0660606 0.106086 167
191.677 -7.955 0.00911963 15.9563 0.0556105 1.85043 0.0584126 0.106021 168
192.954 -7.93768 0.0135685 16.0784 0.0616861 1.52705 0.0759459 0.108725 169
194.24 -7.91388 0.0185034 16.1672 0.0683335 1.10934 0.0830923 0.108514 170
195.533 -7.88288 0.02397 16.1395 0.0607234 -0.346422 -0.095127 0.106202 171
196.824 -7.84567 0.0288279 16.114 0.0533843 -0.318432 -0.0917386 0.10698 172
198.112 -7.80301 0.0330987 16.0873 0.0463231 -0.333285 -0.0882645 0.10751 173
199.398 -7.75565 0.0368045 16.0634 0.0395852 -0.298548 -0.0842237 0.108357 174
200.682 -7.7043 0.0399713 16.0394 0.0331979 -0.300741 -0.079842 0.111702 175
201.964 -7.64962 0.0426272 16.0169 0.027288 -0.280905 -0.0738732 0.111253 176
203.244 -7.59222 0.0448102 15.9942 0.021882 -0.284374 -0.067575 0.112266 177
204.522 -7.53267 0.0465608 15.9768 0.0169633 -0.21646 -0.061484 0.156475 178
205.799 -7.47144 0.0479178 15.9609 0.0124918 -0.199234 -0.0558938 0.109087 179
207.074 -7.40901 0.0489172 15.9459 0.00844618 -0.188208 -0.05057 0.109465 180
208.348 -7.34577 0.0495928 15.9331 0.00475962 -0.159156 -0.046082 0.109842 181
209.621 -7.2821 0.0499736 15.92 0.0014094 -0.163865 -0.0418777 0.109521 182
210.893 -7.21833 0.0500864 15.9092 -0.00161974 -0.135458 -0.0378642 0.106951 183
212.165 -7.15478 0.0499568 15.8986 -0.00437269 -0.13212 -0.0344119 0.108378 184
213.435 -7.09171 0.049607 15.8773 -0.00752555 -0.265658 -0.0394108 0.10963 185
214.704 -7.02949 0.0490049 15.8603 -0.0103418 -0.21286 -0.0352028 0.112087 186
215.971 -6.96838 0.0481776 15.842 -0.0128554 -0.229108 -0.0314202 0.109767 187
217.237 -6.90865 0.0471492 15.8281 -0.0150882 -0.173283 -0.0279098 0.109365 188
218.502 -6.8505 0.0459421 15.8129 -0.0170739 -0.190747 -0.0248215 0.11028 189
219.766 -6.79413 0.0445762 15.7984 -0.0188255 -0.180876 -0.021895 0.146639 190
221.028 -6.73971 0.0430702 15.7838 -0.020357 -0.182986 -0.0191439 0.107158 191
222.29 -6.68739 0.0414416 15.771 -0.0216848 -0.159645 -0.0165978 0.109432 192
223.551 -6.63731 0.0397068 15.7607 -0.0228398 -0.128043 -0.0144376 0.13214 193
224.811 -6.58956 0.0378796 15.7462 -0.0238321 -0.181425 -0.0124037 0.107923 194
226.069 -6.54426 0.035973 15.7341 -0.0246634 -0.151229 -0.0103903 0.109015 195
227.327 -6.50147 0.034 15.7409 -0.0248396 0.0843287 -0.00220328 0.106754 196
228.586 -6.46116 0.0320128 15.7461 -0.0249618 0.0656486 -0.00152714 0.110282 197
229.845 -6.42336 0.0300159 15.753 -0.0250446 0.0864387 -0.00103512 0.114639 198
231.105 -6.38806 0.0280123 15.7562 -0.0250889 0.0395417 -0.000553695 0.104774 199
232.365 -6.35528 0.0260052 15.7611 -0.0250933 0.061667 -5.43892e-05 0.107314 200
233.626 -6.32503 0.0239977 15.7684 -0.0250541 0.0905752 0.000489969 0.107299 201
234.887 -6.29729 0.0219934 15.7713 -0.0249841 0.0365257 0.000874908 0.11101 202
236.148 -6.27206 0.0199947 15.7759 -0.0248817 0.0570893 0.00127908 0.107133 203
237.41 -6.24934 0.0180041 15.7795 -0.0247565 0.0451565 0.00156504 0.106828 204
238.672 -6.22911 0.0160236 15.7838 -0.0246107 0.0533223 0.00182309 0.107295 205
239.935 -6.21137 0.0140548 15.7861 -0.0244368 0.029397 0.00217389 0.142155 206
241.198 -6.19608 0.0120998 15.7858 -0.0242451 -0.0035286 0.00239583 0.106416 207
242.46 -6.18325 0.0101602 15.7864 -0.0240397 0.00700951 0.00256721 0.1453 208
243.723 -6.17285 0.00823702 15.7886 -0.0238031 0.0272393 0.00295793 0.1059 209
244.986 -6.16485 0.00633278 15.7888 -0.0235417 0.00252724 0.00326736 0.107579 210
246.249 -6.15923 0.00444944 15.7889 -0.023257 0.00104904 0.00355879 0.114256 211
247.513 -6.15596 0.00258888 15.7865 -0.0229589 -0.0288963 0.00372678 0.108703 212
248.775 -6.15501 0.000752168 15.7874 -0.0226543 0.0111461 0.00380704 0.109034 213
250.038 -6.15635 -0.00106018 15.7845 -0.0223309 -0.0363112 0.0040428 0.109515 214
251.301 -6.15995 -0.00284665 15.7801 -0.0220978 -0.0547528 0.00291404 0.108092 215
252.564 -6.16577 -0.00461447 15.7694 -0.0219669 -0.134182 0.00163596 0.107081 216
253.825 -6.17381 -0.00637182 15.7543 -0.0219672 -0.188982 -3.37604e-06 0.106174 217
255.085 -6.18406 -0.00812919 15.7451 -0.0218852 -0.114894 0.0010238 0.110883 218
256.345 -6.1965 -0.00988001 15.7338 -0.021708 -0.141168 0.00221608 0.107221 219
257.604 -6.21112 -0.0116166 15.7253 -0.0214644 -0.106359 0.00304419 0.104511 220
258.862 -6.2279 -0.0133338 15.7128 -0.0211636 -0.155997 0.00376089 0.109558 221
260.118 -6.24678 -0.0150269 15.705 -0.0208214 -0.0972748 0.00427712 0.105239 222
261.375 -6.26776 -0.0166926 15.6951 -0.0204402 -0.123644 0.00476453 0.106838 223
262.63 -6.29077 -0.0183278 15.6812 -0.0199927 -0.174522 0.00559438 0.104775 224
263.884 -6.31576 -0.0199272 15.6725 -0.0195482 -0.108004 0.00555597 0.10777 225
265.138 -6.34271 -0.0214911 15.6617 -0.0190517 -0.135851 0.00620631 0.109211 226
266.39 -6.37154 -0.0230152 15.6543 -0.0185181 -0.0921249 0.00667046 0.108058 227
267.642 -6.40222 -0.0244967 15.6472 -0.0179767 -0.0891447 0.00676732 0.106771 228
268.894 -6.43468 -0.0259348 15.6386 -0.0173753 -0.106883 0.00751656 0.107131 229
270.144 -6.46886 -0.0273248 15.6327 -0.0167563 -0.0740528 0.00773824 0.107449 230
271.394 -6.5047 -0.0286653 15.6232 -0.0160904 -0.11915 0.00832328 0.104553 231
272.644 -6.54213 -0.0299526 15.6145 -0.0154044 -0.107896 0.00857479 0.1059 232
273.892 -6.58108 -0.0311849 15.6073 -0.0147016 -0.0902891 0.00878556 0.10629 233
275.14 -6.62148 -0.032361 15.6007 -0.0139509 -0.0825763 0.00938366 0.106963 234
276.388 -6.66325 -0.0334771 15.5948 -0.0132011 -0.0736833 0.00937231 0.106263 235
277.634 -6.70633 -0.0345332 15.5876 -0.0124155 -0.0902891 0.00981983 0.103934 236
278.881 -6.75062 -0.0355264 15.5808 -0.0115996 -0.0846982 0.0101986 0.107505 237
280.126 -6.79605 -0.0364544 15.5768 -0.0107678 -0.050509 0.0103976 0.109821 238
281.372 -6.84254 -0.0373158 15.5732 -0.00991382 -0.0450969 0.0106751 0.108605 239
282.616 -6.89001 -0.0381089 15.5693 -0.00904531 -0.0482202 0.0108563 0.145419 240
283.861 -6.93836 -0.0388326 15.8792 -0.0207764 3.87403 -0.146638 0.105248 241
285.13 -6.98979 -0.0404947 16.1805 -0.0252367 3.76556 -0.0557546 0.105832 242
286.424 -7.04481 -0.0425136 16.4697 -0.0250379 3.61547 0.0024853 0.107971 243
287.74 -7.10344 -0.0445167 16.7061 -0.0223815 2.95491 0.0332057 0.104498 244
289.075 -7.16531 -0.0463072 16.6491 -0.0194626 -0.712156 0.0364864 0.105969 245
290.405 -7.22903 -0.0478642 16.5961 -0.0166906 -0.662756 0.0346496 0.105778 246
291.731 -7.29433 -0.0491994 16.5532 -0.0140928 -0.535846 0.0324727 0.107131 247
293.054 -7.36095 -0.0503268 16.5102 -0.0116367 -0.538564 0.0307009 0.106383 248
294.373 -7.42862 -0.0512578 16.4652 -0.00930209 -0.561404 0.0291826 0.108235 249
295.689 -7.49709 -0.0520019 16.4221 -0.00713139 -0.538921 0.0271338 0.108204 250
297.001 -7.56612 -0.0525725 16.3895 -0.00510134 -0.407481 0.0253756 0.106438 251
298.31 -7.63556 -0.0529806 16.3491 -0.0031949 -0.505948 0.0238306 0.107197 252
299.616 -7.70515 -0.0532362 16.3094 -0.00141114 -0.496173 0.0222969 0.10572 253
300.919 -7.77473 -0.0533491 16.2768 0.000233487 -0.406837 0.0205579 0.108265 254
302.219 -7.84414 -0.0533304 16.2452 0.0017612 -0.395298 0.0190965 0.109649 255
303.517 -7.91323 -0.0531895 16.2143 0.00317488 -0.386357 0.0176709 0.111996 256
304.812 -7.98186 -0.0529355 16.187 0.00446979 -0.340581 0.0161864 0.112175 257
306.105 -8.04992 -0.0525779 16.1595 0.00567462 -0.344539 0.0150604 0.109237 258
307.396 -8.11727 -0.0521239 16.1293 0.0067766 -0.377059 0.0137747 0.110143 259
308.685 -8.1838 -0.0515818 16.1083 0.00778209 -0.262117 0.0125687 0.109281 260
309.972 -8.24944 -0.0509592 16.0866 0.00869637 -0.272083 0.0114284 0.111571 261
311.257 -8.3141 -0.0502635 16.068 0.00951722 -0.231743 0.0102607 0.110024 262
312.541 -8.37771 -0.0495021 16.0469 0.0102485 -0.264668 0.00914106 0.110484 263
313.823 -8.44018 -0.0486823 16.0244 0.0109316 -0.280714 0.00853889 0.111441 264
315.104 -8.50144 -0.0478077 16.0037 0.0115211 -0.258517 0.00736904 0.111726 265
316.383 -8.56145 -0.046886 15.9859 0.0120282 -0.222981 0.00633819 0.110747 266
317.66 -8.62016 -0.0459238 15.9677 0.01249 -0.227189 0.00577304 0.109515 267
318.936 -8.67753 -0.0449246 15.9496 0.0128784 -0.226521 0.00485416 0.110491 268
320.211 -8.73352 -0.0438943 15.935 0.0132176 -0.181937 0.00424065 0.114979 269
321.485 -8.78811 -0.0428369 16.2203 0.0130875 3.56535 -0.00162702 0.111918 270
322.781 -8.84232 -0.0417899 15.8909 0.0236284 -4.11669 0.131762 0.109448 271
324.052 -8.89303 -0.0398996 15.5642 0.0308406 -4.08398 0.0901522 0.110127 272
325.296 -8.93963 -0.0374324 15.8401 0.0302887 3.44814 -0.00689786 0.109902 273
326.562 -8.98398 -0.0350093 16.1033 0.0342672 3.28993 0.0497309 0.111757 274
327.85 -9.02554 -0.0322679 16.3566 0.0444103 3.16706 0.126789 0.10753 275
329.158 -9.06311 -0.0287151 16.3194 0.0409894 -0.464916 -0.0427616 0.110398 276
330.463 -9.09632 -0.0254359 16.2889 0.0377522 -0.382185 -0.0404649 0.112264 277
331.766 -9.12553 -0.0224158 16.2581 0.03469 -0.384235 -0.0382778 0.109421 278
333.066 -9.15107 -0.0196406 16.2275 0.0317903 -0.3829 -0.0362458 0.108472 279
334.364 -9.17326 -0.0170973 16.1979 0.029043 -0.370002 -0.0343419 0.111262 280
335.66 -9.19241 -0.0147739 16.1699 0.026458 -0.349402 -0.0323116 0.112425 281
336.953 -9.20878 -0.0126573 16.1394 0.0240098 -0.381279 -0.0306028 0.112397 282
338.244 -9.22264 -0.0107365 16.116 0.021716 -0.292397 -0.0286722 0.11005 283
339.534 -9.23425 -0.00899919 16.091 0.0195703 -0.313354 -0.0268211 0.113516 284
340.821 -9.24381 -0.00743357 16.0695 0.0175444 -0.267863 -0.0253242 0.107204 285
342.106 -9.25157 -0.00603002 16.0461 0.015644 -0.292444 -0.0237545 0.110602 286
343.39 -9.2577 -0.00477849 16.0206 0.0138684 -0.319386 -0.0221959 0.109057 287
344.672 -9.2624 -0.00366902 15.9986 0.0122128 -0.274718 -0.0206944 0.110791 288
345.952 -9.26585 -0.002692 15.9766 0.010667 -0.274754 -0.0193228 0.107565 289
347.23 -9.2682 -0.00183864 15.9576 0.00922919 -0.238037 -0.0179726 0.111112 290
348.506 -9.2696 -0.0011003 15.9454 0.00789452 -0.152421 -0.0166834 0.108125 291
349.782 -9.2702 -0.00046874 15.9285 0.00665534 -0.211132 -0.0154898 0.110484 292
351.056 -9.27012 6.36869e-05 15.9085 0.00550917 -0.250661 -0.0143271 0.105797 293
352.329 -9.26948 0.00050442 15.8964 0.00445407 -0.150776 -0.0131888 0.110841 294
353.601 -9.26838 0.000860745 15.8818 0.00348187 -0.182939 -0.0121525 0.106062 295
354.871 -9.26694 0.00113929 15.868 0.00258382 -0.171447 -0.0112256 0.105892 296
356.141 -9.26523 0.001346 15.856 0.00176382 -0.150359 -0.01025 0.105272 297
357.409 -9.26334 0.00148711 16.1798 0.0081452 4.04699 0.0797673 0.106731 298
358.703 -9.26057 0.00213872 16.4563 0.0150159 3.45654 0.085884 0.10587 299
360.02 -9.25618 0.00334 16.425 0.0128505 -0.390911 -0.0270676 0.107176 300
361.334 -9.25044 0.00436804 16.3904 0.0108411 -0.433135 -0.0251181 0.105085 301
362.645 -9.24357 0.00523532 16.357 0.00898475 -0.416875 -0.0232039 0.108718 302
363.954 -9.23578 0.0059541 16.3263 0.00724825 -0.384331 -0.0217062 0.108487 303
365.26 -9.22725 0.00653396 16.3 0.00565634 -0.328565 -0.0198989 0.107286 304
366.564 -9.21813 0.00698647 16.2697 0.00419381 -0.378776 -0.0182817 0.110367 305
367.865 -9.20861 0.00732197 16.2367 0.00283733 -0.411892 -0.016956 0.108054 306
369.164 -9.1988 0.00754896 16.2058 0.00159316 -0.387287 -0.0155521 0.109658 307
370.461 -9.18885 0.00767641 16.1842 0.000471653 -0.268793 -0.0140188 0.107068 308
371.755 -9.17886 0.00771415 16.1596 -0.000559049 -0.307894 -0.0128838 0.107668 309
373.048 -9.16895 0.00766942 16.1062 0.015468 -0.667906 0.200338 0.105836 310
374.337 -9.15747 0.00890686 16.0862 0.0128827 -0.249863 -0.0323166 0.106232 311
375.623 -9.14468 0.00993747 16.068 0.0104813 -0.227332 -0.0300166 0.103943 312
376.909 -9.13083 0.010776 16.0513 0.00825837 -0.208402 -0.027787 0.108219 313
378.193 -9.11614 0.0114366 16.0361 0.00621837 -0.189948 -0.0255 0.106343 314
379.476 -9.10083 0.0119341 16.0163 0.00433149 -0.248599 -0.023586 0.110625 315
380.757 -9.0851 0.0122806 15.9968 0.00261454 -0.243366 -0.0214618 0.104917 316
382.036 -9.06912 0.0124898 15.9804 0.00103613 -0.205112 -0.0197302 0.10619 317
383.315 -9.05304 0.0125727 15.9615 -0.000411352 -0.235653 -0.0180935 0.110712 318
384.592 -9.03703 0.0125398 15.9477 -0.00171757 -0.172722 -0.0163277 0.10634 319
385.867 -9.02121 0.0124024 15.9272 -0.00290184 -0.256824 -0.0148034 0.107103 320
387.141 -9.0057 0.0121702 15.9155 -0.00395809 -0.145674 -0.0132031 0.106396 321
388.414 -8.99061 0.0118536 15.9021 -0.00490563 -0.167525 -0.0118442 0.105698 322
389.687 -8.97603 0.0114611 15.889 -0.00574183 -0.16439 -0.0104525 0.106276 323
390.958 -8.96204 0.0110018 15.8806 -0.00648051 -0.104535 -0.00923357 0.108157 324
392.228 -8.94873 0.0104833 15.8672 -0.00713177 -0.167608 -0.00814068 0.104704 325
393.497 -8.93614 0.0099128 15.856 -0.00768486 -0.139761 -0.00691367 0.137873 326
394.766 -8.92435 0.00929802 15.8475 -0.00816655 -0.105655 -0.00602116 0.106336 327
396.033 -8.91339 0.00864469 15.8376 -0.00857194 -0.124657 -0.00506728 0.109255 328
397.3 -8.90331 0.00795894 15.8292 -0.00890165 -0.104964 -0.00412136 0.107271 329
398.567 -8.89413 0.0072468 15.8241 -0.00916084 -0.0636935 -0.00323991 0.106679 330
399.833 -8.88588 0.00651394 15.817 -0.00936855 -0.0879645 -0.0025964 0.106442 331
401.098 -8.87859 0.00576445 15.8129 -0.00951822 -0.0514627 -0.00187085 0.107807 332
402.363 -8.87226 0.005003 15.8097 -0.00960726 -0.0398278 -0.00111299 0.106124 333
403.628 -8.8669 0.00423442 15.8023 -0.00964966 -0.0929117 -0.000529992 0.106568 334
404.892 -8.86253 0.00346244 15.7982 -0.00964268 -0.0512242 8.72067e-05 0.106562 335
406.156 -8.85913 0.00269103 15.7949 -0.00960746 -0.041616 0.000440259 0.104634 336
407.419 -8.8567 0.00192243 15.7868 -0.00951746 -0.10047 0.001125 0.105614 337
408.682 -8.85523 0.00116104 15.7816 -0.0093987 -0.0649452 0.00148455 0.102778 338
409.945 -8.85471 0.00040914 15.7747 -0.00926133 -0.0868082 0.00171703 0.104993 339
411.207 -8.85513 -0.000331767 15.7703 -0.0090942 -0.0554323 0.00208911 0.106401 340
412.468 -8.85647 -0.0010593 15.7658 -0.00889323 -0.0560284 0.00251214 0.107777 341
413.73 -8.8587 -0.00177076 15.7618 -0.00867774 -0.0504017 0.00269361 0.127993 342
414.991 -8.86181 -0.00246498 15.7554 -0.00845205 -0.0793219 0.00282121 0.105997 343
416.251 -8.86577 -0.00314114 15.7665 -0.00819851 0.138545 0.0031692 0.104368 344
417.512 -8.87056 -0.00379703 15.7674 -0.00792234 0.0108719 0.0034522 0.108967 345
418.774 -8.87615 -0.00443081 15.7659 -0.00764142 -0.0186682 0.00351142 0.106766 346
420.035 -8.88251 -0.00504213 15.7645 -0.00734606 -0.0170946 0.00369204 0.108908 347
421.296 -8.88961 -0.00562981 15.7615 -0.00704279 -0.0370622 0.00379091 0.105923 348
422.557 -8.89742 -0.00619323 15.7617 -0.0067359 0.00224113 0.00383602 0.106129 349
423.818 -8.90591 -0.00673211 15.7644 -0.00643417 0.0330448 0.0037717 0.106349 350
425.079 -8.91504 -0.00724684 15.7597 -0.00611132 -0.0577569 0.00403558 0.10823 351
426.34 -8.9248 -0.00773575 15.7671 -0.00578736 0.0918984 0.00404958 0.107875 352
427.601 -8.93514 -0.00819873 15.7602 -0.00546736 -0.0864029 0.00399991 0.106932 353
428.862 -8.94603 -0.00863612 15.763 -0.00515369 0.0354767 0.00392096 0.105154 354
430.123 -8.95744 -0.00904842 15.7626 -0.00483324 -0.0056386 0.00400558 0.10697 355
431.384 -8.96934 -0.00943508 15.7592 -0.00451343 -0.0426531 0.00399756 0.106438 356
432.645 -8.98169 -0.00979615 15.7546 -0.00419399 -0.0564337 0.00399309 0.109135 357
433.905 -8.99446 -0.0101317 15.7559 -0.00388113 0.0158906 0.00391071 0.105757 358
435.165 -9.00762 -0.0104422 15.757 -0.0035761 0.0131965 0.00381292 0.106833 359
436.426 -9.02114 -0.0107282 15.7576 -0.00326979 0.00807047 0.00382879 0.108829 360
437.686 -9.03499 -0.0109898 15.7582 -0.00297621 0.00742674 0.00366982 0.108349 361
438.947 -9.04915 -0.0112279 15.759 -0.00267752 0.0102758 0.0037336 0.107142 362
440.207 -9.06357 -0.0114421 15.7624 -0.00240392 0.0423789 0.00341998 0.109148 363
441.468 -9.07824 -0.0116344 15.7619 -0.00212385 -0.00606775 0.00350091 0.109114 364
442.729 -9.09313 -0.0118044 15.762 -0.00186587 0.000238419 0.00322479 0.106543 365
443.99 -9.1082 -0.0119536 15.7619 -0.00159756 -0.0010848 0.00335385 0.108926 366
445.251 -9.12344 -0.0120814 15.7645 -0.00135187 0.032413 0.00307113 0.109548 367
446.512 -9.13881 -0.0121896 15.7613 -0.00111724 -0.0400424 0.00293283 0.108056 368
447.773 -9.15429 -0.012279 15.7657 -0.000879412 0.055933 0.00297285 0.110507 369
449.034 -9.16986 -0.0123493 15.7615 -0.000645837 -0.0527501 0.00291969 0.108432 370
450.295 -9.1855 -0.012401 15.7587 -0.000430348 -0.0355482 0.00269361 0.107416 371
451.555 -9.20118 -0.0124354 15.7586 -0.000224762 -0.00140667 0.00256983 0.111453 372
452.816 -9.21688 -0.0124534 15.767 -2.23642e-05 0.106192 0.00252997 0.107409 373
454.077 -9.23259 -0.0124552 15.7633 0.000170065 -0.0468612 0.00240536 0.108282 374
455.338 -9.24828 -0.0124416 15.7685 0.000344493 0.0648141 0.00218036 0.111574 375
456.6 -9.26394 -0.012414 15.7696 0.000523869 0.0137329 0.0022422 0.106271 376
457.861 -9.27954 -0.0123721 15.7733 0.000695231 0.04673 0.00214202 0.108986 377
459.123 -9.29508 -0.0123165 15.7778 0.000845222 0.0563502 0.00187489 0.11165 378
460.385 -9.31055 -0.0122489 15.7785 0.000995538 0.00809431 0.00187895 0.109506 379
461.647 -9.32591 -0.0121692 15.7773 0.00112905 -0.0143051 0.00166888 0.110027 380
462.909 -9.34115 -0.0120789 15.7783 0.00125032 0.0126481 0.00151586 0.107555 381
464.171 -9.35627 -0.0119789 15.7799 0.00137071 0.0199914 0.00150486 0.109072 382
465.434 -9.37125 -0.0118692 15.7824 0.00147552 0.0310779 0.0013102 0.110887 383
466.696 -9.38609 -0.0117512 15.7777 0.00158326 -0.0585675 0.00134671 0.110378 384
467.958 -9.40076 -0.0116245 15.777 0.00167507 -0.00884533 0.00114768 0.108926 385
469.22 -9.41527 -0.0114905 15.7725 0.00176025 -0.0572801 0.0010647 0.108713 386
470.482 -9.42959 -0.0113497 15.7776 0.00184346 0.0639796 0.00104014 0.104653 387
471.744 -9.44373 -0.0112022 15.774 0.00192749 -0.0443816 0.00105041 0.107068 388
473.006 -9.45767 -0.011048 15.78 0.00199833 0.0746727 0.000885424 0.106733 389
474.268 -9.47141 -0.0108881 15.7816 0.00205693 0.0200748 0.000732497 0.106374 390
475.531 -9.48495 -0.0107236 15.7866 0.00210322 0.0626564 0.000578651 0.106156 391
476.794 -9.49828 -0.0105553 15.7881 0.00215255 0.0181794 0.000616678 0.108847 392
478.057 -9.5114 -0.0103831 15.7923 0.00219345 0.0523925 0.000511223 0.10867 393
479.32 -9.52429 -0.0102077 15.7954 0.00223092 0.0386596 0.000468359 0.106195 394
480.584 -9.53696 -0.0100292 15.7986 0.00226123 0.0402451 0.000378845 0.109076 395
481.847 -9.54941 -0.00984828 15.7992 0.00228847 0.00725985 0.000340561 0.107802 396
483.111 -9.56163 -0.0096652 15.8011 0.00231003 0.0246167 0.000269475 0.107929 397
484.375 -9.57361 -0.0094804 15.7952 0.00232674 -0.0735998 0.000208904 0.10874 398
485.639 -9.58536 -0.00929426 15.7965 0.00234381 0.015831 0.000213343 0.107896 399
486.903 -9.59686 -0.00910675 15.7944 0.00235084 -0.0267863 8.78295e-05 0.125738 400
488.166 -9.60813 -0.00891869 15.7968 0.0023574 0.0304818 8.20437e-05 0.105533 401
489.43 -9.61917 -0.00873009 15.7924 0.00236625 -0.0544548 0.000110629 0.103827 402
490.693 -9.62996 -0.00854079 15.7952 0.00235609 0.0349045 -0.00012698 0.107289 403
491.957 -9.64051 -0.00835231 15.7997 0.00234641 0.0562668 -0.000120979 0.103893 404
493.221 -9.65083 -0.00816459 15.8047 0.00234084 0.0615001 -6.96193e-05 0.105526 405
494.485 -9.66092 -0.00797733 15.8087 0.00232653 0.0504971 -0.000178968 0.104388 406
495.75 -9.67077 -0.0077912 15.8073 0.00231618 -0.0175595 -0.000129326 0.106957 407
497.014 -9.68039 -0.00760591 15.8092 0.00230103 0.0241756 -0.00018935 0.106694 408
498.279 -9.68977 -0.00742183 15.7905 0.0156301 -0.234127 0.166614 0.109232 409
499.542 -9.69757 -0.00617142 15.7537 0.0279564 -0.459814 0.154079 0.109861 410
500.802 -9.70253 -0.0039349 15.6963 0.0393422 -0.718164 0.142322 0.109478 411
502.058 -9.70352 -0.000787522 15.6113 0.0503366 -1.06233 0.137429 0.161294 412
503.307 -9.69947 0.0032394 15.7306 0.058185 1.49163 0.0981059 0.111326 413
504.565 -9.68954 0.0078942 15.733 0.0517876 0.0297785 -0.0799675 0.109249 414
505.824 -9.67439 0.0120372 15.7305 0.0457585 -0.0314713 -0.0753641 0.109861 415
507.082 -9.65463 0.0156979 15.7411 0.0401318 0.133586 -0.0703332 0.110076 416
508.341 -9.63082 0.0189084 15.7447 0.034844 0.0440717 -0.0660984 0.109981 417
509.601 -9.6035 0.021696 15.7531 0.0299208 0.105035 -0.0615393 0.111523 418
510.86 -9.57314 0.0240896 15.7568 0.025323 0.0466824 -0.0574726 0.108633 419
512.121 -9.54023 0.0261155 15.7588 0.0210522 0.0248671 -0.0533855 0.107788 420
513.381 -9.50518 0.0277996 15.7531 0.0170893 -0.0714064 -0.0495361 0.111844 421
514.641 -9.46843 0.0291668 15.7591 0.0133958 0.075686 -0.046169 0.107196 422
515.901 -9.43032 0.0302384 15.7664 0.010003 0.0909328 -0.0424098 0.109197 423
517.161 -9.39117 0.0310387 15.7675 0.00686548 0.0138283 -0.0392187 0.112436 424
518.422 -9.35133 0.0315879 15.7638 0.00398529 -0.0463128 -0.0360023 0.109417 425
519.683 -9.3111 0.0319067 15.7638 0.00134012 0.000214577 -0.0330647 0.111585 426
520.943 -9.27074 0.032014 15.7734 -0.00108606 0.119257 -0.0303273 0.107865 427
522.204 -9.23046 0.0319271 15.7778 -0.00328419 0.0558376 -0.0274765 0.109624 428
523.466 -9.19049 0.0316643 15.7818 -0.0052751 0.0494361 -0.0248864 0.108335 429
524.728 -9.15106 0.0312423 15.7827 -0.00707118 0.0115275 -0.022451 0.111006 430
525.99 -9.11233 0.0306766 15.7904 -0.00867477 0.0956655 -0.0200449 0.111945 431
527.253 -9.07446 0.0299826 15.7915 -0.0101194 0.014317 -0.0180575 0.109985 432
528.515 -9.03761 0.0291731 15.7985 -0.0113973 0.0874877 -0.0159744 0.112634 433
529.779 -9.0019 0.0282613 15.7958 -0.0125168 -0.0337958 -0.0139932 0.111822 434
531.042 -8.96745 0.02726 15.793 -0.0135012 -0.0347734 -0.0123051 0.110777 435
532.305 -8.93438 0.0261799 15.7957 -0.014339 0.0332475 -0.0104721 0.110011 436
533.568 -8.90275 0.0250328 15.8032 -0.0150689 0.0944376 -0.00912476 0.110426 437
534.832 -8.87263 0.0238272 15.8068 -0.0156716 0.0442743 -0.00753331 0.171554 438
536.096 -8.84409 0.0225735 15.8059 -0.0161573 -0.0108957 -0.00607152 0.109985 439
537.36 -8.81718 0.0212809 15.8052 -0.0165534 -0.00909567 -0.00495063 0.107119 440
538.625 -8.79195 0.0199567 15.813 -0.0168432 0.0980854 -0.00362229 0.107147 441
539.889 -8.76841 0.0186092 15.8106 -0.0170484 -0.0303149 -0.00256547 0.108744 442
541.154 -8.7466 0.0172453 15.8165 -0.0171642 0.0741005 -0.00144718 0.161029 443
542.419 -8.72651 0.0158722 15.8191 -0.0172036 0.0321746 -0.000493182 0.105289 444
543.685 -8.70817 0.0144959 15.8286 -0.0171686 0.118542 0.000437512 0.108368 445
544.951 -8.69155 0.0131224 15.8295 -0.0170795 0.0113606 0.00111356 0.109186 446
546.217 -8.67667 0.011756 15.8334 -0.0169297 0.0485659 0.0018734 0.112252 447
547.484 -8.66349 0.0104017 16.0686 -0.0183089 2.93976 -0.0172408 0.107072 448
548.769 -8.652 0.00893696 16.3506 -0.0176606 3.5249 0.00810472 0.1083 449
550.077 -8.64216 0.00752411 16.6745 -0.0152837 4.04975 0.0297104 0.107763 450
551.411 -8.63375 0.00630142 16.9759 -0.011545 3.76742 0.0467346 0.105414 451
552.769 -8.62645 0.00537782 16.9299 -0.011614 -0.574875 -0.000863394 0.106022 452
554.124 -8.62043 0.0044487 16.8858 -0.0116251 -0.552464 -0.000138849 0.105262 453
555.474 -8.61567 0.00351869 16.8499 -0.0115864 -0.447798 0.000484544 0.10712 454
556.822 -8.61218 0.00259178 16.8052 -0.0114957 -0.558972 0.00113352 0.104564 455
558.167 -8.60993 0.00167212 16.7634 -0.0113668 -0.523233 0.00161115 0.103971 456
559.508 -8.60891 0.000762776 16.7253 -0.011195 -0.475812 0.00214697 0.106815 457
560.846 -8.60909 -0.000132828 16.6954 -0.0110051 -0.373721 0.00237402 0.105875 458
562.182 -8.61044 -0.00101324 16.6627 -0.0107905 -0.409055 0.00268274 0.105241 459
563.515 -8.61294 -0.00187648 16.8562 0.00151121 2.41923 0.153771 0.109997 460
564.863 -8.61531 -0.00175558 17.0274 0.0118967 2.14005 0.129819 0.103992 461
566.225 -8.6164 -0.000803843 16.9845 0.00984578 -0.536585 -0.0256368 0.108237 462
567.584 -8.61642 -1.61802e-05 16.9365 0.00795592 -0.599456 -0.0236233 0.110189 463
568.939 -8.61558 0.000620293 16.8953 0.00621345 -0.51527 -0.0217808 0.107039 464
570.291 -8.61407 0.00111737 16.8571 0.00461393 -0.477147 -0.019994 0.105607 465
571.639 -8.61207 0.00148648 16.8188 0.00315309 -0.478983 -0.0182605 0.105631 466
572.985 -8.60973 0.00173873 16.7824 0.00182322 -0.455022 -0.0166233 0.105393 467
574.327 -8.6072 0.00188459 16.7431 0.000620456 -0.491714 -0.0150346 0.103894 468
575.667 -8.60461 0.00193422 16.719 -0.000468872 -0.301075 -0.0136166 0.106473 469
577.004 -8.60207 0.00189672 16.6917 -0.00145173 -0.341201 -0.0122857 0.105767 470
578.339 -8.59969 0.00178058 16.6641 -0.0023402 -0.345016 -0.0111059 0.106551 471
579.673 -8.59757 0.00159336 16.6308 -0.00312089 -0.415897 -0.00975855 0.107428 472
581.003 -8.59578 0.00134369 16.6067 -0.00381671 -0.300908 -0.00869783 0.106333 473
582.332 -8.5944 0.00103835 16.5946 -0.00442785 -0.151825 -0.00763918 0.108465 474
583.659 -8.59349 0.000684124 16.5759 -0.00496306 -0.234151 -0.00669016 0.109415 475
584.985 -8.59311 0.00028708 16.5513 -0.00541649 -0.306821 -0.00566788 0.107035 476
586.309 -8.59331 -0.00014624 16.5295 -0.00580581 -0.272346 -0.00486651 0.106165 477
587.632 -8.59412 -0.000610705 16.5077 -0.00612641 -0.272465 -0.0040075 0.105612 478
588.952 -8.59557 -0.00110082 16.4876 -0.00639004 -0.252318 -0.00329538 0.109776 479
590.271 -8.5977 -0.00161202 16.4787 -0.00659296 -0.111175 -0.00253642 0.104473 480
591.59 -8.60052 -0.00213946 16.4622 -0.00675267 -0.206232 -0.00199635 0.106057 481
592.907 -8.60404 -0.00267967 16.4324 -0.00685736 -0.371838 -0.00130869 0.107463 482
594.221 -8.60829 -0.00322826 16.4154 -0.00692388 -0.21286 -0.000831473 0.108355 483
595.534 -8.61326 -0.00378217 16.3937 -0.00694497 -0.271344 -0.000263657 0.110253 484
596.846 -8.61894 -0.00433777 16.3714 -0.00693508 -0.278544 0.000123645 0.109019 485
598.156 -8.62535 -0.00489257 16.3567 -0.00689836 -0.183773 0.00045902 0.109569 486
599.464 -8.63248 -0.00544444 16.3385 -0.0068193 -0.227928 0.000988226 0.113017 487
600.771 -8.64031 -0.00598999 16.3203 -0.00670794 -0.226736 0.00139207 0.108463 488
