1.2 10 0 15.0151 -0.00640323 0.188601 -0.0800404 0.621996 1
2.40121 9.99938 -0.000512259 15.022 -0.0126602 0.0858665 -0.0782118 0.758151 2
3.60296 9.99755 -0.00152507 15.0094 -0.0190479 -0.157154 -0.0798464 0.405483 3
4.80371 9.99389 -0.0030489 14.9897 -0.0254269 -0.246394 -0.0797381 0.397576 4
6.00287 9.9878 -0.00508306 14.9621 -0.0317743 -0.344718 -0.0793423 0.418361 5
7.1998 9.97867 -0.007625 14.9201 -0.038246 -0.525212 -0.0808955 0.37737 6
8.39334 9.96592 -0.0106847 14.8692 -0.0448011 -0.636458 -0.0819388 0.451158 7
9.58275 9.94894 -0.0142688 14.8055 -0.0516396 -0.795543 -0.0854814 0.391273 8
10.767 9.92715 -0.0183999 14.7254 -0.0588839 -1.00207 -0.0905545 0.37022 9
11.9447 9.89993 -0.0231106 14.6317 -0.0663902 -1.17016 -0.0938281 0.425896 10
13.1148 9.86666 -0.0284219 14.5296 -0.0740173 -1.27692 -0.0953385 0.396281 11
14.2765 9.82675 -0.0343432 14.4191 -0.0816485 -1.38104 -0.0953901 0.330174 12
15.429 9.77961 -0.0408751 14.3026 -0.089208 -1.45606 -0.0944942 0.380065 13
16.5719 9.7247 -0.0480118 14.1858 -0.0959994 -1.46015 -0.0848928 0.515054 14
17.705 9.66153 -0.0556917 14.0865 -0.101534 -1.24104 -0.0691777 0.403912 15
18.8296 9.58967 -0.0638144 14.008 -0.105563 -0.981164 -0.0503684 0.53551 16
19.9474 9.50876 -0.0722595 13.9482 -0.108098 -0.747788 -0.0316915 0.566922 17
21.0596 9.41858 -0.0809073 13.9021 -0.109467 -0.576687 -0.0171078 0.389784 18
22.1673 9.31899 -0.0896647 13.8646 -0.109923 -0.467956 -0.00570342 0.331325 19
23.2711 9.20996 -0.0984586 13.8344 -0.109701 -0.378573 0.00278074 0.458429 20
24.3715 9.0915 -0.107235 13.8109 -0.108703 -0.29279 0.0124751 0.320338 21
25.4689 8.9637 -0.115931 13.7976 -0.10716 -0.165987 0.0192877 0.476396 22
26.5642 8.82663 -0.124504 13.7869 -0.105117 -0.134885 0.0255335 0.534439 23
27.6574 8.68046 -0.132913 13.7776 -0.102908 -0.11574 0.0276105 0.360387 24
28.7486 8.5254 -0.141146 13.7741 -0.100171 -0.0438929 0.0342163 0.520695 25
29.8383 8.36165 -0.149159 13.7753 -0.0971651 0.0155687 0.0375745 0.479944 26
30.9268 8.18942 -0.156933 13.7796 -0.0939218 0.0533938 0.0405408 0.489461 27
32.0143 8.00895 -0.164446 13.7863 -0.0904814 0.0830889 0.043006 0.463013 28
33.101 7.82053 -0.171685 13.795 -0.0868711 0.108838 0.0451282 0.576199 29
34.187 7.62444 -0.178635 13.8059 -0.0832234 0.136483 0.0455962 0.540678 30
35.2726 7.42095 -0.185292 13.8196 -0.0793162 0.171578 0.0488403 0.40842 31
36.3579 7.21038 -0.191638 13.8419 -0.0753861 0.278902 0.0491256 0.367192 32
37.4437 6.99291 -0.197669 13.8626 -0.0714016 0.258482 0.0498061 0.414652 33
38.5299 6.76892 -0.203381 13.8864 -0.0673852 0.297582 0.0502053 0.392938 34
39.6167 6.53867 -0.208772 13.913 -0.0632921 0.332248 0.0511643 0.422643 35
40.7043 6.30247 -0.213835 13.9425 -0.0591251 0.369 0.0520867 0.415641 36
41.7932 6.06062 -0.218565 13.9751 -0.054882 0.407279 0.0530387 0.44903 37
42.8835 5.81342 -0.222955 14.0139 -0.0505804 0.485325 0.05377 0.441538 38
43.9759 5.5611 -0.227002 14.0565 -0.0461801 0.532222 0.0550042 0.38783 39
45.0706 5.30397 -0.230696 14.1014 -0.0417951 0.562012 0.0548129 0.422117 40
46.168 5.04235 -0.23404 14.1485 -0.0373717 0.588214 0.0552925 0.433733 41
47.2682 4.77657 -0.23703 14.1973 -0.0329149 0.609529 0.0557099 0.376151 42
48.3715 4.50696 -0.239663 14.2472 -0.0284423 0.624514 0.0559079 0.341393 43
49.4781 4.23389 -0.241938 14.298 -0.0239687 0.634193 0.0559194 0.443195 44
50.5881 3.95771 -0.243856 14.3188 -0.0195324 0.260282 0.0554539 0.381077 45
51.6993 3.6794 -0.245418 14.3676 -0.0154083 0.610662 0.0515516 0.374608 46
52.8139 3.39876 -0.246651 14.4148 -0.0115723 0.589192 0.047949 0.422866 47
53.9319 3.11617 -0.247577 14.4612 -0.00790818 0.580621 0.0458021 0.354579 48
55.0534 2.83196 -0.248209 14.5075 -0.00433429 0.577927 0.0446736 0.409305 49
56.1783 2.54644 -0.248556 14.5536 -0.000842457 0.576973 0.0436479 0.439876 50
57.3068 2.25995 -0.248624 14.5997 0.0025643 0.575519 0.0425845 0.432877 51
58.4389 1.97278 -0.248418 14.642 0.00584017 0.529492 0.0409484 0.400585 52
59.5745 1.6853 -0.247951 14.6826 0.0089872 0.507212 0.0393378 0.429191 53
60.7134 1.39785 -0.247232 14.7141 0.0120095 0.394189 0.0377792 0.401639 54
61.855 1.11088 -0.246271 14.7668 0.0200338 0.657773 0.100304 0.307259 55
63.0011 0.824717 -0.244669 14.815 0.0270537 0.60339 0.0877479 0.231171 56
64.1516 0.540109 -0.242504 14.852 0.0331379 0.461853 0.0760528 0.275543 57
65.3058 0.25785 -0.239853 14.8863 0.038415 0.429237 0.0659633 0.278318 58
66.4635 -0.021505 -0.23678 14.9196 0.0430231 0.415611 0.0576017 0.275775 59
67.6247 -0.297489 -0.233338 14.9516 0.0470217 0.400138 0.0499822 0.257114 60
68.7894 -0.569686 -0.229577 14.9828 0.0504384 0.390792 0.0427095 0.25823 61
69.9577 -0.83774 -0.225542 15.0137 0.0533035 0.385714 0.0358137 0.2696 62
71.1295 -1.10135 -0.221277 15.0443 0.0556483 0.383139 0.0293101 0.262536 63
72.3049 -1.36027 -0.216825 15.0749 0.0575037 0.381672 0.0231917 0.297344 64
73.4838 -1.6143 -0.212225 15.1272 0.0626161 0.653744 0.0639053 0.345706 65
74.6681 -1.86327 -0.207216 15.157 0.0628088 0.372815 0.00240905 0.259481 66
75.8559 -2.10677 -0.202191 15.1865 0.0626722 0.369239 -0.00170823 0.272536 67
77.0473 -2.34478 -0.197177 15.2185 0.0622697 0.399697 -0.0050311 0.24706 68
78.2424 -2.57734 -0.192196 15.2498 0.061631 0.391567 -0.00798316 0.246018 69
79.4411 -2.80447 -0.187265 15.2799 0.0607911 0.376105 -0.0104983 0.25277 70
80.6432 -3.0262 -0.182402 15.3083 0.0597821 0.354946 -0.0126137 0.265209 71
81.8486 -3.24258 -0.177619 15.3339 0.0586449 0.319994 -0.0142141 0.224774 72
83.057 -3.45366 -0.172928 15.3586 0.0574377 0.308383 -0.0150903 0.251289 73
84.2683 -3.65951 -0.168333 15.3806 0.0561746 0.275314 -0.0157894 0.215462 74
85.4823 -3.86021 -0.163839 15.3078 0.0457848 -0.910079 -0.129871 0.605742 75
86.6912 -4.05552 -0.160176 14.9878 -0.00298817 -4 -0.609663 0.901234 76
87.8749 -4.24704 -0.160415 14.6678 -0.041356 -4 -0.479598 0.884098 77
89.0326 -4.4383 -0.163724 14.6347 -0.0348436 -0.413668 0.0814048 0.662786 78
90.1872 -4.63235 -0.166511 14.6015 -0.0280879 -0.415349 0.0844466 0.670275 79
91.3387 -4.82855 -0.168758 14.5754 -0.0210508 -0.325608 0.0879644 0.649101 80
92.4878 -5.02633 -0.170442 14.5529 -0.0138064 -0.28224 0.0905548 0.632257 81
93.635 -5.22507 -0.171547 14.5349 -0.00645892 -0.224388 0.0918434 0.56924 82
94.7806 -5.42416 -0.172063 14.5201 0.000925183 -0.184536 0.0923012 0.62408 83
95.9251 -5.62296 -0.171989 14.5085 0.00828137 -0.145078 0.0919523 0.668797 84
97.0688 -5.82084 -0.171327 14.5014 0.0155342 -0.0891089 0.0906599 0.624394 85
98.2121 -6.01721 -0.170084 14.4976 0.022653 -0.0481129 0.0889857 0.625159 86
99.3556 -6.21145 -0.168272 14.4971 0.0295994 -0.00596046 0.0868298 0.639185 87
100.499 -6.40298 -0.165904 14.5011 0.0363184 0.0507236 0.0839871 0.650962 88
101.644 -6.59124 -0.162999 14.5082 0.042798 0.0878215 0.0809957 0.646948 89
102.79 -6.77566 -0.159575 14.518 0.049015 0.122476 0.0777123 0.701923 90
103.937 -6.95572 -0.155654 14.198 0.0449705 -4 -0.0505568 0.51857 91
105.06 -7.12776 -0.152056 14.1792 0.053425 -0.234282 0.105682 0.586389 92
106.182 -7.29479 -0.147782 13.8592 0.0554717 -4 0.0255838 0.612024 93
107.279 -7.45318 -0.143344 13.5392 0.058299 -4 0.0353414 0.605488 94
108.352 -7.6029 -0.13868 13.2844 0.0604069 -3.185 0.0263487 0.710513 95
109.405 -7.74473 -0.133848 12.9644 0.123692 -4 0.791063 0.676348 96
110.435 -7.87296 -0.123952 13.0518 0.124227 1.09276 0.00668876 0.28888 97
111.472 -7.99175 -0.114014 13.1355 0.124635 1.04625 0.00510132 0.247976 98
112.517 -8.10088 -0.104043 13.2586 0.123265 1.53798 -0.0171297 0.246844 99
113.573 -8.20063 -0.0941822 13.3639 0.122148 1.31668 -0.0139602 0.236674 100
114.639 -8.29077 -0.0844103 13.4544 0.121246 1.13121 -0.0112728 0.227655 101
115.712 -8.37111 -0.0747106 13.5373 0.120352 1.03586 -0.0111794 0.269493 102
116.793 -8.44154 -0.0650825 13.6138 0.119387 0.95588 -0.012061 0.249255 103
117.88 -8.50199 -0.0555315 13.6812 0.118405 0.843179 -0.0122709 0.263791 104
118.973 -8.55239 -0.0460591 13.7452 0.117338 0.799334 -0.013338 0.263523 105
120.072 -8.5927 -0.0366721 13.7685 0.112889 0.291276 -0.0556173 0.267171 106
121.173 -8.62314 -0.027641 13.7913 0.108335 0.286031 -0.0569263 0.2715 107
122.276 -8.64408 -0.0189742 13.8138 0.103682 0.281 -0.0581528 0.252948 108
123.381 -8.65588 -0.0106796 13.8356 0.0989215 0.271773 -0.0595126 0.267487 109
124.488 -8.65894 -0.00276587 13.8567 0.0940701 0.263584 -0.060642 0.248066 110
125.597 -8.65366 0.00475973 13.8772 0.0891482 0.256467 -0.0615239 0.25893 111
126.707 -8.64046 0.0118916 13.6365 0.0759362 -3.00775 -0.16515 0.458646 112
127.798 -8.62086 0.0179665 13.4025 0.0676805 -2.92562 -0.103196 0.512191 113
128.869 -8.5958 0.0233809 13.1275 0.054732 -3.43751 -0.161856 0.432362 114
129.919 -8.56665 0.0277595 12.8075 0.0410768 -4 -0.170691 0.592424 115
130.943 -8.53484 0.0310456 12.6222 0.0357656 -2.31597 -0.0663893 0.585344 116
131.953 -8.50061 0.0339069 12.4079 0.0270826 -2.67882 -0.108537 0.590726 117
132.945 -8.46481 0.0360735 12.4614 0.0274848 0.668275 0.0050273 0.529569 118
133.941 -8.42667 0.0382723 12.1414 0.0184529 -4 -0.112899 0.562608 119
134.911 -8.38807 0.0397485 12.1593 0.0181861 0.223541 -0.00333551 0.570507 120
135.883 -8.348 0.0412034 12.1075 0.0163558 -0.64708 -0.0228779 0.648154 121
136.851 -8.30683 0.0425119 12.1514 0.0173036 0.54909 0.0118474 0.580005 122
137.822 -8.26418 0.0438961 12.2428 0.0186815 1.14239 0.0172232 0.526562 123
138.801 -8.21973 0.0453907 12.3338 0.0199745 1.13721 0.0161621 0.494029 124
139.786 -8.17339 0.0469886 12.1034 0.0126619 -2.87935 -0.0914076 0.489599 125
140.753 -8.12693 0.0480016 12.0541 0.00899003 -0.616193 -0.0458979 0.59842 126
141.717 -8.07996 0.0487208 12.0251 0.00548848 -0.363266 -0.0437693 0.484762 127
142.677 -8.03269 0.0491599 12.0173 0.00195535 -0.0969529 -0.0441641 0.47581 128
143.638 -7.9853 0.0493163 12.1005 0.00596695 1.03911 0.050145 0.521324 129
144.604 -7.93711 0.0497936 12.0476 0.00187167 -0.660503 -0.0511909 0.547313 130
145.567 -7.889 0.0499434 12.1021 0.00666502 0.681257 0.0599168 0.490781 131
146.534 -7.84015 0.0504766 11.9513 0.000964849 -1.8854 -0.0712521 0.643321 132
147.489 -7.79184 0.0505538 11.991 0.00576319 0.496435 0.0599792 0.612125 133
148.447 -7.74292 0.0510148 11.7229 -0.00752601 -3.35112 -0.166115 0.510079 134
149.383 -7.69566 0.0504127 11.7621 -0.00122291 0.489926 0.0787887 0.467813 135
150.323 -7.64834 0.0503149 11.6968 -0.00565657 -0.815868 -0.0554208 0.57033 136
151.258 -7.6017 0.0498624 11.7485 -5.27205e-06 0.645471 0.0706412 0.508338 137
152.197 -7.55485 0.049862 11.6065 -0.00653455 -1.77432 -0.081616 0.622618 138
153.124 -7.50906 0.0493392 11.637 -0.00018919 0.380826 0.079317 0.556173 139
154.054 -7.46316 0.0493241 11.4499 -0.00810585 -2.33815 -0.0989583 0.684273 140
154.969 -7.41859 0.0486756 11.4591 -0.000809775 0.114298 0.091201 0.631894 141
155.884 -7.37404 0.0486108 11.4643 0.00588566 0.0657201 0.0836929 0.726034 142
156.8 -7.32905 0.0490817 11.4657 0.0120182 0.0175357 0.0766562 0.678565 143
157.717 -7.28316 0.0500431 11.4286 0.00138666 -0.463927 -0.132894 0.519217 144
158.63 -7.23733 0.050154 11.3812 -0.0117791 -0.592697 -0.164572 0.586267 145
159.539 -7.19254 0.0492117 11.251 -0.0179786 -1.62753 -0.0774944 0.612283 146
160.438 -7.14955 0.0477734 11.2136 -0.0255699 -0.467992 -0.0948913 0.563621 147
161.334 -7.10855 0.0457278 11.1764 -0.0355689 -0.464416 -0.124987 0.563975 148
162.228 -7.07022 0.0428823 11.1295 -0.0449889 -0.587022 -0.117751 0.655273 149
163.117 -7.03525 0.0392832 11.0929 -0.0534465 -0.456953 -0.105719 0.690714 150
164.004 -7.00419 0.0350075 10.7729 -0.0803968 -4 -0.33688 0.708654 151
164.866 -6.97957 0.0285757 10.8112 -0.0806697 0.478756 -0.00341013 0.615947 152
165.73 -6.96043 0.0221222 10.4912 -0.0999787 -4 -0.241363 0.618284 153
166.569 -6.94858 0.0141239 10.5868 -0.0973845 1.19536 0.0324275 0.457652 154
167.416 -6.94322 0.00633311 10.6846 -0.093826 1.2221 0.0444816 0.411893 155
168.271 -6.94422 -0.00117297 10.7903 -0.0922052 1.32144 0.02026 0.345718 156
169.134 -6.9516 -0.00854938 10.8691 -0.0878915 0.984287 0.0539205 0.321004 157
170.004 -6.96515 -0.0155807 10.9506 -0.083401 1.01964 0.0561316 0.355398 158
170.88 -6.98464 -0.0222528 11.0394 -0.0794081 1.10919 0.0499108 0.494875 159
171.762 -7.0099 -0.0286054 11.131 -0.0751304 1.14533 0.0534723 0.408046 160
172.652 -7.04072 -0.0346159 11.2206 -0.070168 1.11957 0.0620292 0.495942 161
173.549 -7.07682 -0.0402293 11.3068 -0.0643326 1.0783 0.0729431 0.571946 162
174.453 -7.11785 -0.0453759 11.3881 -0.057713 1.01582 0.0827444 0.71616 163
175.363 -7.16338 -0.049993 11.4662 -0.0506165 0.976193 0.0887061 0.47022 164
176.279 -7.21292 -0.0540423 11.5428 -0.0433362 0.957704 0.0910039 0.517137 165
177.201 -7.266 -0.0575092 11.6245 -0.0361499 1.02175 0.0898292 0.514525 166
178.129 -7.32214 -0.0604012 11.7283 -0.0288186 1.29684 0.0916407 0.491682 167
179.065 -7.38093 -0.0627067 11.8104 -0.0215648 1.02634 0.0906725 0.559371 168
180.008 -7.44177 -0.0644318 11.8922 -0.0142395 1.02214 0.091567 0.562654 169
180.958 -7.50411 -0.065571 11.9747 -0.00700816 1.03229 0.0903914 0.385432 170
181.913 -7.56741 -0.0661317 12.0584 6.89776e-05 1.0456 0.0884643 0.333407 171
182.876 -7.63116 -0.0661261 12.1429 0.00696354 1.05586 0.086182 0.297063 172
183.845 -7.69481 -0.0655691 12.2272 0.0136702 1.05473 0.0838334 0.279571 173
184.821 -7.75783 -0.0644754 12.3117 0.0201909 1.05582 0.0815085 0.25813 174
185.804 -7.8197 -0.0628602 12.398 0.0264768 1.07815 0.0785745 0.282264 175
186.794 -7.87991 -0.060742 12.4853 0.032515 1.09131 0.0754765 0.293365 176
187.792 -7.93795 -0.0581408 12.495 0.0368273 0.121176 0.0539046 0.248983 177
188.79 -7.9931 -0.0551946 12.5859 0.0415373 1.1366 0.0588752 0.320906 178
189.795 -8.0453 -0.0518716 12.6676 0.0462413 1.02075 0.0587999 0.297367 179
190.807 -8.0941 -0.0481723 12.6465 0.0489045 -0.263619 0.0332896 0.374975 180
191.818 -8.13887 -0.04426 12.6124 0.0492585 -0.425851 0.00442439 0.41987 181
192.826 -8.17954 -0.0403193 12.6315 0.0513683 0.239146 0.0263731 0.421434 182
193.836 -8.21612 -0.0362098 12.7294 0.0545396 1.22315 0.0396411 0.317235 183
194.854 -8.24854 -0.0318467 12.8453 0.05722 1.44933 0.0335052 0.340815 184
195.881 -8.27656 -0.0272691 12.9623 0.0594089 1.46244 0.0273608 0.344476 185
196.918 -8.29991 -0.0225164 12.9216 0.0616758 -0.509143 0.028337 0.402637 186
197.952 -8.31808 -0.0175823 12.8879 0.0638332 -0.420463 0.0269665 0.385206 187
198.982 -8.33095 -0.0124756 12.7985 0.0623517 -1.11868 -0.0185188 0.409146 188
200.006 -8.33861 -0.0074875 12.7582 0.0638346 -0.503135 0.0185364 0.525419 189
201.027 -8.34104 -0.00238074 12.8938 0.0637753 1.69451 -0.00074096 0.363233 190
202.059 -8.33824 0.00272129 13.0138 0.0639651 1.50042 0.00237208 0.32074 191
203.1 -8.33008 0.00783849 13.1255 0.064316 1.39621 0.004387 0.250124 192
204.15 -8.31644 0.0129838 13.2361 0.0642505 1.3831 -0.000818633 0.254846 193
205.208 -8.29725 0.0181238 13.2748 0.0622132 0.483119 -0.0254663 0.279923 194
206.27 -8.27272 0.0231009 13.3175 0.0601184 0.534368 -0.0261847 0.257802 195
207.335 -8.24299 0.0279103 13.3904 0.0595264 0.911307 -0.00739996 0.251411 196
208.406 -8.208 0.0326725 13.4753 0.0584021 1.0609 -0.0140542 0.247405 197
209.483 -8.16775 0.0373446 13.5669 0.0570802 1.14539 -0.0165234 0.254069 198
210.567 -8.12227 0.0419111 13.6086 0.0532664 0.521076 -0.0476726 0.259545 199
211.655 -8.07202 0.0461724 13.7167 0.0512189 1.35036 -0.025594 0.271882 200
212.751 -8.01688 0.0502699 13.8469 0.0486418 1.62778 -0.0322141 0.25237 201
213.857 -7.95692 0.0541612 13.9745 0.0462399 1.59576 -0.0300237 0.28152 202
214.973 -7.89227 0.0578604 14.0724 0.0442588 1.22285 -0.024763 0.371046 203
216.097 -7.82318 0.0614011 14.0904 0.0412824 0.22577 -0.037206 0.422796 204
217.222 -7.7503 0.0647037 13.9475 0.0336274 -1.78609 -0.0956871 0.451948 205
218.335 -7.67516 0.0673939 13.8137 0.0319781 -1.67278 -0.0206163 0.458666 206
219.437 -7.59792 0.0699521 13.8515 0.0275297 0.471866 -0.0556051 0.486676 207
220.542 -7.51803 0.0721545 13.8053 0.0236094 -0.577271 -0.0490033 0.399907 208
221.644 -7.43633 0.0740433 13.717 0.0159955 -1.10377 -0.0951741 0.44938 209
222.738 -7.35375 0.0753229 13.7312 0.0129952 0.177395 -0.0375033 0.505409 210
223.833 -7.26995 0.0763625 13.7525 0.0100246 0.266826 -0.0371333 0.446566 211
224.93 -7.18514 0.0771645 13.7534 0.00638648 0.011158 -0.045476 0.509185 212
226.027 -7.09976 0.0776754 13.7194 0.00131637 -0.425708 -0.0633764 0.417857 213
227.121 -7.01448 0.0777807 13.6551 -0.00450441 -0.803459 -0.0727598 0.520904 214
228.211 -6.92999 0.0774204 13.6664 -0.00685138 0.14075 -0.0293371 0.384797 215
229.301 -6.84602 0.0768723 13.6869 -0.00861552 0.256646 -0.0220518 0.369778 216
230.392 -6.76269 0.076183 13.7147 -0.00992259 0.347483 -0.0163384 0.359874 217
231.487 -6.68005 0.0753892 13.7469 -0.0108704 0.4022 -0.0118476 0.422169 218
232.583 -6.59817 0.0745196 13.7788 -0.0132339 0.399578 -0.0295431 0.500589 219
233.683 -6.51727 0.0734609 13.8102 -0.0153931 0.392592 -0.026991 0.460623 220
234.784 -6.43754 0.0722294 13.5906 -0.020393 -2.74521 -0.0624983 0.448412 221
235.869 -6.36085 0.070598 13.6914 -0.0184575 1.26039 0.0241932 0.474903 222
236.962 -6.2852 0.0691214 13.397 -0.0280721 -3.68025 -0.120182 0.384117 223
238.031 -6.21358 0.0668756 13.2637 -0.0406463 -1.66695 -0.157177 0.425207 224
239.09 -6.14611 0.0636239 13.3163 -0.0398812 0.658524 0.00956403 0.42042 225
240.153 -6.08177 0.0604334 13.3157 -0.0342624 -0.00779629 0.0702347 0.382858 226
241.217 -6.02035 0.0576924 13.3405 -0.0292006 0.310242 0.0632731 0.319925 227
242.282 -5.9613 0.0553564 13.3569 -0.0247794 0.204062 0.055265 0.332262 228
243.35 -5.90429 0.053374 13.4009 -0.0210693 0.550592 0.0463762 0.264199 229
244.42 -5.8489 0.0516885 13.4747 -0.0177416 0.921845 0.0415963 0.305666 230
245.497 -5.79474 0.0502691 13.5713 -0.014961 1.20794 0.0347578 0.319896 231
246.581 -5.74148 0.0490723 13.6854 -0.0121638 1.42654 0.034964 0.252406 232
247.675 -5.68884 0.0480992 13.7253 -0.013539 0.497985 -0.0171892 0.281273 233
248.772 -5.63723 0.047016 13.7645 -0.014698 0.490201 -0.0144882 0.250001 234
249.872 -5.58677 0.0458402 13.8029 -0.015824 0.479782 -0.0140747 0.229212 235
250.975 -5.53757 0.0445743 13.8409 -0.0168294 0.475001 -0.0125669 0.235338 236
252.081 -5.48972 0.0432279 13.8784 -0.0177077 0.46885 -0.0109796 0.377123 237
253.19 -5.44331 0.0418113 13.6875 -0.0196574 -2.38593 -0.0243713 0.371153 238
254.284 -5.39926 0.0402387 13.3675 -0.028961 -4 -0.116295 0.428248 239
255.353 -5.35872 0.0379218 13.4224 -0.0283559 0.686884 0.00756381 0.383883 240
256.426 -5.32044 0.0356534 13.4758 -0.0277465 0.666475 0.00761766 0.245418 241
257.504 -5.28441 0.0334336 13.5277 -0.0271391 0.648832 0.00759196 0.24226 242
258.585 -5.25058 0.0312625 13.5782 -0.0265438 0.632119 0.00744106 0.277549 243
259.671 -5.21893 0.029139 13.628 -0.0259291 0.621557 0.00768479 0.393083 244
260.761 -5.18943 0.0270647 13.6771 -0.0252988 0.613642 0.00787769 0.427104 245
261.855 -5.16203 0.0250408 13.5669 -0.0244137 -1.37718 0.0110646 0.414032 246
262.94 -5.13697 0.0230877 13.5041 -0.0236437 -0.784898 0.00962527 0.483103 247
264.02 -5.11408 0.0211962 13.4434 -0.0226163 -0.758898 0.0128423 0.562606 248
265.095 -5.09323 0.0193869 13.412 -0.0216527 -0.392067 0.0120445 0.449463 249
266.168 -5.07429 0.0176547 13.4907 -0.0215899 0.983477 0.000784663 0.560787 250
267.247 -5.0571 0.0159275 13.5681 -0.0216071 0.967622 -0.000215089 0.538557 251
268.332 -5.04169 0.0141989 13.6466 -0.0220114 0.980926 -0.00505266 0.53502 252
269.424 -5.02811 0.012438 13.728 -0.0224034 1.01786 -0.00490025 0.505584 253
270.522 -5.01642 0.0106457 13.8099 -0.0229338 1.02332 -0.00663023 0.477289 254
271.627 -5.00668 0.00881102 13.7383 -0.0208523 -0.894666 0.0260185 0.565714 255
272.726 -4.99883 0.00714283 13.8176 -0.0214302 0.991309 -0.00722341 0.559596 256
273.831 -4.99283 0.00542842 13.7462 -0.0192639 -0.892365 0.027078 0.475445 257
274.931 -4.98856 0.0038873 13.8248 -0.0203027 0.982046 -0.0129849 0.394298 258
276.037 -4.98605 0.00226308 13.7165 -0.0178338 -1.35369 0.0308622 0.435199 259
277.134 -4.98514 0.000836383 13.7461 -0.0198669 0.370801 -0.0254144 0.501782 260
278.234 -4.98596 -0.00075297 13.8255 -0.0211487 0.992072 -0.0160219 0.417299 261
279.34 -4.98867 -0.00244486 13.7163 -0.0184339 -1.36514 0.033935 0.367953 262
280.437 -4.99297 -0.00391957 13.4094 -0.0135447 -3.83599 0.0611152 0.409125 263
281.51 -4.99834 -0.00500315 13.4971 -0.0154481 1.09627 -0.0237934 0.490937 264
282.59 -5.00507 -0.006239 13.3341 -0.0126421 -2.03798 0.0350756 0.577966 265
283.657 -5.01281 -0.00725036 13.4096 -0.0155485 0.943446 -0.0363306 0.417717 266
284.729 -5.02192 -0.00849424 13.4983 -0.0173725 1.10915 -0.0228 0.414458 267
285.809 -5.03259 -0.00988405 13.5878 -0.0190905 1.11839 -0.0214746 0.414277 268
286.896 -5.045 -0.0114113 13.2891 -0.0195671 -3.73282 -0.00595767 0.441596 269
287.959 -5.05879 -0.0129767 13.1953 -0.0195504 -1.17334 0.00020864 0.397125 270
289.015 -5.07414 -0.0145407 12.9582 -0.0196508 -2.96319 -0.00125424 0.409527 271
290.051 -5.09084 -0.0161127 13.0607 -0.0204596 1.28058 -0.0101105 0.475171 272
291.096 -5.10939 -0.0177495 13.1674 -0.0212785 1.33388 -0.0102369 0.377111 273
292.149 -5.12988 -0.0194518 13.2727 -0.0219937 1.31724 -0.00893902 0.40054 274
293.211 -5.1524 -0.0212113 13.379 -0.0226563 1.32837 -0.00828304 0.396357 275
294.281 -5.17704 -0.0230238 13.4767 -0.0232121 1.22087 -0.00694741 0.424552 276
295.358 -5.20386 -0.0248808 13.1567 -0.0450775 -4 -0.273317 0.414201 277
296.41 -5.23384 -0.028487 12.8367 -0.0593808 -4 -0.178792 0.380048 278
297.437 -5.26797 -0.0332374 12.9639 -0.0545544 1.59048 0.0603305 0.430555 279
298.473 -5.30695 -0.0376018 13.0907 -0.049982 1.58426 0.0571545 0.302773 280
299.52 -5.35051 -0.0416004 13.2175 -0.045661 1.58582 0.0540135 0.302018 281
300.576 -5.39834 -0.0452532 13.3447 -0.0415691 1.58911 0.0511484 0.310757 282
301.642 -5.45018 -0.0485788 13.4657 -0.0373898 1.51359 0.0522407 0.410023 283
302.718 -5.50571 -0.0515699 13.5931 -0.0333057 1.5915 0.051052 0.354959 284
303.804 -5.56466 -0.0542344 13.7172 -0.0292404 1.55203 0.0508164 0.460183 285
304.9 -5.62671 -0.0565736 13.844 -0.0253441 1.58406 0.0487028 0.448836 286
306.005 -5.69158 -0.0586012 13.9718 -0.0215588 1.59754 0.0473162 0.467625 287
307.121 -5.75896 -0.0603259 14.0995 -0.0179766 1.59659 0.0447782 0.425768 288
308.247 -5.82859 -0.061764 14.2255 -0.0145021 1.5757 0.0434307 0.405237 289
309.382 -5.90015 -0.0629242 14.3536 -0.0113574 1.60083 0.0393085 0.484082 290
310.528 -5.9734 -0.0638328 14.4876 -0.00864703 1.67431 0.0338802 0.490086 291
311.685 -6.04813 -0.0645245 14.606 -0.00571144 1.48025 0.0366949 0.464701 292
312.851 -6.12401 -0.0649814 14.6548 -0.00553211 0.610745 0.00224162 0.512094 293
314.021 -6.20065 -0.065424 14.6717 -0.0058984 0.210261 -0.00457871 0.427941 294
315.192 -6.27794 -0.0658959 14.3517 -0.031751 -4 -0.323157 0.452218 295
316.337 -6.35645 -0.0684359 14.4473 -0.0249897 1.19548 0.0845157 0.377703 296
317.49 -6.43779 -0.0704351 14.5714 -0.0181113 1.55126 0.0859804 0.274939 297
318.653 -6.52152 -0.071884 14.7131 -0.0122214 1.77106 0.0736234 0.289909 298
319.827 -6.6072 -0.0728617 14.8596 -0.00691851 1.831 0.0662861 0.254288 299
321.013 -6.6944 -0.0734152 15.0096 -0.00198212 1.87496 0.0617049 0.285539 300
322.21 -6.78266 -0.0735738 14.6896 0.00436048 -4 0.0792824 0.382207 301
323.382 -6.86864 -0.0732249 14.8402 0.00842712 1.88289 0.050833 0.668088 302
324.566 -6.9547 -0.0725508 14.5202 0.0134582 -4 0.0628883 0.392489 303
325.725 -7.03765 -0.0714741 14.2002 0.0167141 -4 0.0406989 0.535327 304
326.858 -7.11726 -0.070137 14.3716 0.0201818 2.14255 0.0433457 0.491714 305
328.005 -7.19598 -0.0685225 14.5341 0.0242428 2.03098 0.0507627 0.437821 306
329.165 -7.27334 -0.066583 14.2141 0.0285142 -4 0.0533926 0.41809 307
330.3 -7.34641 -0.0643019 13.8941 0.0295283 -4 0.012676 0.453074 308
331.409 -7.41522 -0.0619396 13.5741 0.0308512 -4 0.0165371 0.462645 309
332.493 -7.47976 -0.0594715 13.2541 0.0308244 -4 -0.00033495 0.414129 310
333.552 -7.54017 -0.0570056 12.9341 0.0311127 -4 0.00360336 0.458352 311
334.585 -7.59655 -0.0545166 13.1992 0.034607 3.3144 0.0436787 0.365629 312
335.64 -7.65117 -0.051748 13.4655 0.0367907 3.32786 0.0272961 0.365457 313
336.716 -7.70373 -0.0488048 13.1455 0.0352922 -4 -0.0187309 0.404421 314
337.766 -7.75206 -0.0459814 12.8255 0.0322019 -4 -0.0386285 0.431044 315
338.791 -7.79659 -0.0434052 12.5055 0.0294579 -4 -0.0343 0.517615 316
339.791 -7.83764 -0.0410486 12.1855 0.0261083 -4 -0.0418709 0.485755 317
340.765 -7.87561 -0.0389599 11.8655 0.0233104 -4 -0.0349733 0.434461 318
341.714 -7.91081 -0.0370951 11.5455 0.0227445 -4 -0.00707309 0.486004 319
342.637 -7.94339 -0.0352755 11.2975 0.0232066 -3.09905 0.00577623 0.538761 320
343.54 -7.97359 -0.033419 11.4301 0.0288701 1.65709 0.0707935 0.429471 321
344.454 -8.00203 -0.0311094 11.1101 0.0240144 -4 -0.0606964 0.467831 322
345.342 -8.02797 -0.0291882 10.7901 0.0181677 -4 -0.0730843 0.46763 323
346.205 -8.05191 -0.0277348 10.5618 0.0172153 -2.85311 -0.0119048 0.501075 324
347.05 -8.07417 -0.0263576 10.2418 0.00307305 -4 -0.176778 0.369925 325
347.869 -8.09557 -0.0261118 10.0445 0.00283595 -2.46624 -0.00296374 0.45927 326
348.672 -8.11636 -0.0258849 9.87744 0.00253508 -2.08888 -0.00376083 0.451626 327
349.462 -8.13666 -0.0256821 9.76464 0.00246149 -1.41001 -0.000919896 0.414278 328
350.243 -8.15656 -0.0254852 9.62894 0.00102141 -1.69619 -0.018001 0.415665 329
351.013 -8.17613 -0.0254034 9.30894 0.00544645 -4 0.055313 0.678107 330
351.758 -8.19472 -0.0249677 9.22343 0.00657496 -1.06895 0.0141063 0.431921 331
352.495 -8.21275 -0.0244417 9.15388 0.00823431 -0.869381 0.0207419 0.373346 332
353.227 -8.23017 -0.023783 9.08395 0.0101633 -0.874114 0.0241125 0.329542 333
353.954 -8.24686 -0.0229699 9.02707 0.0125077 -0.711 0.0293049 0.388116 334
354.676 -8.26272 -0.0219693 8.9721 0.0139427 -0.687099 0.017938 0.405613 335
355.394 -8.27769 -0.0208539 8.89405 0.0145168 -0.975573 0.00717565 0.351554 336
356.105 -8.2917 -0.0196925 8.9395 0.0194303 0.56814 0.0614194 0.355479 337
356.82 -8.30467 -0.0181381 9.00707 0.0206836 0.844622 0.0156654 0.71084 338
357.54 -8.31655 -0.0164834 8.91484 0.0204154 -1.15287 -0.00335223 0.401491 339
358.254 -8.32714 -0.0148502 8.82392 0.0198798 -1.13652 -0.00669521 0.400774 340
358.959 -8.3365 -0.0132598 8.73636 0.0191434 -1.0945 -0.00920459 0.373229 341
359.658 -8.3447 -0.0117283 8.61843 0.0179187 -1.47414 -0.0153093 0.406208 342
360.348 -8.3518 -0.0102948 8.53941 0.0169306 -0.987816 -0.0123512 0.463712 343
361.031 -8.3579 -0.0089404 8.47237 0.0159317 -0.837922 -0.0124859 0.366474 344
361.709 -8.3631 -0.00766587 8.41895 0.0149358 -0.667822 -0.0124491 0.428329 345
362.382 -8.36746 -0.006471 8.37945 0.0139462 -0.493753 -0.0123698 0.421194 346
363.052 -8.37105 -0.00535531 8.35203 0.0129631 -0.342739 -0.0122887 0.425855 347
363.721 -8.37393 -0.00431826 8.3425 0.0120248 -0.11915 -0.0117285 0.500663 348
364.388 -8.37617 -0.00335628 8.35404 0.0112013 0.144291 -0.0102939 0.346268 349
365.056 -8.37782 -0.00246017 8.48038 0.0133227 1.57927 0.0265171 0.364188 350
365.735 -8.37876 -0.00139436 8.61514 0.0151088 1.68447 0.0223265 0.363024 351
366.424 -8.37889 -0.000185655 8.58852 0.0131629 -0.332677 -0.0243237 0.355107 352
367.111 -8.37829 0.000867377 8.79067 0.0182783 2.52684 0.0639422 0.381833 353
367.814 -8.37666 0.00232964 8.76227 0.0154673 -0.355089 -0.0351375 0.339243 354
368.515 -8.37416 0.00356702 8.96931 0.0203916 2.58812 0.0615544 0.439634 355
369.233 -8.37043 0.00519835 9.17748 0.0247222 2.60203 0.0541328 0.557689 356
369.967 -8.36516 0.00717613 9.02414 0.0180258 -1.91666 -0.0837052 0.405805 357
370.689 -8.35894 0.00861819 9.22832 0.0228264 2.55221 0.0600077 0.37702 358
371.427 -8.35122 0.0104443 9.00022 0.0132812 -2.85131 -0.119315 0.493298 359
372.147 -8.34294 0.0115068 9.16914 0.0182701 2.11148 0.0623603 0.435334 360
372.881 -8.33343 0.0129684 9.36793 0.0230389 2.48492 0.05961 0.49027 361
373.63 -8.32233 0.0148115 9.50717 0.0267726 1.74052 0.0466721 0.422651 362
374.39 -8.30943 0.0169533 9.69177 0.0244959 2.30755 -0.0284586 0.420875 363
375.166 -8.29477 0.018913 9.37177 0.000859821 -4 -0.295451 0.49127 364
375.915 -8.28054 0.0189818 9.54743 0.00157079 2.19576 0.00888714 0.404924 365
376.679 -8.26595 0.0191075 9.72083 0.00209781 2.16738 0.00658775 0.42755 366
377.456 -8.25096 0.0192753 9.89144 0.00239654 2.13263 0.00373408 0.388034 367
378.247 -8.23555 0.019467 10.0622 0.00263321 2.13512 0.00295838 0.39261 368
379.052 -8.21972 0.0196777 10.2317 0.00272145 2.11815 0.00110297 0.361536 369
379.871 -8.20343 0.0198954 10.3929 0.00248899 2.01479 -0.00290573 0.390795 370
380.702 -8.18673 0.0200945 10.5585 0.0020417 2.06988 -0.00559115 0.415843 371
381.546 -8.16962 0.0202578 10.7217 0.0013651 2.04068 -0.00845742 0.432434 372
382.404 -8.15215 0.020367 10.8803 0.000535066 1.9822 -0.0103754 0.536973 373
383.274 -8.13438 0.0204098 11.0318 0.000333353 1.89414 -0.00252142 0.541396 374
384.157 -8.11635 0.0204365 11.1855 -4.39028e-05 1.92071 -0.0047157 0.561323 375
385.051 -8.09807 0.020433 11.3011 -0.000482516 1.44465 -0.00548266 0.550321 376
385.955 -8.07963 0.0203944 11.4276 -0.00141854 1.58157 -0.0117003 0.536988 377
386.869 -8.06109 0.0202809 11.5825 -0.00241718 1.93609 -0.012483 0.540387 378
387.796 -8.04248 0.0200875 11.7383 -0.00364446 1.94749 -0.015341 0.544385 379
388.734 -8.02389 0.019796 11.8929 -0.00517842 1.93316 -0.0191745 0.654456 380
389.686 -8.00545 0.0193817 11.5729 -0.0283753 -4 -0.289961 0.52475 381
390.611 -7.98961 0.0171117 11.7663 -0.0262829 2.41663 0.0261541 0.505009 382
391.553 -7.97548 0.0150091 11.9565 -0.0246201 2.37765 0.0207858 0.681844 383
392.509 -7.96301 0.0130394 11.6365 -0.0405107 -4 -0.198633 0.661411 384
393.44 -7.95389 0.00979859 11.7681 -0.0366346 1.64554 0.0484512 0.653839 385
394.381 -7.94742 0.00686782 11.9497 -0.0336712 2.26934 0.0370433 0.5943 386
395.337 -7.94343 0.00417413 12.1029 -0.0331176 1.91499 0.00691949 0.502615 387
396.306 -7.94195 0.00152472 12.3431 -0.0328633 3.00263 0.00317828 0.545415 388
397.293 -7.94304 -0.00110435 12.5557 -0.0298554 2.65745 0.0375989 0.426917 389
398.297 -7.94655 -0.00349278 12.701 -0.0284904 1.81609 0.0170625 0.436469 390
399.314 -7.95242 -0.00577201 12.8674 -0.0262483 2.08014 0.0280262 0.425385 391
400.343 -7.96052 -0.00787188 13.0793 -0.0242878 2.64862 0.0245068 0.417891 392
401.389 -7.97079 -0.0098149 13.2917 -0.0226165 2.65542 0.0208908 0.425976 393
402.452 -7.98315 -0.0116242 13.4974 -0.021205 2.57174 0.0176439 0.440064 394
403.532 -7.99753 -0.0133206 13.6859 -0.0197056 2.35534 0.0187428 0.441499 395
404.627 -8.01384 -0.0148971 13.7134 -0.0232458 0.344825 -0.0442529 0.498935 396
405.724 -8.03223 -0.0167567 13.8577 -0.0202524 1.80316 0.0374171 0.568963 397
406.832 -8.0526 -0.0183769 14.0299 -0.0175558 2.15281 0.0337075 0.549033 398
407.954 -8.0748 -0.0197814 14.1656 -0.0155967 1.69568 0.0244892 0.439936 399
409.087 -8.09863 -0.0210291 14.1046 -0.0202578 -0.762057 -0.0582639 0.503603 400
410.215 -8.12418 -0.0226498 14.2084 -0.0164966 1.29759 0.0470149 0.579377 401
411.352 -8.15143 -0.0239695 14.3553 -0.0128623 1.83607 0.0454289 0.450825 402
412.5 -8.18013 -0.0249985 14.5009 -0.00977997 1.81937 0.0385293 0.431915 403
413.66 -8.21004 -0.0257809 14.4937 -0.00847008 -0.0889063 0.0163736 0.46958 404
414.819 -8.24071 -0.0264585 14.4941 -0.000758624 0.00412464 0.0963932 0.548981 405
415.978 -8.27146 -0.0265192 14.4951 0.00657144 0.0126004 0.0916258 0.455726 406
417.137 -8.3016 -0.0259935 14.4929 0.0135947 -0.0270844 0.0877912 0.361842 407
418.296 -8.33047 -0.0249059 14.4859 0.020498 -0.0881553 0.0862905 0.43776 408
419.455 -8.35743 -0.023266 14.473 0.0273412 -0.16042 0.0855397 0.531538 409
420.612 -8.38183 -0.0210787 14.4553 0.0340508 -0.221074 0.0838701 0.423723 410
421.768 -8.40306 -0.0183547 14.4341 0.0405199 -0.26511 0.0808644 0.371542 411
422.923 -8.42051 -0.0151131 14.2355 0.0357892 -2.4832 -0.0591333 0.431248 412
424.062 -8.43446 -0.0122499 14.1108 0.0421495 -1.5584 0.079503 0.487968 413
425.191 -8.44448 -0.00887799 14.0175 0.0491631 -1.16603 0.0876701 0.47329 414
426.312 -8.45003 -0.00494494 13.9564 0.055932 -0.764012 0.0846118 0.388033 415
427.428 -8.45055 -0.00047038 13.9196 0.0615148 -0.460422 0.0697845 0.468103 416
428.542 -8.44559 0.0044508 13.8974 0.0659354 -0.276804 0.055258 0.426853 417
429.654 -8.43478 0.00972564 13.8823 0.0693576 -0.18872 0.042777 0.488741 418
430.764 -8.41782 0.0152742 13.8748 0.0719664 -0.0944257 0.0326106 0.471007 419
431.874 -8.39448 0.0210316 13.8616 0.0738194 -0.165117 0.0231619 0.514313 420
432.983 -8.36461 0.0269371 13.827 0.0571669 -0.431418 -0.208156 0.489193 421
434.088 -8.32976 0.0315105 13.7993 0.0609214 -0.346947 0.046931 0.504533 422
435.191 -8.2896 0.0363842 13.7635 0.0456603 -0.447571 -0.190763 0.485868 423
436.292 -8.24553 0.040037 13.7196 0.0305547 -0.548911 -0.188821 0.476169 424
437.388 -8.19892 0.0424814 13.6875 0.0184256 -0.401139 -0.151613 0.647702 425
438.482 -8.1508 0.0439554 13.3675 -0.0101058 -4 -0.356642 0.525017 426
439.55 -8.10468 0.043147 13.0475 -0.0327059 -4 -0.282502 0.586351 427
440.593 -8.06238 0.0405305 13.0672 -0.0369181 0.246954 -0.0526525 0.529797 428
441.638 -8.02311 0.037577 13.1096 -0.0423601 0.529945 -0.0680248 0.689534 429
442.686 -7.98726 0.0341882 13.0224 -0.0334471 -1.08985 0.111413 0.708758 430
443.727 -7.95444 0.0315125 13.0819 -0.03835 0.742865 -0.0612863 0.668096 431
444.774 -7.92467 0.0284445 13.1511 -0.0426249 0.86509 -0.0534366 0.628671 432
445.825 -7.89834 0.0250345 13.1381 -0.0423245 -0.162447 0.00375481 0.721945 433
446.876 -7.87558 0.0216485 12.8997 -0.047991 -2.97928 -0.0708311 0.646897 434
447.908 -7.85721 0.0178092 12.8859 -0.0500419 -0.173247 -0.0256369 0.600938 435
448.939 -7.84297 0.0138059 12.9685 -0.0504945 1.03331 -0.00565699 0.456105 436
449.976 -7.83284 0.00976631 13.0492 -0.0503231 1.00827 0.00214269 0.55655 437
451.02 -7.82685 0.00574046 13.1359 -0.0501698 1.08424 0.00191629 0.464264 438
452.071 -7.82503 0.00172688 13.2195 -0.0485784 1.04479 0.0198928 0.465377 439
453.129 -7.82732 -0.00215939 13.0914 -0.0492073 -1.60129 -0.00786227 0.539469 440
454.176 -7.8337 -0.00609598 13.1525 -0.0449864 0.763977 0.0527617 0.608306 441
455.228 -7.8439 -0.00969489 12.9163 -0.0503947 -2.953 -0.0676032 0.664084 442
456.261 -7.85809 -0.0137265 12.9546 -0.0489422 0.478685 0.0181559 0.518859 443
457.297 -7.87637 -0.0176418 13.0326 -0.0474224 0.975096 0.0189975 0.561924 444
458.34 -7.89872 -0.0214356 13.1204 -0.0464486 1.09768 0.0121727 0.456472 445
459.389 -7.92511 -0.0251515 13.2008 -0.0454321 1.00498 0.0127062 0.429324 446
460.445 -7.95551 -0.0287861 13.2704 -0.0437259 0.869131 0.0213272 0.488758 447
461.506 -7.98978 -0.0322842 13.2916 -0.0339371 0.265551 0.122359 0.516705 448
462.568 -8.02699 -0.0349991 13.3127 -0.0243936 0.263643 0.119294 0.515983 449
463.633 -8.06633 -0.0369506 13.3836 -0.0237173 0.886285 0.00845362 0.540389 450
464.703 -8.10791 -0.038848 13.3934 -0.0139219 0.123012 0.122443 0.612651 451
465.773 -8.15072 -0.0399618 13.4477 -0.0131936 0.678682 0.00910411 0.613125 452
466.848 -8.19483 -0.0410172 13.5008 -0.0121394 0.663209 0.0131772 0.494629 453
467.927 -8.24017 -0.0419884 13.3385 -0.0121696 -2.02805 -0.000377093 0.560472 454
468.993 -8.286 -0.042962 13.2838 -0.0142429 -0.684655 -0.0259167 0.571879 455
470.055 -8.33285 -0.0441014 13.3362 -0.0124877 0.65583 0.0219397 0.472501 456
471.121 -8.38095 -0.0451004 13.4346 -0.010697 1.2301 0.0223841 0.576526 457
472.194 -8.43033 -0.0459562 13.5507 -0.0100129 1.45097 0.008551 0.557987 458
473.277 -8.481 -0.0467572 13.5925 -0.0079746 0.522852 0.0254789 0.532169 459
474.364 -8.53252 -0.0473952 13.2825 -0.0164945 -3.87533 -0.106499 0.623672 460
475.425 -8.58426 -0.0487147 13.2944 -0.014238 0.148487 0.0282065 0.612311 461
476.487 -8.63726 -0.0498538 13.3119 -0.0115071 0.219297 0.0341362 0.688277 462
477.551 -8.69131 -0.0507743 13.4186 -0.00819978 1.33381 0.0413415 0.611212 463
478.623 -8.74649 -0.0514303 13.2553 -0.0117761 -2.04184 -0.0447036 0.626761 464
479.682 -8.80201 -0.0523724 12.9665 -0.0132077 -3.61022 -0.0178948 0.709005 465
480.718 -8.8574 -0.053429 13.0839 -0.00864671 1.46714 0.0570118 0.751354 466
481.763 -8.91402 -0.0541207 12.9797 -0.0089775 -1.30206 -0.00413479 0.650977 467
482.8 -8.97094 -0.0548389 13.135 -0.00603533 1.94132 0.0367771 0.760659 468
483.849 -9.02904 -0.0553218 13.3102 -0.00356663 2.18996 0.0308587 0.792892 469
484.912 -9.08822 -0.0556071 13.3498 0.000688076 0.495493 0.0531838 0.846844 470
485.978 -9.14752 -0.0555521 13.4464 0.0029408 1.20709 0.0281591 0.773575 471
487.052 -9.20699 -0.0553168 13.5183 0.00564763 0.899243 0.0338353 0.705117 472
488.132 -9.2663 -0.054865 13.5062 0.0103033 -0.151455 0.0581961 0.822244 473
489.211 -9.32466 -0.0540407 13.5273 0.0139139 0.263679 0.0451325 0.740245 474
490.292 -9.38191 -0.0529276 13.5553 0.0176323 0.349855 0.0464799 0.889511 475
491.375 -9.43775 -0.051517 13.5027 0.0189504 -0.658166 0.0164766 0.849814 476
492.454 -9.49174 -0.050001 13.5817 0.0215376 0.988042 0.03234 0.905331 477
493.539 -9.54418 -0.048278 13.6295 0.0243062 0.59731 0.0346075 0.858888 478
494.628 -9.59468 -0.0463335 13.7524 0.0273431 1.53707 0.0379602 0.828051 479
495.727 -9.64323 -0.044146 13.5822 0.0312786 -2.12778 0.0491938 0.835638 480
496.813 -9.68847 -0.0416437 13.6643 0.0328865 1.02624 0.0200989 0.886654 481
497.905 -9.73111 -0.0390128 13.7444 0.0346977 1.001 0.0226405 0.776274 482
499.004 -9.77094 -0.036237 13.8819 0.0361518 1.71911 0.0181766 0.771626 483
500.114 -9.80797 -0.0333449 14.0098 0.0376118 1.59806 0.0182501 0.812006 484
501.234 -9.84196 -0.0303359 14.1044 0.0389488 1.18285 0.0167125 0.724238 485
502.362 -9.87267 -0.02722 14.1994 0.0401755 1.18735 0.0153326 0.674817 486
503.498 -9.89994 -0.024006 14.2905 0.0412316 1.13926 0.0132012 0.661055 487
504.641 -9.92361 -0.0207074 14.3827 0.0421368 1.15247 0.0113159 0.668068 488
505.791 -9.94356 -0.0173365 14.475 0.0429155 1.15377 0.00973395 0.530311 489
506.949 -9.95966 -0.0139033 14.5666 0.0439156 1.14431 0.012501 0.458523 490
508.114 -9.97176 -0.01039 14.3208 0.0392744 -3.07215 -0.0580159 0.4079 491
509.26 -9.98007 -0.00724806 14.4183 0.0410009 1.21827 0.0215815 0.358884 492
510.413 -9.98464 -0.00396799 14.5202 0.0427961 1.27456 0.0224399 0.362079 493
511.575 -9.98528 -0.000544302 14.6223 0.0445202 1.27608 0.0215518 0.398448 494
512.745 -9.98175 0.00301732 14.3023 0.0333009 -4 -0.140242 0.414361 495
513.889 -9.97525 0.00568139 14.3955 0.0365761 1.16531 0.0409399 0.416149 496
515.041 -9.96533 0.00860747 14.4833 0.0401388 1.09686 0.0445338 0.402697 497
516.199 -9.95164 0.0118186 14.5569 0.0439477 0.920177 0.0476111 0.380518 498
517.364 -9.93378 0.0153344 14.6239 0.048054 0.837433 0.0513287 0.421007 499
518.533 -9.91135 0.0191787 14.6846 0.0522285 0.758624 0.0521823 0.422926 500
519.708 -9.88391 0.023357 14.7409 0.0563026 0.703514 0.0509255 0.364972 501
520.887 -9.85106 0.0278612 14.4209 0.0285799 -4 -0.346534 0.464642 502
522.04 -9.81628 0.0301476 14.4475 0.0362404 0.332546 0.0957567 0.373407 503
523.195 -9.7781 0.0330468 14.4728 0.0433396 0.316048 0.0887402 0.39567 504
524.352 -9.73583 0.036514 14.5 0.0498612 0.340581 0.0815204 0.399851 505
525.511 -9.68886 0.0405029 14.53 0.055816 0.375295 0.0744343 0.451975 506
526.672 -9.6366 0.0449682 14.5208 0.0442552 -0.115442 -0.14451 0.484083 507
527.832 -9.58028 0.0485086 14.5129 0.0336676 -0.098753 -0.132345 0.480184 508
528.992 -9.52085 0.051202 14.5058 0.0240574 -0.0890374 -0.120128 0.389426 509
530.151 -9.45923 0.0531266 14.4998 0.0153525 -0.0742555 -0.10881 0.413493 510
531.309 -9.39621 0.0543548 14.4951 0.00748341 -0.0590205 -0.0983641 0.539481 511
532.467 -9.33252 0.0549534 14.4915 0.000378656 -0.0453711 -0.0888094 0.529661 512
533.625 -9.26881 0.0549837 14.4888 -0.00602457 -0.032866 -0.0800404 0.612964 513
534.782 -9.20567 0.0545018 14.2126 0.00986456 -3.45316 0.198614 0.50747 514
535.917 -9.14283 0.0552909 13.8926 0.0104104 -4 0.00682349 0.528349 515
537.027 -9.08049 0.0561238 13.5726 -0.00875444 -4 -0.239561 0.600522 516
538.111 -9.02034 0.0554234 13.2526 0.000417896 -4 0.114654 0.6008 517
539.169 -8.96158 0.0554568 12.9326 -0.011261 -4 -0.145986 0.550777 518
540.203 -8.90516 0.054556 12.8158 -0.0154036 -1.45932 -0.0517822 0.557249 519
541.226 -8.85051 0.0533237 12.8381 -0.0178701 0.278044 -0.0308316 0.540624 520
542.252 -8.79724 0.0518941 12.9359 -0.0233175 1.22262 -0.0680929 0.463716 521
543.286 -8.74549 0.0500287 13.0487 -0.0293664 1.41015 -0.0756106 0.378015 522
544.328 -8.69573 0.0476794 13.1373 -0.0350082 1.10792 -0.0705228 0.379615 523
545.378 -8.64858 0.0448787 13.2435 -0.0388236 1.3266 -0.0476924 0.402085 524
546.437 -8.60434 0.0417728 13.3397 -0.0411263 1.20229 -0.0287836 0.333571 525
547.503 -8.56328 0.0384827 13.4342 -0.042517 1.1819 -0.0173837 0.483077 526
548.577 -8.52559 0.0350814 13.5261 -0.0433586 1.14803 -0.0105199 0.418899 527
549.659 -8.49138 0.0316127 13.6175 -0.0438512 1.14276 -0.00615818 0.409964 528
550.748 -8.46077 0.0281046 13.7095 -0.0440826 1.15077 -0.00289264 0.477978 529
551.844 -8.43382 0.024578 13.8026 -0.0440901 1.16267 -9.29926e-05 0.433935 530
552.948 -8.41057 0.0210508 13.899 -0.0438044 1.20565 0.00357106 0.401214 531
554.06 -8.39107 0.0175464 13.995 -0.0431842 1.19984 0.00775177 0.453711 532
555.179 -8.37529 0.0140917 14.0897 -0.0420862 1.18361 0.0137254 0.431159 533
556.307 -8.3632 0.0107248 14.1792 -0.0404788 1.11943 0.0200922 0.443814 534
557.441 -8.35471 0.00748646 14.2665 -0.0383734 1.09129 0.0263175 0.395667 535
558.582 -8.34967 0.00441659 14.3484 -0.035793 1.02288 0.0322548 0.439375 536
559.73 -8.34789 0.00155315 14.4264 -0.0351023 0.975335 0.0086349 0.430808 537
560.884 -8.34933 -0.00125503 14.5158 -0.0335088 1.1174 0.0199178 0.476159 538
562.045 -8.3539 -0.00393574 14.3964 -0.0329691 -1.49225 0.00674659 0.46992 539
563.197 -8.36147 -0.00657327 14.1973 -0.0339842 -2.48855 -0.012689 0.569129 540
564.333 -8.37203 -0.00929201 14.3207 -0.0305092 1.54234 0.0434384 0.39836 541
565.478 -8.38547 -0.0117327 14.411 -0.0266171 1.12902 0.048651 0.463889 542
566.631 -8.40145 -0.0138621 14.4931 -0.0229243 1.02578 0.04616 0.404227 543
567.79 -8.41965 -0.015696 14.5637 -0.0188298 0.88253 0.0511811 0.443718 544
568.955 -8.43969 -0.0172024 14.6233 -0.0143849 0.745511 0.0555611 0.446313 545
570.125 -8.46116 -0.0183532 14.6763 -0.00974596 0.661659 0.0579868 0.422473 546
571.299 -8.48362 -0.0191329 14.729 -0.00510295 0.659096 0.0580376 0.430008 547
572.477 -8.50665 -0.0195411 14.7794 -0.000476296 0.62989 0.0578332 0.473284 548
573.659 -8.52979 -0.0195792 14.8257 0.00414749 0.579059 0.0577974 0.429005 549
574.845 -8.55262 -0.0192474 14.8636 0.00811949 0.47307 0.04965 0.374491 550
576.034 -8.57473 -0.0185979 14.9038 0.0119066 0.503647 0.0473387 0.406957 551
577.226 -8.59577 -0.0176454 14.9449 0.0157895 0.512588 0.0485363 0.25567 552
578.421 -8.61536 -0.0163822 14.9841 0.0197459 0.490761 0.0494557 0.262743 553
579.62 -8.6331 -0.0148025 15.0201 0.0237067 0.449383 0.0495099 0.265362 554
580.822 -8.64861 -0.012906 15.0527 0.0276254 0.407326 0.0489826 0.242709 555
582.026 -8.66149 -0.010696 15.084 0.031316 0.3914 0.0461335 0.294124 556
583.232 -8.67137 -0.00819067 15.1134 0.0347666 0.367749 0.0431315 0.235265 557
584.441 -8.67791 -0.00540934 15.1413 0.0379344 0.349367 0.0395977 0.281762 558
585.653 -8.68079 -0.0023746 15.168 0.0407945 0.33294 0.0357522 0.264402 559
586.866 -8.67971 0.000888968 15.1778 0.0367076 0.122297 -0.0510869 0.233092 560
588.08 -8.67507 0.00382558 15.1853 0.0329057 0.0944614 -0.0475235 0.219326 561
589.295 -8.66722 0.00645803 15.1906 0.0293697 0.0662327 -0.0442002 0.234847 562
590.51 -8.65652 0.00880761 15.1961 0.0260677 0.068152 -0.0412749 0.22516 563
591.726 -8.64327 0.010893 15.1985 0.022978 0.0309229 -0.0386209 0.257463 564
592.942 -8.6278 0.0127313 15.1991 0.0200951 0.0069499 -0.0360362 0.230487 565
594.158 -8.61036 0.0143389 15.1867 0.0174274 -0.154436 -0.0333466 0.285299 566
595.372 -8.59125 0.0157331 15.1731 0.0148188 -0.169957 -0.0326074 0.346665 567
596.586 -8.57071 0.0169186 15.1286 0.012666 -0.556886 -0.0269096 0.35432 568
597.796 -8.54901 0.0179319 14.8689 0.008304 -3.24575 -0.0545256 0.412692 569
598.985 -8.52689 0.0185962 14.8027 0.00497619 -0.827813 -0.0415977 0.43811 570
600.169 -8.5044 0.0189943 14.789 0.00258655 -0.171602 -0.0298705 0.482306 571
