1.120000000000000107e+00
1.000000000000000000e+01
0.000000000000000000e+00
1.400000000000000000e+01
0.000000000000000000e+00
6.594563042627843430e-02
-4.672232613672479967e-02
5.607433319091796875e-01
1.000000000000000000e+00
4.000000000000000000e+00
2.240422001943635166e+00
9.999664968168026746e+00
-2.990228872750387307e-04
1.400527565043410050e+01
-3.737786090937984026e-03
1.970292720157695854e-01
-2.132905309658880977e-01
5.635588169097900391e-01
2.000000000000000000e+00
6.000000000000000000e+00
3.362102879959050217e+00
9.997462987805588952e+00
-1.963105172731761331e-03
1.402103799219536207e+01
-2.080102856820903109e-02
1.702326192878578226e-01
-2.304283837183263850e-01
5.446600914001464844e-01
3.000000000000000000e+00
1.000000000000000000e+00
4.484860795424624236e+00
9.991734706806855826e+00
-5.101929113985772916e-03
1.403465660173839069e+01
-3.923529926567514287e-02
1.189874270002722056e-01
-2.824182545619342566e-01
5.436954498291015625e-01
4.000000000000000000e+00
1.000000000000000000e+00
5.608338123685436827e+00
9.980445368390057581e+00
-1.004822988443616373e-02
1.404417559589841247e+01
-6.182875963062988561e-02
1.269657861939332832e-01
-2.231373087800441468e-01
5.451989173889160156e-01
5.000000000000000000e+00
1.000000000000000000e+00
6.732533136472850899e+00
9.961981492825495721e+00
-1.642260943107883703e-02
1.405433285879392891e+01
-7.967974433303341708e-02
1.096446309134302410e-01
-1.425375473809565863e-01
5.508453845977783203e-01
6.000000000000000000e+00
1.000000000000000000e+00
7.857265295287207962e+00
9.935309962404490491e+00
-2.370922928095963236e-02
1.406310442926700333e+01
-9.108274812350994343e-02
6.599454441134078309e-02
-7.619087246581099371e-02
5.486929416656494141e-01
7.000000000000000000e+00
1.000000000000000000e+00
8.982178272472225444e+00
9.899882091383188865e+00
-3.148347071462161834e-02
1.406838399281991059e+01
-9.717801792077482292e-02
7.746823810281799894e-02
-1.981996036053788185e-02
5.525207519531250000e-01
8.000000000000000000e+00
4.000000000000000000e+00
1.010727163364208181e+01
9.855547859222848928e+00
-3.938455989459104661e-02
1.407458145186813603e+01
-9.876361474961785347e-02
8.710231609032614841e-02
2.504907074081397927e-02
5.540769100189208984e-01
9.000000000000000000e+00
5.000000000000000000e+00
1.123254494545449234e+01
9.802479687045735801e+00
-4.712533502181926598e-02
1.408154963715536212e+01
-9.675968909035273513e-02
9.582452219414339112e-02
2.953026843461464823e-02
5.589847564697265625e-01
1.000000000000000000e+01
2.000000000000000000e+00
1.235799777560820445e+01
9.740881775269373932e+00
-5.467711643106595160e-02
1.408921559893089359e+01
-9.439726761558356327e-02
1.096636964181163520e-01
-5.363116563480759685e-02
5.728576183319091797e-01
1.100000000000000000e+01
2.000000000000000000e+00
1.348362969284049839e+01
9.670356514492853606e+00
-6.257213730037540500e-02
1.409798869464434290e+01
-9.868776086636817102e-02
9.477721170210173796e-02
-2.622815245833694242e-02
5.750443935394287109e-01
1.200000000000000000e+01
2.000000000000000000e+00
1.460926145254179076e+01
9.590714998459269225e+00
-7.063501834541821567e-02
1.410557087158051104e+01
-1.007860130630351264e-01
4.855277067150609582e-02
2.423671328566391614e-02
5.786459445953369141e-01
1.300000000000000000e+01
4.000000000000000000e+00
1.573453801783753292e+01
9.502150451515387175e+00
-7.854278442543277672e-02
1.410945509323423153e+01
-9.884707600018201312e-02
5.305987842998405313e-02
6.888041105273956521e-02
5.829210281372070312e-01
1.400000000000000000e+01
7.000000000000000000e+00
1.685946024202273463e+01
9.405156917166811681e+00
-8.600971587470980506e-02
1.411369988350863025e+01
-9.333664311596284735e-02
5.574151813565464408e-02
6.970534217565597934e-02
6.006577014923095703e-01
1.500000000000000000e+01
4.000000000000000000e+00
1.798402897634251474e+01
9.300234824428752489e+00
-9.303053313406263458e-02
1.411815920495948085e+01
-8.776021574191036900e-02
6.658728714146189276e-02
-1.704679446607425264e-02
5.877122879028320312e-01
1.600000000000000000e+01
5.000000000000000000e+00
1.910824506999701455e+01
9.187254772151733917e+00
-1.001604498779983393e-01
1.412348618793079780e+01
-8.912395929919630921e-02
7.485620057317010634e-02
7.731594433902679031e-03
5.867683887481689453e-01
1.700000000000000000e+01
4.000000000000000000e+00
2.023210937014631838e+01
9.066266401393248131e+00
-1.072408844175570669e-01
1.412947468397665141e+01
-8.850543174448409489e-02
2.514878725254909853e-02
1.980287375723220611e-02
5.897800922393798828e-01
1.800000000000000000e+01
0.000000000000000000e+00
2.135526509314955845e+01
8.937447667926198491e+00
-1.141945805650695089e-01
1.413148658695685533e+01
-8.692120184390551840e-02
-6.956811565814735587e-02
-5.947201054961378380e-02
5.819022655487060547e-01
1.900000000000000000e+01
0.000000000000000000e+00
2.247700386673854922e+01
8.800448868827984938e+00
-1.215288975800994792e-01
1.412592113770420355e+01
-9.167896268787462111e-02
-5.780620573447858845e-02
-1.258793189704097287e-02
5.910072326660156250e-01
2.000000000000000000e+01
0.000000000000000000e+00
2.359732909489671471e+01
8.655183925828396241e+00
-1.289437773592705117e-01
1.412129664124544526e+01
-9.268599723963789894e-02
-5.466915006575590041e-02
4.523230431723590517e-02
5.937602519989013672e-01
2.100000000000000000e+01
0.000000000000000000e+00
2.471624417342999891e+01
8.501987441883979812e+00
-1.360691703908112338e-01
1.411692310924018479e+01
-8.906741289425902652e-02
-3.717230140634075752e-02
1.239790662817610856e-01
5.628080368041992188e-01
2.200000000000000000e+01
1.000000000000000000e+00
2.583393130436937213e+01
8.341742950973829451e+00
-1.424010973981486849e-01
1.411394932512767753e+01
-7.914908759171813968e-02
-1.907316336682285396e-02
2.703664910890706263e-01
5.601413249969482422e-01
2.300000000000000000e+01
1.000000000000000000e+00
2.695074847490607084e+01
8.176374926179127200e+00
-1.470026788625160841e-01
1.411242347205833170e+01
-5.751976830459248902e-02
-9.032316053669831035e-02
2.743699571745037424e-01
5.578362941741943359e-01
2.400000000000000000e+01
0.000000000000000000e+00
2.806651896059123175e+01
8.007915843647296583e+00
-1.498482926009666594e-01
1.410519761921539583e+01
-3.557017173063219129e-02
-1.873700035252001683e-01
2.472362946130506056e-01
5.592160224914550781e-01
2.500000000000000000e+01
0.000000000000000000e+00
2.918089023865674747e+01
7.838227860778025580e+00
-1.511115940538937108e-01
1.409020801893337982e+01
-1.579126816158814284e-02
-2.263210932657688801e-01
2.307005454270372180e-01
5.475258827209472656e-01
2.600000000000000000e+01
0.000000000000000000e+00
3.029386567046436696e+01
7.668995186722008306e+00
-1.508984120160877240e-01
1.407210233147212008e+01
2.664775472574834603e-03
-2.608913464899442758e-01
2.066838154865437704e-01
5.506360530853271484e-01
2.700000000000000000e+01
0.000000000000000000e+00
3.140544860930072346e+01
7.501720660573107047e+00
-1.493624535591678570e-01
1.405123102375292632e+01
1.919948071149833735e-02
-2.902541276911252410e-01
1.827836096941672650e-01
5.473494529724121094e-01
2.800000000000000000e+01
0.000000000000000000e+00
3.251564240039674303e+01
7.337725892586174581e+00
-1.466566800002053195e-01
1.402801069353763630e+01
3.382216948703171966e-02
-3.139902455589371755e-01
1.593111871514216182e-01
5.476989746093750000e-01
2.900000000000000000e+01
0.000000000000000000e+00
3.362445038094701033e+01
7.178154379158415033e+00
-1.429313148434736835e-01
1.400289147389292133e+01
4.656706445914544912e-02
-3.320211242664905527e-01
1.365199299090385232e-01
5.629453659057617188e-01
3.000000000000000000e+01
0.000000000000000000e+00
3.473187588012903149e+01
7.023977056467962221e+00
-1.383322221353242010e-01
1.397632978395160208e+01
5.748865885186853208e-02
-1.875223614114851500e-01
7.322020518295106750e-03
5.512223243713378906e-01
3.100000000000000000e+01
4.000000000000000000e+00
3.583881629103701982e+01
6.875106391919235449e+00
-1.336862684958576297e-01
1.396132799503868149e+01
5.807442049333214062e-02
1.612720442936588228e-01
-4.426480717957623767e-01
5.593280792236328125e-01
3.200000000000000000e+01
2.000000000000000000e+01
3.694704796527921786e+01
6.728107142878793745e+00
-1.318732625158839378e-01
1.397422975858217420e+01
2.266257474967114938e-02
2.341430202289274121e-01
-4.917151729935632654e-01
5.678350925445556641e-01
3.300000000000000000e+01
2.100000000000000000e+01
3.805656780081193347e+01
6.579430652734992613e+00
-1.332072336430690507e-01
1.399296120020048839e+01
-1.667463908981391130e-02
3.050534143566041578e-01
-4.627122656506235665e-01
5.763397216796875000e-01
3.400000000000000000e+01
2.800000000000000000e+01
3.916737270304361118e+01
6.425722188478562025e+00
-1.375025632704181544e-01
1.401736547334901672e+01
-5.369162034186379662e-02
3.625542111632240605e-01
-3.365205134743661786e-01
5.879173278808593750e-01
3.500000000000000000e+01
3.100000000000000000e+01
4.027945958481692657e+01
6.264520456469827359e+00
-1.439516241840032018e-01
1.404636981024207465e+01
-8.061326141981309257e-02
4.044913347489575983e-01
-2.008993434163795777e-01
5.922255516052246094e-01
3.600000000000000000e+01
3.300000000000000000e+01
4.139282536639095156e+01
6.094330670809375405e+00
-1.516864408954530785e-01
1.407872911702199126e+01
-9.668520889312345878e-02
4.374503904380988573e-01
-1.205978913136791786e-01
5.974779129028320312e-01
3.700000000000000000e+01
1.900000000000000000e+01
4.250746697542329144e+01
5.914229577527650328e+00
-1.601930841113105020e-01
1.411372514825704094e+01
-1.063330401982177931e-01
4.780387109105888044e-01
-1.400965146990725552e-01
6.001660823822021484e-01
3.800000000000000000e+01
1.900000000000000000e+01
4.362338134695236391e+01
5.723138947808845245e+00
-1.695963450212419898e-01
1.415196824512988805e+01
-1.175407613741435986e-01
5.071868679777935540e-01
-6.041248170300314579e-02
6.025083065032958984e-01
3.900000000000000000e+01
1.800000000000000000e+01
4.474056542337963549e+01
5.520553789696740488e+00
-1.793862458140726979e-01
1.419254319456811153e+01
-1.223737599103838503e-01
5.186552139281097595e-01
3.159267843421027788e-02
5.937488079071044922e-01
4.000000000000000000e+01
1.600000000000000000e+01
4.585901615445194324e+01
5.306643320458961810e+00
-1.889739534649244601e-01
1.423403561168236031e+01
-1.198463456356470280e-01
5.129501659598689756e-01
1.024883983738586052e-01
5.927715301513671875e-01
4.100000000000000000e+01
1.400000000000000000e+01
4.697873049724383776e+01
5.082106290347034872e+00
-1.979057353661835272e-01
1.427507162495914983e+01
-1.116472737657383391e-01
4.913593468810928400e-01
1.552103949930628002e-01
5.970380306243896484e-01
4.200000000000000000e+01
1.100000000000000000e+01
4.809970541613999018e+01
4.848044892172752363e+00
-2.058441707394869924e-01
1.431438037270963726e+01
-9.923044216629331449e-02
4.559493306516948508e-01
1.925353267968497595e-01
5.972037315368652344e-01
4.300000000000000000e+01
1.200000000000000000e+01
4.922193788281764171e+01
4.605855742681623788e+00
-2.125503800212906191e-01
1.435085631916177284e+01
-8.382761602254533428e-02
4.093930619033292473e-01
2.170172430853009315e-01
5.950269699096679688e-01
4.400000000000000000e+01
1.000000000000000000e+01
5.034542487622905327e+01
4.357136466324865509e+00
-2.178676789473483200e-01
1.438360776411403918e+01
-6.646623657572126032e-02
3.547273067503908806e-01
2.309446201400819354e-01
5.995841026306152344e-01
4.500000000000000000e+01
1.400000000000000000e+01
5.147016338258406165e+01
4.103606464508118279e+00
-2.217069323045094964e-01
1.441198594865407046e+01
-4.799066696451470548e-02
3.028603234469740002e-01
2.068571159645656021e-01
6.084027290344238281e-01
4.600000000000000000e+01
9.000000000000000000e+00
5.259615039533260017e+01
3.846817157825998201e+00
-2.242223001194974530e-01
1.443621477452982660e+01
-3.144209768734945731e-02
2.692743892422244656e-01
1.298821717643245388e-01
5.993738174438476562e-01
4.700000000000000000e+01
1.100000000000000000e+01
5.372338291514736852e+01
3.587745902532594400e+00
-2.259064220351937324e-01
1.445775672566920456e+01
-2.105152394620349310e-02
2.140751989060385441e-01
2.073118685984136345e-01
6.384592056274414062e-01
4.800000000000000000e+01
2.500000000000000000e+01
5.485185794990644581e+01
3.327964512949445730e+00
-2.262637479918601646e-01
1.447488274158168586e+01
-4.466574458330402342e-03
1.894921061313725730e-01
9.051235183884456803e-02
6.326899528503417969e-01
4.900000000000000000e+01
1.000000000000000000e+01
5.598157251467596041e+01
3.068161794722161773e+00
-2.260417948967579915e-01
1.449004211007219567e+01
2.774413688777163656e-03
1.958871223688873897e-01
-2.580766227380012351e-02
6.328926086425781250e-01
5.000000000000000000e+01
1.000000000000000000e+01
5.711252363169285928e+01
2.808142319620847260e+00
-2.259850108402081392e-01
1.450571307986170666e+01
7.098007068731537750e-04
1.959943173815092976e-01
-2.201944979472562902e-03
6.452476978302001953e-01
5.100000000000000000e+01
1.300000000000000000e+01
5.824470833034766315e+01
2.547890118279529936e+00
-2.259423192315269113e-01
1.452139262525222740e+01
5.336451085153487428e-04
1.840800070600945304e-01
4.281444689124142000e-02
6.323442459106445312e-01
5.200000000000000000e+01
1.200000000000000000e+01
5.937812364716727842e+01
2.287732934776749882e+00
-2.256256151627417383e-01
1.453611902581703497e+01
3.958800859814662343e-03
1.632870023881238808e-01
7.621494887623692094e-02
6.319253444671630859e-01
5.300000000000000000e+01
1.300000000000000000e+01
6.051276662579786603e+01
2.028254672872224162e+00
-2.248211354211486490e-01
1.454918198600808488e+01
1.005599676991361657e-02
6.243301252604194218e-02
5.459370611477030316e-02
6.491231918334960938e-01
5.400000000000000000e+01
6.000000000000000000e+00
6.164809787383903483e+01
1.769997196932765693e+00
-2.236672559604210297e-01
1.455417662701016823e+01
1.442349325909524083e-02
-9.512686172619133629e-02
-4.981620342523699480e-02
6.246054172515869141e-01
5.500000000000000000e+01
6.000000000000000000e+00
6.278305062607991971e+01
1.512822418801142321e+00
-2.228322002016149272e-01
1.454656647807207293e+01
1.043819698507628124e-02
-9.454606498633388867e-02
-1.037497251261607079e-03
6.206116676330566406e-01
5.600000000000000000e+01
9.000000000000000000e+00
6.391762579179323467e+01
1.256721174176841815e+00
-2.220037844252168990e-01
1.453900279287316621e+01
1.035519720497535268e-02
-1.095085358433722789e-01
2.226933276464494044e-02
6.127741336822509766e-01
5.700000000000000000e+01
3.000000000000000000e+00
6.505176527757852512e+01
1.001875307533635295e+00
-2.210328449191251432e-01
1.453024211000569643e+01
1.213674382614694791e-02
-1.414077596786356139e-01
-2.212639752626876372e-02
6.274845600128173828e-01
5.800000000000000000e+01
7.000000000000000000e+00
6.618523256837261215e+01
7.481677846162767542e-01
-2.202035143572015075e-01
1.451892948923140381e+01
1.036663202404544681e-02
-1.490467515587790004e-01
-4.392228205529757901e-02
6.147150993347167969e-01
5.900000000000000000e+01
0.000000000000000000e+00
6.731790779887330700e+01
4.952895464071870313e-01
-2.196552864004317762e-01
1.450700574910670149e+01
6.852849459621640493e-03
-1.095987319690294726e-01
-7.245706238855065262e-03
6.157963275909423828e-01
6.000000000000000000e+01
2.000000000000000000e+00
6.845002514012142569e+01
2.431322729044963493e-01
-2.191534309635907174e-01
1.449823785054917913e+01
6.273192960513235272e-03
-1.029672609755394319e-01
-2.031901792655735339e-02
6.102859973907470703e-01
6.100000000000000000e+01
3.000000000000000000e+00
6.958159287678796545e+01
-8.461018830817734759e-03
-2.187816172414796256e-01
1.449000046967113597e+01
4.647671526388647001e-03
-1.010567918717342195e-01
-9.151408103071946576e-03
6.275005340576171875e-01
6.200000000000000000e+01
0.000000000000000000e+00
7.071260797794828079e+01
-2.595596645627016863e-01
-2.184683725312281943e-01
1.448191592632139724e+01
3.915558878142891275e-03
-1.006880608564131308e-01
-5.887857564630845364e-03
6.139984130859375000e-01
6.300000000000000000e+01
0.000000000000000000e+00
7.184306310458337919e+01
-5.102071442719476879e-01
-2.181928101093904004e-01
1.447386088145288419e+01
3.444530272972423646e-03
-8.878814848383154157e-02
-2.536489766887667363e-03
6.124637126922607422e-01
6.400000000000000000e+01
0.000000000000000000e+00
7.297302839024054322e+01
-7.604385944272320508e-01
-2.179334812220606876e-01
1.446675782957417766e+01
3.241611091621410257e-03
-6.191505623629467436e-02
-1.796661401202992447e-02
6.071257591247558594e-01
6.500000000000000000e+01
0.000000000000000000e+00
7.410264288736418337e+01
-1.010421320183906291e+00
-2.177891386644079663e-01
1.446180462507527409e+01
1.804281970659016299e-03
-5.791468154567880333e-02
-1.540104507618666324e-02
6.176192760467529297e-01
6.600000000000000000e+01
1.000000000000000000e+00
7.523190692461189144e+01
-1.260272265395514513e+00
-2.177433627952428397e-01
1.445717145055161801e+01
5.721983645640832394e-04
-6.777282002101703284e-02
-4.797762027906882221e-03
5.716691017150878906e-01
6.700000000000000000e+01
0.000000000000000000e+00
7.636075122143223837e+01
-1.510012497954300148e+00
-2.177282926030563170e-01
1.445174962494993665e+01
1.883774023315326618e-04
-9.090540573986061190e-02
3.979471204832406295e-03
5.789110660552978516e-01
6.800000000000000000e+01
1.000000000000000000e+00
7.748903757757747712e+01
-1.759581316656809502e+00
-2.176877537951588670e-01
1.444447719249074780e+01
5.067350987181251654e-04
-9.519644100512980600e-02
1.713940324850945357e-02
5.602955818176269531e-01
6.900000000000000000e+01
1.000000000000000000e+00
7.861676651578828512e+01
-2.008849135517862816e+00
-2.175375228064709565e-01
1.443686147721033741e+01
1.877887358598881451e-03
-9.956133398008049085e-02
1.749277285944313837e-02
5.571477413177490234e-01
7.000000000000000000e+01
0.000000000000000000e+00
7.974393855831553424e+01
-2.257683913017820565e+00
-2.172753380714826099e-01
1.442889657049193097e+01
3.277309187354332520e-03
-1.110669991203794282e-01
1.869293717038367220e-03
5.441975593566894531e-01
7.100000000000000000e+01
0.000000000000000000e+00
8.087048461801977339e+01
-2.506056626024713463e+00
-2.170011898567052178e-01
1.442001121056230062e+01
3.426852684717401898e-03
-1.390196482572436665e-01
2.325158790927091962e-02
5.517642498016357422e-01
7.200000000000000000e+01
0.000000000000000000e+00
8.199626668788401673e+01
-2.753761642409140009e+00
-2.165782314793084917e-01
1.440888963870172290e+01
5.286979717459075467e-03
-1.775372784729389863e-01
1.301562489557095414e-02
5.461852550506591797e-01
7.300000000000000000e+01
0.000000000000000000e+00
8.312106419844039351e+01
-3.000653087057584933e+00
-2.160719731025801116e-01
1.439468665642388956e+01
6.328229709104751799e-03
-2.580787029001330168e-01
4.305573306105300868e-02
5.449187755584716797e-01
7.400000000000000000e+01
0.000000000000000000e+00
8.424444081546315033e+01
-3.246312217756256224e+00
-2.152901580342609922e-01
1.437404036019187892e+01
9.772688353988992493e-03
-2.710266906478464577e-01
5.477997380135338212e-02
5.418794155120849609e-01
7.500000000000000000e+01
0.000000000000000000e+00
