1.12 10 0 14.1211 -0.00332918 1.51325 -0.0416147 1.52003 1 2
2.24968 9.9997 -0.000266334 14.2203 -0.00174839 1.24013 0.0197599 0.55188 2 5
3.38731 9.99924 -0.000406205 14.3004 -0.00572087 1.00129 -0.049656 0.777951 3 1
4.53134 9.99825 -0.000863875 14.4449 -0.0111343 1.80626 -0.0676674 0.644429 4 0
5.68692 9.99622 -0.00175462 14.6591 -0.0200329 2.67733 -0.111233 0.604405 5 0
6.85964 9.99228 -0.00335725 14.6299 -0.0268718 -0.365031 -0.0854865 0.584414 6 3
8.03001 9.98584 -0.00550699 14.6994 -0.0205317 0.868893 0.0792513 0.542348 7 5
9.20593 9.97743 -0.00714953 14.682 -0.0301651 -0.216913 -0.120418 0.541489 8 2
10.3804 9.9662 -0.00956274 14.6666 -0.0389776 -0.19269 -0.110155 0.531802 9 1
11.5537 9.95132 -0.0126809 14.6317 -0.0480284 -0.436473 -0.113135 0.501399 10 1
12.724 9.93198 -0.0165232 14.6533 -0.0544913 0.270009 -0.0807862 0.469131 11 0
13.8961 9.9075 -0.0208825 14.6278 -0.0637297 -0.31805 -0.11548 0.471305 12 1
15.0659 9.8771 -0.0259809 14.6264 -0.0481459 -0.0181437 0.194797 0.524932 13 5
16.2355 9.8422 -0.0298326 14.5925 -0.0575519 -0.424111 -0.117575 0.572891 14 1
17.4022 9.80201 -0.0344367 14.5418 -0.0674551 -0.633144 -0.12379 0.620964 15 1
18.5646 9.75568 -0.0398331 14.5509 -0.0745406 0.114095 -0.0885694 0.529195 16 0
19.7275 9.70239 -0.0457964 14.5376 -0.0815858 -0.1665 -0.0880647 0.545519 17 0
20.8889 9.64156 -0.0523232 14.37 -0.0890258 -2.09514 -0.0930004 0.643397 18 1
22.0364 9.57327 -0.0594453 14.1853 -0.0965037 -2.30889 -0.0934738 0.525132 19 1
23.1687 9.4971 -0.0671656 14.0483 -0.100783 -1.71221 -0.0534911 0.615471 20 2
24.2894 9.41263 -0.0752282 14.0987 -0.108594 0.629389 -0.0976321 0.506557 21 0
25.4133 9.3181 -0.0839157 13.9072 -0.113976 -2.39394 -0.0672813 0.478108 22 2
26.5211 9.21474 -0.0930338 13.9188 -0.120165 0.145972 -0.077363 0.517911 23 0
27.6287 9.10064 -0.102647 13.9422 -0.124751 0.292242 -0.0573197 0.616414 24 0
28.737 8.97529 -0.112627 13.8407 -0.126698 -1.26941 -0.02434 0.649966 25 4
29.836 8.8397 -0.122763 13.7205 -0.124738 -1.50189 0.024498 0.598763 26 2
30.9239 8.69442 -0.132742 13.6603 -0.12172 -0.752366 0.0377313 0.570105 27 3
32.0057 8.53924 -0.14248 13.6402 -0.116434 -0.251353 0.0660654 0.67807 28 3
33.0844 8.37424 -0.151794 13.6141 -0.109984 -0.326514 0.0806347 0.708373 29 3
34.1595 8.20008 -0.160593 13.5678 -0.102867 -0.578642 0.0889544 0.694229 30 3
35.2295 8.01771 -0.168822 13.5384 -0.0982349 -0.367451 0.057904 0.606717 31 5
36.2957 7.82734 -0.176681 13.5022 -0.0929133 -0.452852 0.0665202 0.591508 32 5
37.3576 7.62959 -0.184114 13.4368 -0.0840472 -0.816834 0.110826 0.580514 33 3
38.413 7.42569 -0.190838 13.3779 -0.0752477 -0.737143 0.109994 0.586775 34 3
39.4626 7.21637 -0.196858 13.3087 -0.0665999 -0.864589 0.108097 0.525525 35 3
40.5056 7.00257 -0.202186 13.2319 -0.0582182 -0.959563 0.104772 0.569065 36 3
41.5416 6.78517 -0.206843 13.1617 -0.0500198 -0.877225 0.10248 0.561974 37 3
42.5712 6.5648 -0.210845 13.1648 -0.0404062 0.0382304 0.12017 0.610803 38 2
43.6003 6.34106 -0.214077 13.1515 -0.0313944 -0.166631 0.112648 0.635585 39 2
44.6279 6.11496 -0.216589 13.1577 -0.0224319 0.0782371 0.112031 0.580759 40 2
45.6555 5.88691 -0.218383 12.9875 -0.0250446 -2.12842 -0.0326585 0.594192 41 0
46.6694 5.65978 -0.220387 12.9408 -0.0169824 -0.583017 0.100777 0.477231 42 3
47.6793 5.43209 -0.221746 12.9109 -0.00915162 -0.37452 0.0978847 0.558473 43 3
48.6867 5.20419 -0.222478 12.8955 -0.00152235 -0.191629 0.0953659 0.53014 44 3
49.6929 4.97644 -0.222599 12.8997 0.0059542 0.0523925 0.0934568 0.522919 45 3
50.6995 4.74909 -0.222123 12.9117 0.0129717 0.149703 0.0877183 0.505652 46 3
51.7073 4.52258 -0.221085 12.9343 0.0198793 0.282145 0.0863457 0.542959 47 3
52.7172 4.29728 -0.219495 12.9673 0.026467 0.412989 0.082346 0.514648 48 3
53.7302 4.07355 -0.217378 13.002 0.0328343 0.434089 0.0795912 0.582373 49 3
54.7465 3.85188 -0.214751 13.044 0.0387697 0.525248 0.0741932 0.52617 50 3
55.7667 3.63267 -0.211649 13.0885 0.0443334 0.555027 0.069546 0.576557 51 3
56.7912 3.41634 -0.208103 13.1972 0.0508221 1.35928 0.0811086 0.573382 52 2
57.8251 3.20241 -0.204037 13.2434 0.0539793 0.577641 0.0394654 0.544932 53 4
58.8635 2.99222 -0.199719 13.2876 0.0570062 0.552368 0.0378357 0.573974 54 4
59.9063 2.78608 -0.195158 13.3297 0.0599109 0.526178 0.0363083 0.558801 55 4
60.9534 2.5843 -0.190365 13.3714 0.0626588 0.521481 0.0343494 0.576576 56 4
62.0048 2.38716 -0.185353 13.4095 0.0651891 0.476348 0.0316292 0.557521 57 4
63.0602 2.19496 -0.180137 13.422 0.0672567 0.155973 0.025844 0.605511 58 1
64.1176 2.00827 -0.174757 13.5305 0.0680161 1.35628 0.00949344 0.735415 59 2
65.1846 1.82587 -0.169316 13.6332 0.0672996 1.28323 -0.00895634 0.664555 60 2
66.2606 1.64788 -0.163932 13.7284 0.0659514 1.19033 -0.0168535 0.472744 61 2
67.3451 1.47436 -0.158655 13.8199 0.0645538 1.14462 -0.0174696 0.521927 62 2
68.4377 1.30533 -0.153491 13.7559 0.0707854 -0.801158 0.0778952 0.545743 63 4
69.5261 1.14324 -0.147828 13.7011 0.0754827 -0.684702 0.0587161 0.566899 64 4
70.6112 0.988343 -0.14179 13.7154 0.0785313 0.179398 0.0381077 0.576434 65 5
71.6984 0.840115 -0.135507 13.7557 0.0762613 0.502872 -0.0283744 0.55503 66 1
72.7896 0.698106 -0.129406 13.7798 0.0734229 0.301921 -0.0354804 0.617841 67 1
73.8836 0.562272 -0.123532 13.8027 0.0706668 0.286341 -0.0344513 0.62263 68 1
74.9802 0.432409 -0.117879 13.8194 0.0678469 0.208461 -0.0352487 0.638685 69 1
76.0788 0.30835 -0.112451 13.8228 0.0651989 0.0419617 -0.0331007 0.749654 70 1
77.1782 0.189994 -0.107235 13.8284 0.0624132 0.0704527 -0.0348206 0.769239 71 1
78.2787 0.077083 -0.102242 13.8284 0.0594761 -0.000357628 -0.0367135 0.603346 72 1
79.3797 -0.0305902 -0.0974843 13.8206 0.0565897 -0.0972629 -0.0360809 0.665433 73 1
80.4806 -0.13322 -0.0929572 13.8152 0.0538792 -0.0676632 -0.0338807 0.639354 74 1
81.5815 -0.231065 -0.0886468 13.5735 0.0554204 -3.02058 0.0192654 0.556722 75 0
82.6635 -0.322403 -0.0842132 13.5986 0.0513751 0.312948 -0.0505663 0.604069 76 2
83.7479 -0.409453 -0.0801032 13.3369 0.0513382 -3.27132 -0.000461563 0.573594 77 0
84.8118 -0.490459 -0.0759961 13.3367 0.0475499 -0.00169277 -0.0473544 0.590557 78 2
85.8759 -0.567416 -0.0721921 13.2171 0.0570269 -1.49517 0.118463 0.599464 79 4
86.9309 -0.638872 -0.06763 13.1162 0.0633664 -1.26085 0.0792438 0.603379 80 4
87.9781 -0.704474 -0.0625607 13.0003 0.0568773 -1.44904 -0.0811132 0.66182 81 1
89.0164 -0.764772 -0.0580105 12.9526 0.0652067 -0.596952 0.104116 0.674329 82 5
90.0512 -0.819452 -0.0527939 12.8534 0.0538138 -1.23994 -0.142411 0.619891 83 2
91.0782 -0.869292 -0.0484888 12.7086 0.0437098 -1.81003 -0.126299 0.673865 84 1
92.0939 -0.915019 -0.0449921 12.409 0.0384692 -3.74502 -0.0655078 0.575745 85 0
93.0857 -0.956616 -0.0419145 12.3471 0.0493741 -0.773275 0.136312 0.570661 86 5
94.0728 -0.994108 -0.0379646 12.2296 0.0382934 -1.46847 -0.13851 0.641559 87 2
95.0506 -1.02825 -0.0349011 12.0923 0.0255448 -1.71592 -0.159357 0.537395 88 2
96.0174 -1.06003 -0.0328575 11.954 0.0379296 -1.72895 0.15481 0.653163 89 4
96.9733 -1.08854 -0.0298232 11.8139 0.0265518 -1.75117 -0.142223 0.647307 90 2
97.9181 -1.11472 -0.027699 11.5939 0.0158088 -2.7505 -0.134287 0.724823 91 1
98.8453 -1.13923 -0.0264343 11.4766 0.00487737 -1.46636 -0.136643 0.71347 92 2
99.7631 -1.16314 -0.0260441 11.1613 0.00389235 -3.94092 -0.0123128 0.699953 93 0
100.656 -1.18612 -0.0257327 11.0498 -0.000439246 -1.39396 -0.0541449 0.675344 94 1
101.539 -1.20889 -0.0257679 10.9359 -0.00447119 -1.4243 -0.0503993 0.579953 95 1
102.414 -1.23175 -0.0261256 10.9096 -0.00658087 -0.327647 -0.0263711 0.600396 96 2
103.286 -1.25501 -0.026652 10.8911 -0.00887795 -0.231457 -0.0287135 0.636961 97 2
104.157 -1.27884 -0.0273623 10.8042 0.00161017 -1.0867 0.131102 0.616765 98 5
105.021 -1.30238 -0.0272335 10.7863 -0.000443113 -0.223637 -0.0256661 0.623701 99 2
105.884 -1.32591 -0.0272689 10.7715 -0.00273038 -0.184453 -0.0285908 0.657917 100 2
106.745 -1.34959 -0.0274874 10.7536 -0.00512386 -0.223637 -0.0299185 0.555969 101 2
107.605 -1.37359 -0.0278973 10.6794 0.00485029 -0.928307 0.124677 0.601857 102 5
108.459 -1.39709 -0.0275092 10.6594 0.00254525 -0.249767 -0.028813 0.56739 103 2
109.312 -1.42037 -0.0273056 10.6382 0.000245158 -0.265491 -0.0287511 0.550693 104 2
110.163 -1.44359 -0.027286 10.5636 0.00907562 -0.931466 0.110381 0.701594 105 5
111.007 -1.46603 -0.02656 10.5459 0.00679402 -0.221503 -0.02852 0.561046 106 2
111.851 -1.48798 -0.0260164 10.5197 0.00448994 -0.327218 -0.028801 0.527667 107 2
112.692 -1.50957 -0.0256572 10.4568 0.0134983 -0.787139 0.112605 0.599352 108 5
113.528 -1.53013 -0.0245774 10.4006 0.00803995 -0.702703 -0.0682297 0.586831 109 2
114.36 -1.55004 -0.0239342 10.3355 0.0164016 -0.813854 0.104521 0.635416 110 5
115.187 -1.56874 -0.022622 10.272 0.0247719 -0.792885 0.104628 0.611939 111 5
116.008 -1.5857 -0.0206403 10.2186 0.0340768 -0.667882 0.116312 0.609388 112 4
116.826 -1.60035 -0.0179141 10.1504 0.0316087 -0.852513 -0.0308515 0.655115 113 1
117.638 -1.61284 -0.0153855 10.0811 0.0286085 -0.866056 -0.037502 0.603193 114 1
118.444 -1.6234 -0.0130968 10.0048 0.0252294 -0.954425 -0.0422396 0.6108 115 1
119.244 -1.63227 -0.0110784 9.92572 0.0218984 -0.987935 -0.0416372 0.562325 116 1
120.038 -1.63967 -0.00932655 9.9024 0.0302941 -0.291431 0.104946 0.698201 117 4
120.831 -1.64514 -0.00690302 9.80213 0.0261605 -1.25344 -0.0516693 0.574957 118 1
121.615 -1.64891 -0.00481018 9.71373 0.0186492 -1.10495 -0.0938908 0.636079 119 2
122.392 -1.65149 -0.00331824 9.63608 0.0285951 -0.970697 0.124323 0.664298 120 4
123.163 -1.65229 -0.00103064 9.59512 0.0354401 -0.511968 0.085563 0.628757 121 4
123.93 -1.6509 0.00180457 9.32285 0.0300089 -3.40332 -0.06789 0.588902 122 0
124.676 -1.64776 0.00420528 9.22083 0.0201037 -1.2753 -0.123815 0.651788 123 2
125.414 -1.64348 0.00581358 9.23002 0.0263798 0.114822 0.0784518 0.669714 124 4
126.152 -1.63763 0.00792396 9.25268 0.030987 0.283277 0.0575895 0.653856 125 4
126.892 -1.62992 0.0104029 9.23614 0.0365407 -0.206673 0.0694219 0.73782 126 5
127.631 -1.62008 0.0133262 8.91783 0.0259829 -3.97892 -0.131972 0.742543 127 0
128.345 -1.60909 0.0154048 8.92841 0.0332253 0.132227 0.0905294 0.738284 128 4
129.059 -1.59619 0.0180628 8.94441 0.0377416 0.199986 0.0564534 0.630709 129 5
129.774 -1.5811 0.0210822 8.77969 0.0260539 -2.05891 -0.146096 0.777337 130 1
130.476 -1.56483 0.0231665 8.59329 0.0132138 -2.33003 -0.160501 0.671501 131 1
131.164 -1.54818 0.0242236 8.4523 -0.00149978 -1.7624 -0.18392 0.645297 132 2
131.839 -1.53189 0.0241036 8.5138 0.00510124 0.768757 0.0825128 0.64972 133 4
132.52 -1.51519 0.0245117 8.5827 0.0100011 0.861216 0.0612478 0.738102 134 4
133.207 -1.49781 0.0253118 8.66685 0.0139339 1.0519 0.0491608 0.59238 135 4
133.9 -1.47949 0.0264265 8.54885 -0.00205062 -1.47499 -0.199807 0.620112 136 2
134.584 -1.46153 0.0262624 8.61816 0.00361574 0.866306 0.0708295 0.744953 137 4
135.273 -1.44323 0.0265517 8.32137 -0.00693531 -3.70976 -0.131888 0.66079 138 0
135.938 -1.42593 0.0259969 8.39722 -0.000887329 0.948024 0.0755998 0.688983 139 4
136.61 -1.40851 0.0259259 8.48408 0.00422987 1.08575 0.0639649 0.66712 140 4
137.288 -1.39069 0.0262643 8.33532 -0.0111223 -1.85946 -0.191902 0.736407 141 2
137.955 -1.37377 0.0253745 8.4052 -0.0045329 0.873518 0.0823678 0.751822 142 4
138.627 -1.35695 0.0250119 8.4874 0.00086877 1.02754 0.0675208 0.787003 143 4
139.306 -1.33992 0.0250814 8.36053 -0.0126385 -1.58596 -0.168841 0.780228 144 2
139.975 -1.32383 0.0240703 8.43432 -0.006021 0.922406 0.0827189 0.73818 145 4
140.649 -1.30791 0.0235886 8.26431 -0.0252985 -2.1251 -0.240968 0.817803 146 2
141.31 -1.29366 0.0215647 8.31846 -0.0162294 0.676811 0.113364 0.83976 147 4
141.975 -1.28017 0.0202664 8.13947 -0.0280919 -2.23732 -0.148281 0.647211 148 1
142.626 -1.26844 0.018019 8.20507 -0.0184733 0.820029 0.120232 0.742786 149 4
143.283 -1.25758 0.0165412 8.26665 -0.0104105 0.76977 0.100786 0.764562 150 4
143.944 -1.24719 0.0157083 8.34198 -0.00368009 0.941539 0.0841298 0.746096 151 4
144.611 -1.23691 0.0154139 8.17205 -0.0216997 -2.12408 -0.225245 0.66826 152 2
145.265 -1.22796 0.0136779 8.23363 -0.0129529 0.769687 0.109336 0.773619 153 4
145.924 -1.21964 0.0126417 8.31118 -0.00582278 0.969422 0.0891261 0.773009 154 4
146.589 -1.21154 0.0121759 8.40392 0.000400901 1.15923 0.077796 0.720455 155 4
147.261 -1.20333 0.012208 8.20464 -0.015147 -2.49094 -0.194349 0.724324 156 1
147.917 -1.19612 0.0109962 8.15763 -0.0263358 -0.587654 -0.13986 0.809048 157 0
148.57 -1.19032 0.00888934 8.1364 -0.0353582 -0.265443 -0.11278 0.727967 158 0
149.221 -1.18637 0.00606068 8.12945 -0.0428791 -0.0867844 -0.0940118 0.693055 159 0
149.871 -1.18466 0.00263035 8.12896 -0.0494434 -0.0061512 -0.0820527 0.683848 160 0
150.521 -1.18552 -0.00132512 8.12997 -0.0552544 0.0126004 -0.0726386 0.69987 161 0
151.172 -1.18926 -0.00574547 8.13205 -0.0604188 0.0259757 -0.0645547 0.685783 162 0
151.822 -1.19614 -0.010579 8.12927 -0.0652324 -0.0347614 -0.0601702 0.676425 163 0
152.472 -1.20641 -0.0157976 8.12958 -0.0694505 0.00391006 -0.0527262 0.745377 164 0
153.123 -1.2203 -0.0213536 8.15577 -0.0725272 0.32742 -0.0384585 0.719566 165 0
153.775 -1.23802 -0.0271558 8.16765 -0.0751293 0.148416 -0.0325264 0.726633 166 0
154.428 -1.25968 -0.0331661 8.18204 -0.0771235 0.179911 -0.024927 0.637757 167 0
155.082 -1.28542 -0.039336 8.20964 -0.0783647 0.344968 -0.0155149 0.717506 168 0
155.738 -1.31537 -0.0456052 8.24388 -0.0791013 0.428104 -0.0092078 0.804929 169 0
156.397 -1.3496 -0.0519333 8.27638 -0.07943 0.406218 -0.00410834 0.790449 170 0
157.058 -1.38817 -0.0582877 8.30684 -0.0795543 0.380707 -0.00155354 0.764468 171 0
157.721 -1.43111 -0.064652 8.34356 -0.0792519 0.459015 0.00377893 0.795513 172 0
158.387 -1.47845 -0.0709922 8.38217 -0.0786258 0.482619 0.00782646 0.817036 173 0
159.055 -1.53023 -0.0772823 8.42105 -0.0776311 0.486016 0.012434 0.832564 174 0
159.727 -1.58641 -0.0834927 8.45399 -0.0764665 0.411749 0.0145572 0.919095 175 0
160.4 -1.64693 -0.0896101 8.49437 -0.0749216 0.504696 0.0193119 0.896788 176 0
161.077 -1.7118 -0.0956038 8.53539 -0.0731575 0.512803 0.022051 0.801087 177 0
161.756 -1.78096 -0.101456 8.57872 -0.0711672 0.541663 0.0248791 0.742691 178 0
162.438 -1.85436 -0.10715 8.61927 -0.0689717 0.506854 0.0274427 0.750577 179 0
163.123 -1.93188 -0.112668 8.6597 -0.0667093 0.5054 0.0282805 0.849482 180 0
163.811 -2.01344 -0.118004 8.70076 -0.0642126 0.513268 0.0312084 0.82754 181 0
164.502 -2.09894 -0.123141 8.74569 -0.0616063 0.561619 0.0325791 0.850331 182 0
165.196 -2.1883 -0.12807 8.78997 -0.058955 0.553405 0.0331413 0.894311 183 0
165.893 -2.2814 -0.132786 8.82655 -0.0561748 0.457287 0.0347519 0.860054 184 0
166.593 -2.37803 -0.13728 8.86304 -0.0532918 0.456178 0.0360385 0.771983 185 0
167.295 -2.47806 -0.141543 8.89898 -0.0503263 0.449252 0.0370678 0.742416 186 0
167.999 -2.58133 -0.14557 8.93692 -0.0472385 0.474143 0.0385979 0.718333 187 0
168.706 -2.68771 -0.149349 8.97172 -0.0441859 0.43503 0.0381575 0.787359 188 0
169.415 -2.79701 -0.152884 9.00624 -0.0410905 0.431526 0.0386931 0.872672 189 0
170.127 -2.90907 -0.156171 9.04229 -0.0379867 0.450683 0.0387965 0.772054 190 0
170.841 -3.02376 -0.15921 9.07753 -0.0348599 0.440502 0.0390861 0.827833 191 0
171.558 -3.14089 -0.161999 9.10955 -0.0317311 0.400245 0.03911 0.701022 192 0
172.277 -3.26026 -0.164537 9.141 -0.028603 0.393093 0.0391001 0.748712 193 0
172.998 -3.38169 -0.166825 9.17692 -0.0254618 0.449038 0.039265 0.775665 194 0
173.722 -3.50507 -0.168862 9.29667 -0.0241925 1.49677 0.0158673 0.835885 195 2
174.455 -3.63148 -0.170798 9.37873 -0.0220777 1.0258 0.0264347 0.897837 196 1
175.194 -3.76031 -0.172564 9.46556 -0.019959 1.08534 0.0264836 0.853679 197 1
175.94 -3.89153 -0.174161 9.48191 -0.0165872 0.204384 0.0421469 0.907827 198 0
176.687 -4.02396 -0.175488 9.4986 -0.0132924 0.20864 0.0411855 0.747109 199 0
177.435 -4.15743 -0.176551 9.51882 -0.0100378 0.252795 0.0406824 0.844146 200 0
178.184 -4.29178 -0.177354 9.60029 -0.00763116 1.01836 0.0300832 0.94285 201 1
178.94 -4.42774 -0.177964 9.71699 -0.00560555 1.45869 0.0253201 0.868695 202 2
179.705 -4.56569 -0.178413 9.72525 -0.00243361 0.103235 0.0396493 0.86479 203 0
180.471 -4.70392 -0.178608 9.73268 0.000633165 0.0929356 0.0383347 0.81908 204 0
181.237 -4.8422 -0.178557 9.84691 0.0028045 1.42791 0.0271417 1.03907 205 2
182.012 -4.98194 -0.178333 9.95872 0.00503171 1.39765 0.0278401 0.848448 206 2
182.796 -5.12295 -0.17793 9.96291 0.00791235 0.0522971 0.036008 0.90392 207 0
183.581 -5.26353 -0.177297 9.96198 0.0107147 -0.0115514 0.0350293 0.815326 208 0
184.365 -5.40341 -0.17644 10.091 0.0129628 1.6127 0.0281014 0.889307 209 2
185.16 -5.54429 -0.175403 10.214 0.0152578 1.53799 0.0286868 0.975869 210 2
185.965 -5.6859 -0.174182 10.2983 0.0176121 1.05331 0.0294298 0.756274 211 1
186.777 -5.82753 -0.172773 10.2751 0.0200551 -0.289452 0.0305373 0.949741 212 0
187.587 -5.96755 -0.171169 10.3423 0.0223211 0.839317 0.0283252 0.972364 213 1
188.402 -6.10702 -0.169383 10.4548 0.0245419 1.40579 0.0277598 0.914896 214 2
189.227 -6.2464 -0.16742 10.5571 0.0266856 1.27892 0.0267956 0.941835 215 2
190.06 -6.38536 -0.165285 10.6739 0.0288553 1.45979 0.027122 0.910945 216 2
190.903 -6.52391 -0.162976 10.7878 0.0309995 1.42418 0.0268015 0.869341 217 2
191.755 -6.66183 -0.160497 10.9017 0.0330653 1.42354 0.0258232 1.17151 218 2
192.616 -6.79892 -0.157851 11.0097 0.0350036 1.35 0.0242287 1.30334 219 2
193.486 -6.93494 -0.155051 10.9654 0.0366569 -0.553429 0.0206654 1.1274 220 0
194.353 -7.06787 -0.152118 10.9342 0.0382163 -0.389707 0.0194928 1.41254 221 0
195.218 -7.19778 -0.149061 10.8941 0.0395884 -0.501466 0.0171513 1.39029 222 0
196.08 -7.32448 -0.145894 10.8713 0.0408728 -0.285316 0.016055 1.1315 223 0
196.941 -7.4481 -0.142624 10.9918 0.0424036 1.50645 0.0191357 1.38599 224 2
197.812 -7.57013 -0.139232 11.1078 0.0438478 1.45069 0.0180522 1.49328 225 2
198.693 -7.69037 -0.135724 11.1596 0.0449929 0.646973 0.0143136 1.37731 226 1
199.578 -7.80799 -0.132125 11.2084 0.0460344 0.609446 0.0130192 1.51877 227 1
200.467 -7.92284 -0.128442 11.3076 0.0471899 1.24005 0.014443 1.58522 228 2
201.364 -8.03532 -0.124667 11.4256 0.0482257 1.47587 0.0129472 1.31936 229 2
202.272 -8.14548 -0.120809 11.54 0.0491475 1.43017 0.0115224 1.16442 230 2
203.189 -8.25314 -0.116877 11.6347 0.0499215 1.18281 0.00967616 1.42393 231 2
204.114 -8.35798 -0.112883 11.7319 0.0505957 1.21589 0.00842633 1.607 232 2
205.047 -8.45993 -0.108836 11.7989 0.0510709 0.837553 0.00594044 1.21164 233 1
205.985 -8.55862 -0.10475 11.7833 0.0510346 -0.195789 -0.000453414 1.58306 234 0
206.923 -8.65336 -0.100667 11.7749 0.0509352 -0.104511 -0.00124327 0.988768 235 0
207.861 -8.7442 -0.0965923 11.8716 0.0512363 1.20873 0.00376487 1.43092 236 2
