1.12 10 0 14.0287 -0.00389242 0.359213 -0.0486552 0.523777 1 3
2.2423 9.99965 -0.000311393 14.0575 -0.00812422 0.35944 -0.0528975 0.279914 2 2
3.3669 9.99857 -0.000961331 14.0926 -0.0115909 0.43869 -0.0433329 0.263949 3 2
4.4943 9.99644 -0.0018886 14.1189 -0.0151708 0.329494 -0.0447496 0.269482 4 2
5.62381 9.99294 -0.00310226 14.1497 -0.0182046 0.384665 -0.037922 0.269617 5 2
6.75578 9.98778 -0.00455863 14.1821 -0.0211621 0.404727 -0.0369695 0.235166 6 2
7.89032 9.98068 -0.0062516 14.2077 -0.0239329 0.319815 -0.0346344 0.211444 7 2
9.0269 9.9714 -0.00816623 14.2275 -0.0267834 0.2478 -0.0356314 0.202248 8 2
10.165 9.95967 -0.0103089 14.252 -0.0289364 0.306749 -0.0269127 0.243756 9 2
11.3051 9.94528 -0.0126238 14.2663 -0.0311494 0.178504 -0.0276629 0.24427 10 2
12.4463 9.92802 -0.0151158 14.2601 -0.0335847 -0.0783205 -0.0304405 0.245037 11 2
13.5869 9.90772 -0.0178025 14.2568 -0.0368911 -0.0407696 -0.0413299 0.209499 12 4
14.7272 9.88405 -0.0207538 14.2527 -0.0381749 -0.0516653 -0.0160484 0.329939 13 3
15.8671 9.8569 -0.0238078 14.2617 -0.0404197 0.112391 -0.0280598 0.276027 14 4
17.0076 9.82605 -0.0270414 14.2647 -0.0428285 0.0376582 -0.0301091 0.216747 15 4
18.1483 9.79129 -0.0304677 14.2733 -0.0447842 0.107825 -0.0244471 0.233454 16 4
19.2895 9.75242 -0.0340504 14.2805 -0.0463464 0.0904918 -0.0195277 0.238645 17 4
20.4311 9.70929 -0.0377581 14.2839 -0.0480057 0.0419021 -0.0207403 0.296099 18 4
21.5728 9.66177 -0.0415986 14.2848 -0.0494987 0.0117898 -0.0186629 0.244951 19 4
22.7144 9.60972 -0.0455585 14.287 -0.0505682 0.0275731 -0.0133687 0.256085 20 4
23.856 9.55305 -0.0496039 14.29 -0.051276 0.0373602 -0.00884826 0.239382 21 4
24.9975 9.49168 -0.053706 14.2891 -0.0518034 -0.0110626 -0.0065919 0.213699 22 4
26.1387 9.42559 -0.0578503 14.3118 -0.0506335 0.283194 0.0146234 0.210216 23 1
27.2815 9.35476 -0.061901 14.3128 -0.0508411 0.0119209 -0.00259443 0.233873 24 4
28.424 9.27928 -0.0659683 14.3619 -0.0503567 0.614619 0.00605448 0.228081 25 0
29.5702 9.19893 -0.0699968 14.4004 -0.0504878 0.4807 -0.0016388 0.27434 26 0
30.719 9.11371 -0.0740358 14.434 -0.0508914 0.420189 -0.00504474 0.341468 27 0
31.8702 9.02361 -0.0781071 14.4616 -0.0515862 0.345027 -0.00868444 0.307175 28 0
33.0233 8.92858 -0.082234 14.4862 -0.0521795 0.307047 -0.00741719 0.300267 29 0
34.1778 8.82857 -0.0864084 14.5082 -0.0526401 0.275743 -0.00575664 0.303394 30 0
35.3337 8.72353 -0.0906196 14.5294 -0.0529295 0.264776 -0.00361828 0.30295 31 0
36.4908 8.61344 -0.094854 14.5485 -0.0530768 0.238144 -0.00184099 0.230689 32 0
37.649 8.49829 -0.0991001 14.5664 -0.0530847 0.223911 -9.81148e-05 0.226853 33 0
38.8081 8.37808 -0.103347 14.5826 -0.0529533 0.203383 0.00164136 0.202077 34 0
39.968 8.25281 -0.107583 14.5976 -0.0527043 0.187302 0.00311332 0.203164 35 0
41.1285 8.12252 -0.111799 14.6113 -0.0523035 0.171375 0.00501014 0.228483 36 0
42.2895 7.98725 -0.115984 14.6244 -0.0517344 0.16284 0.00711349 0.278985 37 0
43.4511 7.84705 -0.120123 14.6372 -0.050986 0.160968 0.00935509 0.220799 38 0
44.613 7.70199 -0.124201 14.6496 -0.0500989 0.15409 0.0110882 0.210685 39 0
45.7754 7.55214 -0.128209 14.6614 -0.0490852 0.147939 0.0126721 0.25292 40 0
46.9381 7.39761 -0.132136 14.6729 -0.048171 0.143433 0.0114267 0.209931 41 0
48.101 7.23847 -0.13599 14.6843 -0.0470782 0.143492 0.0136605 0.28416 42 0
49.2643 7.07483 -0.139756 14.6956 -0.0458076 0.140607 0.0158824 0.245517 43 0
50.4279 6.90679 -0.143421 14.706 -0.0444785 0.130582 0.0166141 0.256362 44 0
51.5917 6.7345 -0.146979 14.716 -0.0430946 0.124156 0.0172985 0.290404 45 0
52.7557 6.55807 -0.150427 14.7266 -0.0415733 0.132942 0.0190161 0.228638 46 0
53.9199 6.37764 -0.153752 14.735 -0.0400353 0.105345 0.0192245 0.263732 47 0
55.0842 6.19338 -0.156955 14.7447 -0.038436 0.120735 0.0199923 0.259106 48 0
56.2487 6.00542 -0.16003 14.7558 -0.036956 0.13926 0.0184994 0.253919 49 0
57.4136 5.81387 -0.162987 14.7655 -0.0353212 0.121367 0.0204344 0.239092 50 0
58.5786 5.6189 -0.165812 14.7742 -0.0336518 0.108588 0.0208683 0.262063 51 0
59.7438 5.42068 -0.168504 14.7845 -0.031941 0.128436 0.021385 0.248182 52 0
60.9093 5.21934 -0.17106 14.7931 -0.0301831 0.107408 0.021973 0.274239 53 0
62.075 5.01507 -0.173474 14.8013 -0.0284356 0.102615 0.0218448 0.21311 54 0
63.2409 4.80804 -0.175749 14.809 -0.0266955 0.096035 0.0217503 0.213342 55 0
64.4069 4.5984 -0.177885 14.8162 -0.0249659 0.0899673 0.0216199 0.230975 56 0
65.5731 4.38634 -0.179882 14.8229 -0.0232493 0.0843406 0.0214581 0.242809 57 0
66.7394 4.17201 -0.181742 14.8293 -0.0215477 0.0790358 0.0212703 0.229601 58 0
67.9058 3.95557 -0.183466 14.8355 -0.0198703 0.078392 0.0209667 0.238308 59 0
69.0724 3.73719 -0.185055 14.8414 -0.0182099 0.0729322 0.0207561 0.370529 60 0
70.2391 3.51703 -0.186512 14.846 -0.0165736 0.0574231 0.0204533 0.223722 61 0
71.4059 3.29524 -0.187838 14.8514 -0.0149496 0.0678539 0.0202994 0.238591 62 0
72.5728 3.07199 -0.189034 14.8566 -0.0133531 0.0656605 0.0199566 0.243554 63 0
73.7399 2.8474 -0.190102 14.8414 -0.0124856 -0.190032 0.0108432 0.271126 64 0
74.9056 2.62188 -0.191101 14.8253 -0.0114375 -0.20231 0.0131019 0.275751 65 0
76.0699 2.39554 -0.192016 14.8062 -0.010286 -0.237858 0.0143939 0.26779 66 0
77.2324 2.16854 -0.192839 14.7885 -0.00893808 -0.221157 0.0168488 0.291613 67 0
78.3934 1.94098 -0.193554 14.7722 -0.00750471 -0.204682 0.0179171 0.341354 68 0
79.553 1.71297 -0.194155 14.7576 -0.00600996 -0.181699 0.0186844 0.340111 69 0
80.7113 1.48463 -0.194635 14.7467 -0.00448023 -0.136924 0.0191217 0.263997 70 0
81.8687 1.25604 -0.194994 14.7901 -0.00465424 0.542676 -0.00217512 0.256838 71 2
83.0294 1.02635 -0.195366 14.7542 -0.00307778 -0.449026 0.0197057 0.269167 72 0
84.1872 0.796934 -0.195612 14.7309 -0.00165808 -0.291169 0.0177462 0.315369 73 0
85.3431 0.567725 -0.195745 14.7843 -0.00171264 0.668228 -0.000681961 0.276055 74 3
86.5033 0.337525 -0.195882 14.7631 -0.000270395 -0.265312 0.0180281 0.286383 75 0
87.6617 0.107631 -0.195904 14.7401 0.00110223 -0.286913 0.0171578 0.365038 76 0
88.8184 -0.121804 -0.195815 14.718 0.00244029 -0.277424 0.0167257 0.30294 77 0
89.9734 -0.350668 -0.19562 14.6959 0.00376692 -0.275123 0.0165829 0.305767 78 0
91.1267 -0.578843 -0.195319 14.6755 0.00510074 -0.255811 0.0166728 0.303272 79 0
92.2785 -0.806229 -0.194911 14.6558 0.00640993 -0.246429 0.0163648 0.265731 80 0
93.4289 -1.03272 -0.194398 14.6292 0.00765841 -0.331926 0.015606 0.262013 81 0
94.5773 -1.2581 -0.193785 14.6513 0.00922725 0.276637 0.0196105 0.253633 82 4
95.7277 -1.48297 -0.193047 14.6761 0.0107243 0.309706 0.0187127 0.31207 83 4
96.8801 -1.70723 -0.192189 14.6559 0.0119722 -0.252187 0.0155997 0.284925 84 0
98.0312 -1.93008 -0.191231 14.6379 0.0132396 -0.226009 0.0158415 0.256882 85 0
99.1812 -2.15144 -0.190172 14.6212 0.0145201 -0.207853 0.016007 0.265384 86 0
100.33 -2.37121 -0.189011 14.6041 0.0158024 -0.214005 0.0160283 0.26368 87 0
101.478 -2.58927 -0.187746 14.5867 0.0170701 -0.218165 0.0158464 0.260991 88 0
102.625 -2.80551 -0.186381 14.572 0.0183664 -0.183427 0.0162037 0.255748 89 0
103.77 -3.01984 -0.184912 14.5552 0.0196351 -0.209498 0.0158585 0.270016 90 0
104.915 -3.23213 -0.183341 14.5395 0.0209044 -0.19598 0.0158664 0.282816 91 0
106.059 -3.44228 -0.181668 14.5248 0.0221704 -0.184953 0.0158251 0.248312 92 0
107.203 -3.65019 -0.179895 14.5109 0.0234309 -0.172627 0.0157561 0.266906 93 0
108.345 -3.85576 -0.17802 14.4988 0.0246862 -0.152111 0.0156912 0.264057 94 0
109.487 -4.0589 -0.176045 14.4871 0.0259281 -0.145841 0.0155236 0.245796 95 0
110.629 -4.25952 -0.173971 14.4758 0.0271761 -0.14168 0.0156003 0.274813 96 0
111.77 -4.45749 -0.171797 14.467 0.0284156 -0.1091 0.0154944 0.287393 97 0
112.91 -4.65275 -0.169524 14.4575 0.029615 -0.119197 0.0149922 0.282981 98 0
114.051 -4.84518 -0.167155 14.428 0.0307478 -0.369167 0.0141593 0.283413 99 0
115.189 -5.03442 -0.164695 14.4817 0.032566 0.672007 0.022728 0.324789 100 1
116.333 -5.22139 -0.162089 14.5251 0.0344276 0.54239 0.0232695 0.327444 101 1
117.48 -5.40576 -0.159335 14.5611 0.0363083 0.449407 0.0235091 0.310965 102 1
118.631 -5.58724 -0.156431 14.5862 0.0379717 0.314116 0.0207926 0.452471 103 1
119.784 -5.76553 -0.153393 14.6051 0.0395688 0.236201 0.0199636 0.286289 104 1
120.939 -5.9404 -0.150227 14.6053 0.0408967 0.00277758 0.0165985 0.318809 105 1
122.095 -6.11149 -0.146956 14.5975 0.0421359 -0.0984669 0.0154909 0.341515 106 1
123.251 -6.27859 -0.143585 14.5788 0.0431633 -0.233459 0.0128416 0.299436 107 1
124.406 -6.44149 -0.140132 14.5545 0.0439913 -0.303781 0.0103503 0.316991 108 1
125.559 -6.60006 -0.136612 14.5255 0.0445969 -0.362492 0.00756998 0.314067 109 1
126.711 -6.75421 -0.133045 14.4936 0.044982 -0.397849 0.00481424 0.293511 110 1
127.861 -6.90388 -0.129446 14.4599 0.0450711 -0.421894 0.00111307 0.33471 111 1
129.008 -7.04907 -0.12584 14.4279 0.0502844 -0.399303 0.0651671 0.318066 112 4
130.154 -7.18933 -0.121818 14.4057 0.0549019 -0.277519 0.0577187 0.306036 113 4
131.299 -7.32435 -0.117426 14.3919 0.0590778 -0.172508 0.0521986 0.239348 114 4
132.443 -7.45383 -0.112699 14.3569 0.0648622 -0.437975 0.0723051 0.274444 115 2
133.585 -7.57707 -0.10751 14.3119 0.0704349 -0.562596 0.0696581 0.252237 116 2
134.724 -7.69351 -0.101876 14.2965 0.0734956 -0.193119 0.0382595 0.259649 117 4
135.862 -7.80314 -0.0959959 14.2687 0.0783979 -0.347114 0.0612778 0.211799 118 2
136.999 -7.90542 -0.089724 14.2297 0.0830772 -0.487494 0.0584917 0.221734 119 2
138.133 -7.99988 -0.0830779 14.23 0.0849169 0.00357628 0.0229965 0.26937 120 4
139.268 -8.08664 -0.0762845 14.2298 0.0867116 -0.00247955 0.0224331 0.258382 121 3
140.404 -8.16552 -0.0693476 14.217 0.0885053 -0.159812 0.0224218 0.191754 122 4
141.539 -8.2363 -0.0622672 14.2154 0.0899481 -0.0199914 0.0180343 0.16393 123 3
142.675 -8.29889 -0.0550713 14.1884 0.0924859 -0.337183 0.0317235 0.159832 124 4
143.809 -8.35298 -0.0476724 14.184 0.0936043 -0.0549555 0.0139792 0.164729 125 4
144.942 -8.39857 -0.0401841 14.177 0.0946998 -0.0876069 0.0136946 0.171562 126 3
146.076 -8.43555 -0.0326081 14.1667 0.0954973 -0.128782 0.00996767 0.217492 127 4
147.209 -8.46384 -0.0249683 14.1582 0.0962816 -0.105929 0.00980459 0.198016 128 4
148.341 -8.4834 -0.0172658 14.1507 0.0968555 -0.0946045 0.00717342 0.268076 129 3
149.473 -8.49417 -0.00951736 14.1506 0.0975841 -0.000941753 0.00910731 0.251381 130 5
150.605 -8.49611 -0.00171064 14.1346 0.0980867 -0.200045 0.00628261 0.26452 131 4
151.736 -8.48917 0.0061363 14.1537 0.0975544 0.238717 -0.00665402 0.159575 132 5
152.868 -8.47338 0.0139406 14.1228 0.0980098 -0.386381 0.00569252 0.145427 133 4
153.998 -8.44878 0.0217814 14.1093 0.0981609 -0.168669 0.00188975 0.143059 134 4
155.126 -8.41533 0.0296343 14.079 0.0984956 -0.378454 0.00418369 0.195516 135 2
156.252 -8.37309 0.037514 14.0566 0.0998651 -0.280428 0.0171186 0.181318 136 1
157.375 -8.32194 0.0455032 14.0258 0.101398 -0.38476 0.0191657 0.287747 137 1
158.496 -8.26181 0.053615 14.0134 0.100054 -0.155413 -0.0168096 0.236509 138 2
159.614 -8.19277 0.0616193 13.9957 0.100104 -0.221038 0.000629481 0.140454 139 1
160.731 -8.11487 0.0696276 13.9916 0.0987469 -0.0502586 -0.0169639 0.144338 140 5
161.847 -8.02818 0.0775274 13.973 0.0973206 -0.233078 -0.0178284 0.294874 141 2
162.961 -7.93293 0.085313 13.9747 0.0953371 0.0216007 -0.024794 0.260644 142 5
164.074 -7.82918 0.09294 13.9568 0.0933037 -0.224447 -0.0254166 0.29031 143 2
165.185 -7.71726 0.100404 13.9388 0.0909853 -0.224209 -0.0289802 0.274501 144 2
166.294 -7.59741 0.107683 13.924 0.0887803 -0.185752 -0.027563 0.250182 145 5
167.4 -7.46983 0.114786 13.8946 0.0858658 -0.367022 -0.0364309 0.277044 146 4
168.504 -7.33494 0.121655 13.8825 0.0829379 -0.150847 -0.0365993 0.253248 147 5
169.605 -7.19285 0.12829 13.8727 0.0797282 -0.123382 -0.0401207 0.276399 148 5
170.705 -7.04384 0.134668 13.8498 0.075955 -0.285959 -0.0471647 0.280354 149 4
171.802 -6.88842 0.140745 13.8462 0.072329 -0.0455141 -0.0453257 0.23933 150 5
172.898 -6.72668 0.146531 13.8331 0.0680929 -0.162816 -0.0529514 0.31066 151 4
173.992 -6.55914 0.151978 13.8234 0.063686 -0.121045 -0.0550857 0.332126 152 4
175.084 -6.38615 0.157073 13.8201 0.0591813 -0.0412464 -0.0563085 0.341875 153 4
176.175 -6.20804 0.161808 13.8254 0.0547162 0.0661731 -0.0558143 0.271892 154 5
177.266 -6.02508 0.166185 13.8355 0.0500915 0.126255 -0.0578084 0.285987 155 5
178.357 -5.83761 0.170192 13.8508 0.0453204 0.191307 -0.0596396 0.346076 156 5
179.448 -5.64597 0.173818 13.8544 0.0401565 0.0443101 -0.0645489 0.225473 157 4
180.539 -5.45079 0.17703 13.8627 0.0349094 0.103712 -0.0655884 0.23517 158 4
181.63 -5.25243 0.179823 13.8908 0.0300498 0.351059 -0.0607446 0.160303 159 5
182.723 -5.05105 0.182227 13.9053 0.0247461 0.180984 -0.0662968 0.140528 160 4
183.817 -4.84729 0.184207 13.9397 0.0199287 0.429976 -0.0602169 0.153249 161 5
184.913 -4.64128 0.185801 13.9894 0.014935 0.622273 -0.0624209 0.145784 162 1
186.012 -4.43322 0.186996 14.0164 0.00964023 0.336552 -0.0661852 0.114625 163 4
187.114 -4.22391 0.187767 14.0459 0.00452871 0.368726 -0.063894 0.100421 164 4
188.218 -4.01376 0.188129 14.0774 -0.000409807 0.394797 -0.0617315 0.088629 165 4
189.324 -3.80317 0.188097 14.1148 -0.00527844 0.467348 -0.0608579 0.099279 166 4
190.434 -3.5925 0.187674 14.1404 -0.0102622 0.319099 -0.0622969 0.124629 167 3
191.545 -3.38235 0.186853 14.1803 -0.014617 0.499523 -0.0544351 0.105239 168 4
192.66 -3.17291 0.185684 14.2209 -0.0187292 0.507152 -0.0514025 0.090714 169 4
193.779 -2.96455 0.184186 14.248 -0.0231162 0.339031 -0.0548379 0.099321 170 3
194.899 -2.75787 0.182336 14.3046 -0.0255921 0.707912 -0.030949 0.099246 171 5
196.025 -2.55267 0.180289 14.3595 -0.0278462 0.685608 -0.0281757 0.099419 172 5
197.156 -2.3492 0.178061 14.4002 -0.0311537 0.508392 -0.0413443 0.099855 173 4
198.29 -2.14798 0.175569 14.451 -0.0328235 0.635016 -0.0208721 0.101107 174 5
199.429 -1.94904 0.172943 14.4901 -0.0368729 0.489795 -0.0506173 0.099241 175 1
200.572 -1.75292 0.169993 14.5359 -0.0379005 0.572455 -0.0128453 0.095272 176 5
201.718 -1.55967 0.166961 14.5792 -0.0387465 0.541127 -0.0105747 0.100106 177 5
202.869 -1.36941 0.163862 14.62 -0.0394159 0.509393 -0.00836779 0.076487 178 5
204.023 -1.18225 0.160708 14.6582 -0.0399156 0.477648 -0.00624633 0.100253 179 5
205.182 -0.998302 0.157515 14.6939 -0.040254 0.446212 -0.00422969 0.15679 180 5
206.343 -0.817645 0.154295 14.7271 -0.0404404 0.415003 -0.00232989 0.100215 181 5
207.508 -0.640348 0.15106 14.7578 -0.0404854 0.384343 -0.000563031 0.09993 182 5
208.676 -0.466462 0.147821 14.7862 -0.0404003 0.354099 0.00106394 0.092887 183 5
209.846 -0.296024 0.144589 14.8125 -0.0401924 0.329328 0.00259858 0.077853 184 5
211.019 -0.129054 0.141373 14.8364 -0.0398802 0.299025 0.00390341 0.095425 185 5
212.195 0.0344358 0.138183 14.858 -0.0394755 0.269616 0.00505834 0.185944 186 5
213.373 0.194445 0.135025 14.875 -0.0443429 0.212729 -0.0608431 0.226538 187 0
214.553 0.350452 0.131477 14.8917 -0.0433401 0.2087 0.0125356 0.251845 188 5
215.734 0.50254 0.12801 14.8995 -0.0479015 0.0974059 -0.0570177 0.249494 189 0
216.917 0.650175 0.124178 14.8497 -0.0483367 -0.622165 -0.00543986 0.253223 190 4
218.096 0.792758 0.120311 14.793 -0.0479574 -0.708759 0.00474164 0.328784 191 4
219.272 0.930287 0.116475 14.7436 -0.0467298 -0.617468 0.0153441 0.232903 192 4
220.444 1.06298 0.112736 14.7155 -0.0448789 -0.351775 0.0231375 0.225611 193 4
221.614 1.19121 0.109146 14.7038 -0.042728 -0.145912 0.0268863 0.237742 194 4
222.784 1.31535 0.105728 14.7014 -0.0405319 -0.0304222 0.0274501 0.205579 195 4
223.954 1.43567 0.102485 14.7074 -0.0384066 0.0750184 0.0265674 0.154917 196 4
225.124 1.55245 0.0994125 14.7575 -0.0357625 0.626814 0.0330506 0.208219 197 3
226.3 1.66626 0.0965515 14.7683 -0.0339348 0.134218 0.0228466 0.207446 198 4
227.476 1.77696 0.0938367 14.78 -0.0322391 0.146294 0.021196 0.23428 199 4
228.653 1.88471 0.0912576 14.7644 -0.0295532 -0.194728 0.0335738 0.200446 200 5
229.83 1.98957 0.0888933 14.7866 -0.0268782 0.277317 0.0334373 0.251422 201 2
231.008 2.09205 0.0867431 14.79 -0.0247387 0.0431657 0.0267432 0.310503 202 2
232.187 2.19223 0.084764 14.7878 -0.0233199 -0.028336 0.0177356 0.263353 203 2
233.366 2.29019 0.0828984 14.7836 -0.0222284 -0.051868 0.0136442 0.294065 204 2
234.545 2.38602 0.0811201 14.7802 -0.0212489 -0.0423551 0.0122427 0.309136 205 2
235.724 2.47983 0.0794202 14.7751 -0.0202567 -0.0641227 0.0124029 0.299199 206 2
236.902 2.5717 0.0777997 14.7706 -0.0193595 -0.0567198 0.0112152 0.283781 207 2
238.08 2.66171 0.0762509 14.7649 -0.0185283 -0.0708342 0.0103902 0.270877 208 2
239.258 2.74995 0.0747686 14.7626 -0.0178023 -0.0289559 0.00907457 0.314011 209 2
240.436 2.83649 0.0733444 14.7564 -0.0173482 -0.0774026 0.00567688 0.300579 210 2
241.613 2.92136 0.0719566 14.7551 -0.0167168 -0.0165701 0.00789235 0.246581 211 2
242.791 3.00465 0.0706192 14.7469 -0.0166111 -0.102329 0.00132131 0.250489 212 2
243.968 3.08633 0.0692904 14.7342 -0.0168836 -0.159073 -0.00340622 0.235725 213 2
245.144 3.16635 0.0679397 14.7303 -0.0173935 -0.0476122 -0.00637344 0.269435 214 2
246.32 3.24472 0.0665482 14.7267 -0.0183657 -0.0452876 -0.012153 0.26723 215 2
247.495 3.32133 0.0650789 14.7277 -0.0195779 0.0116706 -0.0151526 0.231438 216 2
248.671 3.39612 0.0635127 14.7461 -0.0209882 0.229955 -0.0176286 0.264048 217 2
249.849 3.46901 0.0618337 14.8116 -0.0212264 0.819325 -0.00297742 0.277325 218 1
251.031 3.54023 0.0601355 14.8838 -0.0213474 0.902772 -0.00151256 0.261954 219 1
252.22 3.60976 0.0584278 14.97 -0.0212477 1.07749 0.00124637 0.261484 220 1
253.416 3.67766 0.0567279 15.0523 -0.0208283 1.02837 0.00524237 0.248617 221 1
254.618 3.74393 0.0550617 15.1179 -0.022826 0.819802 -0.0249711 0.26927 222 0
255.826 3.80828 0.0532356 15.1814 -0.0266897 0.794601 -0.048297 0.255774 223 2
257.039 3.87032 0.0511004 15.2138 -0.0298613 0.40462 -0.0396447 0.22446 224 2
258.254 3.92958 0.0487115 15.2459 -0.030942 0.400817 -0.013509 0.239865 225 3
259.473 3.98595 0.0462362 15.2976 -0.0337805 0.645888 -0.0354805 0.25233 226 2
260.695 4.03921 0.0435337 15.3608 -0.0360918 0.790155 -0.0288918 0.246569 227 2
261.923 4.08915 0.0406464 15.3809 -0.0369068 0.251162 -0.0101873 0.228384 228 3
263.153 4.13552 0.0376938 15.405 -0.0378572 0.301886 -0.0118797 0.232895 229 3
264.385 4.17823 0.0346653 15.5188 -0.0380698 1.42217 -0.00265813 0.240351 230 0
265.625 4.21748 0.0316197 15.5968 -0.0396909 0.975585 -0.0202641 0.221291 231 2
266.873 4.25297 0.0284444 15.6526 -0.0417043 0.697207 -0.0251675 0.198307 232 1
268.124 4.28441 0.0251081 15.7088 -0.0435988 0.701988 -0.0236807 0.25026 233 1
269.381 4.31157 0.0216202 15.7349 -0.0465336 0.327206 -0.036685 0.21191 234 1
270.639 4.3341 0.0178975 15.8052 -0.0482296 0.878871 -0.0211995 0.212065 235 2
271.904 4.35185 0.0140391 15.8262 -0.0512797 0.261819 -0.0381263 0.291147 236 1
273.17 4.36443 0.00993673 15.8775 -0.0531607 0.640881 -0.0235136 0.198563 237 2
274.44 4.37165 0.00568387 15.9181 -0.0551035 0.50782 -0.0242838 0.214991 238 2
275.713 4.37328 0.00127559 15.9552 -0.0567301 0.463808 -0.0203332 0.27728 239 2
276.99 4.36911 -0.00326282 15.9854 -0.0586422 0.37775 -0.0239015 0.221973 240 2
278.269 4.35894 -0.0079542 15.8406 -0.0596945 -1.80963 -0.0131533 0.244508 241 5
279.536 4.34281 -0.0127298 15.8486 -0.0633672 0.0998855 -0.045909 0.274213 242 3
280.803 4.32024 -0.0177991 15.8237 -0.0655337 -0.312257 -0.0270817 0.208882 243 1
282.069 4.29108 -0.0230418 15.8498 -0.0656052 0.326419 -0.000892673 0.188496 244 0
283.336 4.25521 -0.0282902 15.8652 -0.0660131 0.192845 -0.00509899 0.260836 245 2
284.605 4.21261 -0.0335713 15.8584 -0.0665947 -0.0844955 -0.00727 0.191664 246 2
285.873 4.16327 -0.0388989 15.8712 -0.0667215 0.159705 -0.00158474 0.240162 247 0
287.141 4.10712 -0.0442366 15.876 -0.0671732 0.0596404 -0.00564661 0.273518 248 0
288.41 4.04414 -0.0496104 15.8788 -0.0675507 0.0356078 -0.00471827 0.222959 249 0
289.678 3.97429 -0.0550145 15.88 -0.0678228 0.0139952 -0.00340212 0.277735 250 0
290.946 3.89755 -0.0604403 15.8786 -0.0679854 -0.0169277 -0.00203168 0.303611 251 0
292.214 3.81393 -0.0658791 15.8637 -0.0690975 -0.186217 -0.0139016 0.304302 252 4
293.48 3.72338 -0.0714069 15.8655 -0.0685792 0.0222683 0.00647893 0.289895 253 0
294.745 3.62588 -0.0768933 15.8443 -0.0681681 -0.265205 0.00513857 0.306559 254 0
296.008 3.52162 -0.0823467 15.8423 -0.067409 -0.0240922 0.00948794 0.280189 255 0
297.271 3.41057 -0.0877394 15.8384 -0.0665363 -0.0497341 0.010909 0.306875 256 0
298.532 3.29282 -0.0930624 15.8326 -0.0655449 -0.0723004 0.0123926 0.263294 257 0
299.793 3.16851 -0.0983059 15.8231 -0.0644505 -0.118828 0.0136807 0.26065 258 0
301.052 3.03777 -0.103462 15.793 -0.0632604 -0.375676 0.0148761 0.262547 259 1
302.308 2.90093 -0.108523 15.7648 -0.0619885 -0.352454 0.0158986 0.234646 260 1
303.561 2.75811 -0.113482 15.7329 -0.0606605 -0.398946 0.0166005 0.217998 261 1
304.811 2.60952 -0.118335 15.7032 -0.0592007 -0.370932 0.0182471 0.21809 262 1
306.058 2.4553 -0.123071 15.6617 -0.0577175 -0.51924 0.0185397 0.222825 263 1
307.3 2.29575 -0.127688 15.6153 -0.0542634 -0.579369 0.0431761 0.210334 264 5
308.539 2.1313 -0.132029 15.5717 -0.0529095 -0.545692 0.0169236 0.236056 265 1
309.773 1.96207 -0.136262 15.5345 -0.0513104 -0.464749 0.0199895 0.212756 266 0
311.003 1.7882 -0.140367 15.5021 -0.0495781 -0.405049 0.021654 0.214289 267 0
312.231 1.60983 -0.144333 15.4663 -0.047681 -0.447059 0.0237133 0.236327 268 0
313.454 1.42719 -0.148148 15.434 -0.0456116 -0.403798 0.0258677 0.215476 269 0
314.675 1.24049 -0.151797 15.4048 -0.0433729 -0.364983 0.0279836 0.256777 270 0
315.893 1.04991 -0.155266 15.3775 -0.0409417 -0.341165 0.0303902 0.215269 271 0
317.107 0.855684 -0.158542 15.3517 -0.0384225 -0.322735 0.0314893 0.218043 272 0
318.319 0.65806 -0.161615 15.3295 -0.0357081 -0.277615 0.0339298 0.267122 273 0
319.529 0.457266 -0.164472 15.3087 -0.0328626 -0.260735 0.0355698 0.223157 274 0
320.737 0.25357 -0.167101 15.2883 -0.0299036 -0.254047 0.0369871 0.218866 275 0
321.942 0.0472595 -0.169493 15.2714 -0.0268955 -0.211871 0.0376017 0.251386 276 0
323.146 -0.161413 -0.171645 15.2549 -0.0238407 -0.206268 0.0381851 0.242249 277 0
324.348 -0.372153 -0.173552 15.2393 -0.0207625 -0.195158 0.0384769 0.331703 278 0
325.549 -0.584671 -0.175213 15.2249 -0.0176882 -0.179017 0.0384289 0.241474 279 0
326.748 -0.798687 -0.176628 15.212 -0.0146216 -0.161755 0.0383328 0.257793 280 0
327.946 -1.01392 -0.177798 15.1999 -0.0115702 -0.151193 0.0381421 0.243243 281 0
329.142 -1.23009 -0.178724 15.1888 -0.00854904 -0.13938 0.0377645 0.2452 282 0
330.338 -1.44692 -0.179408 15.1788 -0.00557932 -0.12387 0.0371216 0.283344 283 0
331.532 -1.66415 -0.179854 15.1695 -0.00266931 -0.116396 0.0363751 0.282814 284 0
332.726 -1.88149 -0.180068 15.1609 0.000180406 -0.108397 0.0356214 0.277855 285 0
333.92 -2.09869 -0.180053 15.1524 0.00294702 -0.105679 0.0345827 0.250079 286 0
335.112 -2.31549 -0.179817 15.1442 0.00564048 -0.102067 0.0336682 0.291734 287 0
336.304 -2.53164 -0.179366 15.1362 0.00825114 -0.100005 0.0326332 0.291676 288 0
337.496 -2.74689 -0.178706 15.1282 0.0107819 -0.100327 0.0316347 0.258785 289 0
338.687 -2.96099 -0.177843 15.1199 0.0132228 -0.103807 0.0305112 0.297094 290 0
339.878 -3.17372 -0.176786 15.1111 0.0157408 -0.110161 0.0314752 0.283216 291 1
341.068 -3.38482 -0.175526 15.1026 0.0179484 -0.106847 0.0275949 0.291552 292 0
342.258 -3.5941 -0.17409 15.094 0.0200602 -0.107288 0.026397 0.253255 293 0
343.448 -3.80134 -0.172486 15.0854 0.022074 -0.107718 0.0251724 0.252134 294 0
344.637 -4.00637 -0.17072 15.0767 0.023986 -0.107622 0.0239007 0.270762 295 0
345.826 -4.20901 -0.168801 15.0682 0.0257955 -0.10711 0.0226182 0.287077 296 0
347.015 -4.40907 -0.166737 15.0597 0.0275024 -0.10618 0.0213367 0.29809 297 0
348.203 -4.60641 -0.164537 15.0513 0.0291074 -0.104809 0.0200616 0.288412 298 0
349.392 -4.80087 -0.162208 15.0429 0.0306364 -0.105238 0.0191135 0.277968 299 0
350.58 -4.99231 -0.159758 15.0347 0.0320742 -0.102139 0.0179722 0.287246 300 0
351.768 -5.1806 -0.157192 15.0265 0.0334145 -0.102365 0.0167537 0.283071 301 0
352.955 -5.36561 -0.154518 15.0185 0.034672 -0.100565 0.0157185 0.252566 302 0
354.143 -5.54723 -0.151745 15.0144 0.0360793 -0.0511765 0.0175908 0.289371 303 1
355.331 -5.72537 -0.148858 15.0068 0.0371176 -0.0947595 0.0129791 0.230503 304 0
356.519 -5.89989 -0.145889 14.9995 0.0380741 -0.0916839 0.0119563 0.229521 305 0
357.707 -6.07072 -0.142843 14.9968 0.0390946 -0.0327706 0.0127563 0.228287 306 1
358.895 -6.23779 -0.139715 14.9899 0.0398566 -0.0869036 0.00952515 0.257333 307 0
360.083 -6.40101 -0.136527 14.9831 0.0405234 -0.0846148 0.0083352 0.229986 308 0
361.271 -6.5603 -0.133285 14.9769 0.0411023 -0.0775099 0.00723624 0.22906 309 0
362.459 -6.71562 -0.129997 14.9708 0.0415959 -0.0761271 0.00616959 0.269468 310 0
363.647 -6.86692 -0.126669 14.9649 0.0420065 -0.074029 0.00513289 0.237521 311 0
364.835 -7.01417 -0.123309 14.9639 0.0425169 -0.0130415 0.0063797 0.260888 312 1
366.023 -7.15737 -0.119907 14.9584 0.0427479 -0.0681639 0.00288752 0.228881 313 0
367.212 -7.29645 -0.116487 14.9574 0.0431495 -0.0124931 0.00501946 0.283524 314 1
368.401 -7.43142 -0.113035 14.9526 0.0431949 -0.0606179 0.00056806 0.238608 315 0
369.59 -7.56224 -0.10958 14.9478 0.0431742 -0.059557 -0.000259373 0.325339 316 0
370.779 -7.68891 -0.106126 14.9432 0.043089 -0.0574946 -0.00106385 0.262856 317 0
371.968 -7.81144 -0.102679 14.9388 0.0429393 -0.0552416 -0.00187187 0.276596 318 0
373.157 -7.92985 -0.0992437 14.9345 0.0427259 -0.0533462 -0.00266791 0.270113 319 0
374.347 -8.04416 -0.0958256 14.9333 0.0429089 -0.0154495 0.00228793 0.272263 320 1
375.536 -8.15438 -0.0923929 14.9321 0.0430223 -0.0149131 0.00141701 0.250523 321 1
376.726 -8.2605 -0.0889511 14.9309 0.0430695 -0.0143647 0.000589946 0.256601 322 1
377.916 -8.36251 -0.0855056 14.9276 0.0424136 -0.0416279 -0.00819825 0.271417 323 0
379.106 -8.46046 -0.0821125 14.929 0.0428864 0.0172496 0.00591022 0.227705 324 2
380.297 -8.55434 -0.0786816 14.9261 0.0419834 -0.0357986 -0.0112879 0.263207 325 0
381.488 -8.64419 -0.0753229 14.9248 0.0419316 -0.0164986 -0.000647828 0.219451 326 1
382.679 -8.73005 -0.0719684 14.9223 0.0408594 -0.030911 -0.0134017 0.229503 327 0
383.87 -8.812 -0.0686996 14.9199 0.0397866 -0.0297904 -0.01341 0.227922 328 0
385.061 -8.89014 -0.0655167 14.9188 0.0397252 -0.0144958 -0.000767829 0.24561 329 1
386.252 -8.96449 -0.0623387 14.9184 0.0395856 -0.00463724 -0.00174469 0.229458 330 1
387.443 -9.03507 -0.0591718 14.9167 0.0381722 -0.0208139 -0.0176672 0.259076 331 0
388.635 -9.10201 -0.0561181 14.9153 0.0380832 -0.0178337 -0.00111279 0.218151 332 1
389.826 -9.1653 -0.0530714 14.914 0.0379382 -0.0169992 -0.0018124 0.25478 333 1
391.018 -9.22498 -0.0500363 14.9127 0.0377406 -0.0162482 -0.00246973 0.173476 334 1
392.21 -9.28105 -0.0470171 14.9114 0.0374937 -0.0155807 -0.00308659 0.215168 335 1
393.401 -9.33354 -0.0440176 14.9102 0.0372005 -0.0149488 -0.0036648 0.241102 336 1
394.593 -9.38248 -0.0410416 14.9091 0.0368641 -0.0143766 -0.00420599 0.20146 337 1
395.785 -9.4279 -0.0380924 14.908 0.0364871 -0.0138521 -0.00471207 0.289859 338 1
396.977 -9.46984 -0.0351735 14.9069 0.0360723 -0.0133872 -0.00518472 0.250316 339 1
398.169 -9.50834 -0.0322877 14.9059 0.0356222 -0.0129581 -0.00562584 0.209129 340 1
399.361 -9.54344 -0.0294379 14.9044 0.0335661 -0.0175238 -0.0257014 0.153805 341 0
400.553 -9.57534 -0.0267526 14.9074 0.0340791 0.0374556 0.00641225 0.148779 342 2
401.745 -9.60399 -0.0240263 14.9059 0.032006 -0.0190735 -0.0259143 0.100375 343 0
402.937 -9.62958 -0.0214658 14.9047 0.0316259 -0.0154495 -0.00475086 0.086275 344 1
404.129 -9.65216 -0.0189357 14.9035 0.0312104 -0.0148892 -0.00519326 0.101174 345 1
405.321 -9.67176 -0.0164389 14.9023 0.0307617 -0.0143647 -0.00560964 0.089614 346 1
406.513 -9.68842 -0.013978 14.9012 0.0302815 -0.013876 -0.00600182 0.074134 347 1
407.705 -9.7022 -0.0115554 14.9002 0.0297718 -0.0133872 -0.00637167 0.100139 348 1
408.897 -9.71313 -0.0091737 14.8991 0.0292341 -0.0129342 -0.00672091 0.099347 349 1
410.089 -9.72128 -0.00683497 14.8999 0.0298078 0.00988245 0.00717165 0.097364 350 2
411.281 -9.72658 -0.00445034 14.8983 0.0275147 -0.0200629 -0.0286644 0.100407 351 0
412.473 -9.72926 -0.00224917 14.8973 0.0269444 -0.012362 -0.00712865 0.086536 352 1
413.665 -9.72938 -9.36176e-05 14.8963 0.0263502 -0.0121713 -0.00742797 0.100069 353 1
414.857 -9.72698 0.0020144 14.8954 0.0257335 -0.012064 -0.00770777 0.092139 354 1
416.048 -9.72212 0.00407308 14.9028 0.0266485 0.0930548 0.0114375 0.100005 355 3
417.24 -9.71472 0.00620496 14.9016 0.0258673 -0.0150442 -0.0097659 0.099971 356 1
418.433 -9.70486 0.00827434 14.9049 0.0267292 0.0410199 0.0107739 0.099513 357 3
419.625 -9.69244 0.0104127 14.9046 0.027167 -0.00425577 0.00547271 0.099307 358 2
420.817 -9.67744 0.012586 14.9033 0.0261175 -0.0154257 -0.0131192 0.095087 359 1
422.009 -9.65994 0.0146754 14.9043 0.0268908 0.0127077 0.00966741 0.086067 360 3
423.201 -9.63988 0.0168267 14.9029 0.0257059 -0.0174999 -0.0148118 0.093117 361 1
424.393 -9.61737 0.0188832 14.9041 0.0264264 0.0142574 0.00900619 0.099763 362 3
425.586 -9.59233 0.0209973 14.9026 0.0251181 -0.0182033 -0.0163539 0.09372 363 1
426.777 -9.56491 0.0230067 14.9012 0.0238327 -0.0178218 -0.0160678 0.082461 364 1
427.969 -9.53521 0.0249133 14.8988 0.0225751 -0.0304699 -0.015719 0.081146 365 1
429.161 -9.50337 0.0267194 14.9015 0.0230149 0.0339508 0.00549743 0.092683 366 3
430.352 -9.46932 0.0285606 14.9039 0.0233076 0.029695 0.00365768 0.17614 367 3
431.544 -9.43305 0.0304252 14.9043 0.0230403 0.00566244 -0.00334089 0.208003 368 2
432.736 -9.39459 0.0322684 14.9044 0.0227032 0.00126362 -0.00421414 0.240767 369 2
433.927 -9.35395 0.0340846 14.9092 0.0224888 0.0597715 -0.00267895 0.208103 370 3
435.119 -9.31116 0.0358837 14.9097 0.0218932 0.00584126 -0.00744518 0.21029 371 2
436.311 -9.26628 0.0376352 14.9101 0.0212485 0.00500679 -0.0080592 0.237573 372 2
437.503 -9.21938 0.0393351 14.911 0.0205215 0.0117779 -0.00908773 0.208691 373 2
438.695 -9.17051 0.0409768 14.9116 0.0197344 0.00724792 -0.00983828 0.225807 374 2
439.887 -9.11976 0.0425555 14.9169 0.0188212 0.0661612 -0.0114147 0.237239 375 2
441.079 -9.06719 0.0440612 14.9177 0.0179209 0.00988245 -0.0112545 0.21529 376 2
442.271 -9.01292 0.0454949 14.9191 0.0170157 0.0179291 -0.0113143 0.211188 377 2
443.464 -8.95702 0.0468562 14.9204 0.016045 0.0162601 -0.0121343 0.228325 378 2
444.656 -8.89958 0.0481398 14.9213 0.0151639 0.0110626 -0.011013 0.190468 379 2
445.848 -8.84069 0.0493529 14.922 0.0142667 0.00890493 -0.0112156 0.19096 380 2
447.04 -8.78044 0.0504942 14.9152 0.0140665 -0.0849247 -0.00250189 0.164605 381 1
448.232 -8.71887 0.0516195 14.9163 0.0131276 0.0132561 -0.0117366 0.160302 382 2
449.424 -8.65605 0.0526698 14.9173 0.0122019 0.013113 -0.0115716 0.157394 383 2
450.615 -8.59206 0.0536459 14.9185 0.0113615 0.0143051 -0.0105049 0.131434 384 2
451.807 -8.52698 0.0545548 14.9196 0.010626 0.0141144 -0.00919398 0.126882 385 2
452.999 -8.46089 0.0554049 14.9197 0.00994567 0.00077486 -0.00850378 0.163679 386 2
454.19 -8.39384 0.0562006 14.9191 0.00929165 -0.00675917 -0.00817525 0.148834 387 2
455.382 -8.32591 0.0569439 14.9154 0.00864177 -0.0466108 -0.0081235 0.16067 388 2
456.573 -8.25718 0.0576352 14.9103 0.00849597 -0.064075 -0.00182254 0.214317 389 1
457.764 -8.18766 0.0583149 14.9043 0.00814984 -0.0751138 -0.00432656 0.18693 390 1
458.954 -8.11739 0.0589669 14.894 0.00775657 -0.127733 -0.0049159 0.223957 391 1
460.144 -8.04643 0.0595874 14.8949 0.00837109 0.0110149 0.00768147 0.247229 392 5
461.333 -7.97468 0.0602571 14.8767 0.00758148 -0.228071 -0.00987015 0.327614 393 1
462.521 -7.90228 0.0608636 14.8579 0.00630588 -0.234425 -0.015945 0.272491 394 2
463.707 -7.82939 0.0613681 14.84 0.00497108 -0.224245 -0.016685 0.207006 395 2
464.892 -7.7561 0.0617658 14.8252 0.0036297 -0.184476 -0.0167672 0.228698 396 2
466.076 -7.68255 0.0620562 14.8135 0.00229156 -0.146079 -0.0167267 0.262164 397 2
467.259 -7.60884 0.0622395 14.8036 0.000922497 -0.123715 -0.0171133 0.278996 398 2
468.441 -7.53509 0.0623133 14.7771 -6.58814e-05 -0.331748 -0.0123547 0.259019 399 1
469.621 -7.46148 0.062308 14.75 -0.00104518 -0.338793 -0.0122413 0.229966 400 1
470.798 -7.3881 0.0622244 14.7247 -0.0020378 -0.316226 -0.0124077 0.297088 401 1
471.974 -7.31504 0.0620614 14.6994 -0.00296359 -0.316119 -0.0115724 0.245794 402 1
473.148 -7.24239 0.0618243 14.7 -0.0043294 0.00720024 -0.0170727 0.281306 403 2
474.322 -7.17013 0.0614779 14.7032 -0.00563178 0.0403643 -0.0162797 0.270464 404 2
475.496 -7.09839 0.0610274 14.7062 -0.00691572 0.0379562 -0.0160492 0.276154 405 2
476.67 -7.02729 0.0604741 14.7101 -0.00812094 0.0484467 -0.0150653 0.231616 406 2
477.845 -6.95693 0.0598245 14.6845 -0.00868074 -0.320065 -0.00699752 0.240963 407 1
479.017 -6.88751 0.05913 14.6603 -0.00920364 -0.303137 -0.00653625 0.279851 408 1
480.188 -6.81906 0.0583937 14.6359 -0.00965438 -0.304794 -0.00563418 0.247991 409 1
481.357 -6.75163 0.0576214 14.6436 -0.010676 0.0963449 -0.0127708 0.247291 410 2
482.527 -6.68516 0.0567673 14.6511 -0.0116254 0.0935435 -0.0118667 0.259258 411 2
483.697 -6.61975 0.0558372 14.6587 -0.0125039 0.0953555 -0.0109812 0.301464 412 2
484.868 -6.55548 0.0548369 14.6669 -0.0133189 0.103068 -0.0101882 0.300514 413 2
486.04 -6.49242 0.0537714 14.6736 -0.0140183 0.0826716 -0.00874215 0.240244 414 2
487.212 -6.43064 0.05265 14.68 -0.0146547 0.0802159 -0.00795559 0.276831 415 2
488.385 -6.37021 0.0514776 14.6865 -0.0152128 0.0819564 -0.00697579 0.252741 416 2
489.558 -6.31118 0.0502606 14.6589 -0.014826 -0.345385 0.00483491 0.251439 417 1
490.73 -6.25366 0.0490745 14.6657 -0.0153275 0.085032 -0.00626914 0.254843 418 2
491.901 -6.19754 0.0478483 14.6734 -0.0157043 0.0965476 -0.00470893 0.302529 419 2
493.074 -6.14287 0.0465919 14.6808 -0.016015 0.091958 -0.00388464 0.270301 420 2
494.247 -6.08967 0.0453107 14.6878 -0.0162608 0.0879288 -0.00307243 0.252536 421 2
495.421 -6.03797 0.0440099 14.6936 -0.0164812 0.0728965 -0.00275499 0.295213 422 2
496.596 -5.9878 0.0426914 14.7012 -0.0165866 0.0948548 -0.00131691 0.256538 423 2
497.771 -5.93917 0.0413644 14.7064 -0.0166565 0.0650406 -0.000874 0.260304 424 2
498.946 -5.89208 0.0400319 14.7141 -0.0166101 0.0952959 0.000579678 0.248723 425 2
500.122 -5.84654 0.0387031 14.7261 -0.0170055 0.150394 -0.00494169 0.272148 426 3
501.3 -5.80255 0.0373427 14.7422 -0.0178182 0.201225 -0.0101587 0.271286 427 4
502.478 -5.7602 0.0359172 14.7548 -0.01845 0.157285 -0.00789813 0.240703 428 4
503.658 -5.71956 0.0344412 14.7522 -0.0179939 -0.0318289 0.00570102 0.235354 429 2
504.838 -5.68062 0.0330017 14.6303 -0.0171893 -1.52372 0.0100574 0.255419 430 1
506.007 -5.64361 0.0316266 14.642 -0.01756 0.14596 -0.00463394 0.227407 431 4
507.178 -5.60821 0.0302218 14.6596 -0.0179989 0.220442 -0.00548565 0.232899 432 4
508.351 -5.57446 0.0287818 14.6828 -0.0184006 0.289154 -0.00502158 0.257457 433 4
509.525 -5.54239 0.0273098 14.682 -0.0176253 -0.00909567 0.00969211 0.218712 434 2
510.699 -5.51197 0.0258998 14.6801 -0.0167841 -0.0241041 0.0105149 0.139252 435 2
511.873 -5.48313 0.024557 14.6773 -0.0158477 -0.0349283 0.0117047 0.145628 436 2
513.047 -5.45579 0.0232892 14.6746 -0.0149864 -0.0342011 0.0107661 0.118597 437 2
514.221 -5.42986 0.0220903 14.6672 -0.0141004 -0.0929356 0.0110747 0.099979 438 2
515.394 -5.40526 0.0209623 14.6654 -0.013202 -0.0213623 0.0112308 0.150539 439 2
516.567 -5.38191 0.0199061 14.6604 -0.012271 -0.0636101 0.0116369 0.14969 440 2
517.739 -5.35972 0.0189244 14.6555 -0.0113877 -0.0603557 0.0110416 0.201944 441 2
518.911 -5.3386 0.0180134 14.6494 -0.0104769 -0.076592 0.0113846 0.215104 442 2
520.083 -5.31847 0.0171753 14.6439 -0.00958179 -0.0686526 0.011189 0.215446 443 2
521.255 -5.29925 0.0164087 14.6355 -0.00871231 -0.105262 0.0108685 0.235289 444 2
522.425 -5.28085 0.0157118 14.625 -0.00775876 -0.130796 0.0119193 0.248992 445 2
523.595 -5.2632 0.0150911 14.6138 -0.00692072 -0.139749 0.0104756 0.249319 446 2
524.764 -5.2462 0.0145374 14.6 -0.00613657 -0.173056 0.00980193 0.23087 447 2
525.932 -5.2298 0.0140465 14.5845 -0.00530758 -0.193477 0.0103623 0.232185 448 2
527.099 -5.2139 0.0136219 14.5688 -0.00448688 -0.196958 0.0102588 0.25717 449 2
528.264 -5.19844 0.0132629 14.5775 -0.00135298 0.108814 0.0391737 0.23447 450 0
529.43 -5.1831 0.0131547 14.5934 0.00200512 0.199246 0.0419762 0.259301 451 0
530.598 -5.16756 0.0133151 14.5767 0.00440234 -0.208724 0.0299653 0.293564 452 0
531.764 -5.15162 0.0136673 14.5517 0.00423471 -0.312221 -0.00209533 0.277152 453 2
532.928 -5.13532 0.014006 14.5623 0.00726102 0.132036 0.0378289 0.273072 454 0
534.092 -5.11832 0.0145869 14.5349 0.00689326 -0.343108 -0.00459708 0.278262 455 2
535.255 -5.10072 0.0151384 14.5407 0.00943557 0.0733614 0.0317789 0.291994 456 0
536.418 -5.08224 0.0158932 14.5421 0.0115639 0.0172853 0.0266037 0.269514 457 0
537.581 -5.06267 0.0168183 14.5089 0.0105547 -0.415111 -0.0126143 0.29608 458 2
538.742 -5.04217 0.0176627 14.4792 0.00960083 -0.371003 -0.0119236 0.259447 459 2
539.9 -5.02082 0.0184308 14.4791 0.0112043 -0.0010848 0.0200433 0.270505 460 0
541.058 -4.99844 0.0193271 14.5085 0.0087428 0.366974 -0.0307686 0.269459 461 3
542.219 -4.97519 0.0200266 14.5393 0.00632258 0.385201 -0.0302527 0.294369 462 3
543.382 -4.95131 0.0205324 14.5066 0.00580534 -0.408936 -0.00646557 0.252947 463 2
544.542 -4.92695 0.0209968 14.4786 0.00531072 -0.349569 -0.00618277 0.208988 464 2
545.7 -4.90214 0.0214216 14.455 0.00483157 -0.295365 -0.00598939 0.279594 465 2
546.856 -4.87692 0.0218082 14.4331 0.0044675 -0.273466 -0.00455086 0.222265 466 2
548.01 -4.85133 0.0221656 14.4215 0.00414773 -0.144672 -0.00399706 0.217524 467 2
549.164 -4.82538 0.0224974 14.4127 0.00395802 -0.110662 -0.00237139 0.236201 468 2
550.317 -4.79907 0.022814 14.4036 0.0039404 -0.113785 -0.000220258 0.252503 469 2
551.469 -4.77242 0.0231293 14.4017 0.00389161 -0.0239015 -0.000609903 0.278976 470 2
552.62 -4.74542 0.0234406 14.4026 0.00396102 0.0111818 0.000867681 0.285108 471 2
553.772 -4.71805 0.0237575 14.4083 0.00413 0.0714183 0.00211226 0.277809 472 2
554.924 -4.69029 0.0240879 14.4197 0.00417274 0.14329 0.000534166 0.259777 473 2
556.078 -4.66212 0.0244217 14.4636 0.00227695 0.547755 -0.0236973 0.223089 474 4
557.234 -4.63365 0.0246038 14.4486 -0.000961072 -0.187123 -0.0404753 0.216298 475 0
558.39 -4.6053 0.024527 14.4384 -0.00407465 -0.127411 -0.0389198 0.228142 476 0
559.545 -4.57735 0.024201 14.516 -0.0046846 0.970352 -0.00762434 0.262853 477 5
560.706 -4.54969 0.0238262 14.5498 -0.00595257 0.422537 -0.0158496 0.22664 478 3
561.869 -4.52251 0.02335 14.5752 -0.00400265 0.316703 0.024374 0.222478 479 2
563.035 -4.49566 0.0230298 14.5556 -0.00796111 -0.244617 -0.0494807 0.253695 480 0
564.199 -4.46958 0.0223929 14.5868 -0.00550074 0.389731 0.0307546 0.239223 481 2
565.366 -4.44397 0.0219529 14.6051 -0.00623814 0.229323 -0.00921746 0.226701 482 3
566.534 -4.4189 0.0214538 14.6458 -0.00593546 0.508761 0.00378345 0.258871 483 3
567.705 -4.39433 0.020979 14.6831 -0.00557321 0.465596 0.00452811 0.264527 484 3
568.88 -4.37021 0.0205331 14.7184 -0.00494501 0.441504 0.00785257 0.216302 485 3
570.057 -4.3465 0.0201375 14.7433 -0.00377274 0.31147 0.0146533 0.241342 486 3
571.236 -4.3231 0.0198357 14.7889 -0.00249077 0.570047 0.0160247 0.273444 487 3
572.419 -4.29987 0.0196364 14.8202 -0.0013347 0.390911 0.0144508 0.225691 488 3
573.605 -4.27672 0.0195297 14.8471 0.000229223 0.336647 0.0195491 0.263599 489 3
574.792 -4.2535 0.019548 14.8699 0.00209536 0.284314 0.0233267 0.275124 490 3
575.982 -4.23005 0.0197156 14.9048 0.00421369 0.436163 0.0264791 0.247284 491 2
577.174 -4.20614 0.0200527 14.9285 0.00563474 0.297058 0.0177632 0.281061 492 3
578.368 -4.18166 0.0205035 14.9543 0.00698481 0.322497 0.0168759 0.32253 493 3
579.564 -4.15646 0.0210623 14.9896 0.00595461 0.441015 -0.0128776 0.359041 494 4
580.763 -4.13064 0.0215387 15.0222 0.00560361 0.407279 -0.0043874 0.31863 495 4
581.964 -4.10421 0.0219869 15.0472 0.00603733 0.312328 0.00542141 0.288605 496 4
583.168 -4.07717 0.0224699 15.0684 0.00689476 0.265062 0.0107179 0.311888 497 4
584.373 -4.04942 0.0230215 15.1014 0.0078741 0.412321 0.0122417 0.319407 498 4
585.581 -4.02085 0.0236514 15.1281 0.00928363 0.33375 0.0176192 0.209895 499 4
586.79 -3.99133 0.0243941 15.1586 0.0106832 0.381446 0.0174948 0.119268 500 4
588.003 -3.96071 0.0252488 15.186 0.0122648 0.343013 0.01977 0.112506 501 4
589.217 -3.92885 0.02623 15.1994 0.0148771 0.167418 0.0326531 0.216236 502 1
590.433 -3.89551 0.0274201 15.2107 0.0172018 0.141501 0.0290596 0.271921 503 1
591.649 -3.86048 0.0287963 15.2216 0.0191458 0.135911 0.0242993 0.284825 504 1
592.866 -3.82355 0.0303279 15.2631 0.0202264 0.518179 0.0135077 0.267468 505 5
594.087 -3.78455 0.0319461 15.26 0.0222768 -0.0386357 0.02563 0.271726 506 1
595.307 -3.74338 0.0337282 15.2473 0.0243327 -0.157762 0.0256984 0.290778 507 1
596.526 -3.69988 0.0356748 15.2914 0.0279815 0.551116 0.0456105 0.304317 508 3
597.748 -3.65351 0.0379133 15.3181 0.0290203 0.3335 0.0129846 0.289777 509 0
598.973 -3.60421 0.040235 15.3398 0.0296462 0.271595 0.0078236 0.258637 510 0
600.199 -3.55194 0.0426066 15.359 0.0296833 0.238943 0.000464334 0.270964 511 0
601.426 -3.49669 0.0449813 15.3408 0.031506 -0.227237 0.0227839 0.312016 512 4
602.652 -3.43842 0.0475018 15.3299 0.0332464 -0.135481 0.0217552 0.267269 513 4
603.877 -3.37693 0.0501615 15.32 0.0349771 -0.124681 0.0216328 0.216845 514 4
605.101 -3.31205 0.0529597 15.3138 0.0364559 -0.077641 0.0184856 0.227144 515 4
606.324 -3.24363 0.0558761 15.313 0.0377612 -0.00969172 0.016316 0.230306 516 4
607.547 -3.17152 0.058897 15.3173 0.0388334 0.0537992 0.0134025 0.195851 517 4
608.77 -3.09559 0.0620037 15.2968 0.032891 -0.256336 -0.07428 0.190507 518 0
609.991 -3.01655 0.064635 15.3023 0.0341725 0.0694752 0.0160182 0.208573 519 4
611.213 -2.93414 0.0673688 15.2883 0.0345597 -0.175822 0.00484101 0.228983 520 5
612.433 -2.84843 0.0701336 15.2941 0.0352888 0.0726104 0.00911304 0.192512 521 4
613.653 -2.75925 0.0729567 15.2978 0.0340812 0.0460863 -0.0150954 0.228298 522 5
614.873 -2.66671 0.0756832 15.2756 0.0340476 -0.276768 -0.000419514 0.231272 523 4
616.091 -2.57099 0.078407 15.2154 0.0250551 -0.752497 -0.112406 0.228061 524 0
617.305 -2.47322 0.0804114 15.202 0.0256099 -0.167477 0.00693519 0.229375 525 4
618.517 -2.37305 0.0824602 15.1921 0.0258329 -0.124347 0.00278805 0.190556 526 4
619.728 -2.27044 0.0845268 15.1296 0.0166749 -0.780761 -0.114475 0.229736 527 0
620.934 -2.16664 0.0858608 15.1286 0.017154 -0.012517 0.00598864 0.229044 528 4
622.139 -2.0612 0.0872331 15.0979 0.0158548 -0.383711 -0.0162398 0.228559 529 5
623.343 -1.95445 0.0885015 15.1005 0.0161526 0.0323534 0.00372194 0.195843 530 4
624.546 -1.84612 0.0897937 15.1219 0.016918 0.266933 0.00956776 0.241541 531 3
625.75 -1.736 0.0911472 15.1349 0.0175719 0.163388 0.00817408 0.256081 532 3
626.956 -1.6241 0.0925529 15.137 0.0180626 0.0252247 0.00613364 0.325472 533 3
628.162 -1.51044 0.0939979 15.1288 0.018659 -0.102162 0.00745473 0.280286 534 3
629.366 -1.39505 0.0954906 15.1264 0.0179457 -0.0299931 -0.00891653 0.265957 535 2
630.571 -1.27794 0.0969263 15.1276 0.0176457 0.0155449 -0.00374946 0.281676 536 2
631.775 -1.15912 0.0983379 15.1299 0.0175894 0.028789 -0.000704033 0.36184 537 2
632.98 -1.03859 0.0997451 15.1003 0.0164349 -0.370133 -0.0144315 0.246914 538 3
634.181 -0.916713 0.10106 15.0615 0.0145042 -0.485075 -0.0241329 0.26294 539 3
635.38 -0.79376 0.10222 15.0206 0.0116391 -0.511074 -0.0358143 0.313236 540 3
636.575 -0.670028 0.103151 14.9773 0.00839895 -0.54177 -0.0405019 0.302898 541 3
637.767 -0.545852 0.103823 14.9344 0.00473548 -0.536251 -0.0457933 0.294788 542 3
638.955 -0.421582 0.104202 14.907 0.00123525 -0.342143 -0.0437529 0.244486 543 4
640.141 -0.297422 0.104301 14.9117 -0.0037653 0.0588775 -0.0625069 0.230133 544 5
641.328 -0.173581 0.104 14.9049 -0.00888434 -0.0857234 -0.063988 0.204969 545 5
642.514 -0.0506389 0.103289 14.8666 -0.0123515 -0.477922 -0.0433394 0.238876 546 4
643.697 0.0708184 0.102301 14.8363 -0.0124501 -0.379384 -0.00123195 0.252299 547 2
644.878 0.190852 0.101305 14.8125 -0.0130182 -0.297058 -0.00710222 0.21458 548 2
646.057 0.309465 0.100263 14.7821 -0.0139634 -0.380301 -0.011814 0.208262 549 2
647.234 0.42652 0.0991463 14.7716 -0.01522 -0.131035 -0.0157077 0.26134 550 2
648.41 0.54206 0.0979287 14.7584 -0.0163769 -0.16526 -0.0144616 0.243367 551 2
649.585 0.655958 0.0966186 14.7551 -0.0180793 -0.0413895 -0.0212796 0.253504 552 2
650.76 0.76813 0.0951722 14.7533 -0.0203133 -0.0216842 -0.0279251 0.246157 553 2
651.935 0.87838 0.0935472 14.7564 -0.0229368 0.0385284 -0.0327941 0.134297 554 2
653.111 0.986496 0.0917122 14.749 -0.0279836 -0.0926495 -0.0630854 0.09916 555 5
654.286 1.09193 0.0894735 14.7564 -0.0299588 0.0929713 -0.0246892 0.09307 556 2
655.462 1.19459 0.0870768 14.7416 -0.0343899 -0.185525 -0.0553891 0.097129 557 3
656.637 1.29392 0.0843256 14.733 -0.037256 -0.108063 -0.035826 0.079613 558 5
657.812 1.38969 0.0813451 14.762 -0.0381845 0.362647 -0.0116066 0.099346 559 2
658.989 1.48206 0.0782904 14.7583 -0.0410424 -0.0459194 -0.0357238 0.092798 560 5
660.166 1.57053 0.075007 14.7581 -0.0441217 -0.00274181 -0.0384911 0.100388 561 5
661.344 1.65485 0.0714773 14.7844 -0.0457218 0.32897 -0.0200012 0.099892 562 3
662.524 1.735 0.0678195 14.7872 -0.0492106 0.0355363 -0.0436097 0.096629 563 5
663.705 1.81052 0.0638827 14.8157 -0.0498481 0.355721 -0.007969 0.09568 564 3
664.888 1.88147 0.0598948 14.8493 -0.0500084 0.420332 -0.00200393 0.085965 565 3
666.074 1.94783 0.0558942 14.8844 -0.0497791 0.438213 0.00286582 0.099525 566 3
667.263 2.00962 0.0519118 14.9225 -0.0493531 0.476158 0.0053253 0.091952 567 3
668.455 2.06686 0.0479636 14.9576 -0.0494938 0.439358 -0.00175885 0.074549 568 3
669.651 2.1195 0.0440041 15.0007 -0.0483784 0.538945 0.0139433 0.09925 569 3
670.85 2.16765 0.0401338 15.0397 -0.0475214 0.487363 0.0107121 0.098385 570 3
672.052 2.21135 0.0363321 15.0816 -0.0467375 0.524044 0.00979821 0.084377 571 3
673.258 2.25067 0.0325931 15.1208 -0.0465055 0.489151 0.00290088 0.099282 572 4
674.467 2.28559 0.0288726 15.1638 -0.0453844 0.537956 0.0140129 0.074321 573 3
675.68 2.31621 0.0252419 15.2144 -0.0442274 0.632226 0.0144629 0.099554 574 3
676.897 2.34262 0.0217037 15.2654 -0.0430707 0.638127 0.0144586 0.100614 575 3
678.118 2.36492 0.018258 15.3182 -0.0418679 0.658989 0.0150358 0.060801 576 3
679.343 2.38319 0.0149086 15.3665 -0.0404999 0.603938 0.017099 0.099608 577 4
680.573 2.39753 0.0116686 15.4112 -0.0394821 0.559163 0.0127234 0.096654 578 2
681.805 2.40802 0.00851005 15.4677 -0.0383245 0.706518 0.0144691 0.100331 579 2
683.043 2.41476 0.00544408 15.5174 -0.0373423 0.620842 0.0122786 0.100202 580 3
684.284 2.41781 0.0024567 15.5668 -0.0363416 0.617373 0.0125081 0.064898 581 2
685.53 2.41725 -0.000450624 15.6275 -0.0354012 0.759196 0.0117545 0.100709 582 2
686.78 2.41314 -0.00328272 15.6978 -0.0349608 0.877881 0.00550505 0.098734 583 1
688.036 2.40551 -0.00607959 15.7544 -0.0336582 0.708413 0.0162832 0.099328 584 4
689.296 2.39445 -0.00877225 15.8114 -0.0323315 0.71193 0.0165836 0.090787 585 4
690.561 2.38009 -0.0113588 15.8683 -0.0313717 0.711012 0.011997 0.099042 586 3
691.83 2.36248 -0.0138685 15.9253 -0.0303901 0.712311 0.01227 0.093406 587 3
693.104 2.34172 -0.0162997 15.9818 -0.029382 0.707281 0.0126023 0.095003 588 3
694.382 2.31787 -0.0186503 16.0251 -0.0267238 0.540257 0.0332271 0.174463 589 5
695.664 2.29122 -0.0207882 16.0721 -0.0241466 0.587773 0.0322151 0.263595 590 5
696.949 2.26201 -0.0227199 16.1183 -0.0240506 0.577497 0.00119971 0.22802 591 2
698.238 2.23024 -0.024644 16.1432 -0.0233455 0.311232 0.00881327 0.1209 592 3
699.529 2.196 -0.0265116 16.1847 -0.0231125 0.519586 0.00291336 0.092214 593 2
700.824 2.15929 -0.0283606 16.2209 -0.0220788 0.45228 0.012921 0.100939 594 3
702.121 2.1202 -0.0301269 16.2544 -0.0231994 0.418067 -0.0140075 0.124367 595 1
703.42 2.07862 -0.0319828 16.2816 -0.0241064 0.340199 -0.0113371 0.123497 596 1
704.722 2.03446 -0.0339114 16.3021 -0.0248093 0.256753 -0.00878675 0.118261 597 1
706.026 1.98765 -0.0358961 16.2943 -0.0231015 -0.0980377 0.0213469 0.262467 598 2
707.328 1.93846 -0.0377442 16.2661 -0.0262954 -0.352716 -0.0399227 0.288845 599 0
708.628 1.88662 -0.0398478 16.2624 -0.0238147 -0.0457764 0.0310086 0.331983 600 3
709.928 1.83232 -0.041753 16.2238 -0.0206593 -0.482059 0.0394426 0.220839 601 4
711.225 1.776 -0.0434058 16.1994 -0.0161129 -0.305343 0.0568293 0.273568 602 5
712.52 1.7181 -0.0446948 16.1388 -0.0191917 -0.757504 -0.0384842 0.231762 603 0
713.809 1.65843 -0.0462301 16.0897 -0.0161462 -0.613499 0.038068 0.345793 604 4
715.095 1.59728 -0.0475218 16.0359 -0.0143695 -0.672746 0.0222086 0.297291 605 2
716.376 1.53487 -0.0486714 15.9934 -0.0097307 -0.531328 0.0579854 0.341588 606 5
717.654 1.47162 -0.0494498 15.9282 -0.00847435 -0.814962 0.0157043 0.269897 607 2
718.927 1.40778 -0.0501278 15.8723 -0.0114046 -0.698292 -0.0366279 0.25452 608 0
720.195 1.34299 -0.0510402 15.8088 -0.00639521 -0.794518 0.0626172 0.310419 609 5
721.458 1.27782 -0.0515518 15.7372 -0.00148297 -0.895333 0.061403 0.338312 610 5
722.716 1.2128 -0.0516704 15.6682 0.00305861 -0.862002 0.0567697 0.33863 611 5
723.967 1.14837 -0.0514257 15.605 0.00720653 -0.790525 0.051849 0.246469 612 5
725.214 1.08492 -0.0508492 15.5377 0.0110127 -0.840926 0.0475778 0.291845 613 5
726.456 1.02283 -0.0499682 15.4675 0.0150773 -0.877404 0.0508066 0.295158 614 5
727.691 0.962518 -0.048762 15.393 0.0194227 -0.931478 0.0543182 0.250573 615 5
728.922 0.904406 -0.0472082 15.3318 0.0239931 -0.764179 0.0571302 0.334197 616 5
730.147 0.848876 -0.0452887 15.277 0.0286018 -0.684929 0.0576088 0.249625 617 5
731.368 0.796338 -0.0430006 15.229 0.0331136 -0.60041 0.0563964 0.233378 618 5
732.585 0.747191 -0.0403515 15.1864 0.0374645 -0.532496 0.0543864 0.248475 619 5
733.799 0.701819 -0.0373543 15.1458 0.041586 -0.507593 0.0515194 0.282415 620 5
735.01 0.660597 -0.0340275 15.1146 0.0454622 -0.389683 0.048452 0.27713 621 5
736.219 0.623855 -0.0303905 15.0817 0.0490279 -0.411081 0.0445711 0.241872 622 5
737.425 0.591924 -0.0264683 15.0519 0.0522123 -0.373113 0.0398053 0.29649 623 5
738.629 0.565084 -0.0222913 15.0265 0.0550806 -0.317144 0.0358542 0.273332 624 5
739.831 0.543586 -0.0178848 15.0047 0.0573819 -0.273192 0.0287666 0.269301 625 5
741.031 0.527628 -0.0132943 14.9815 0.0592292 -0.289154 0.0230912 0.263681 626 5
742.229 0.517374 -0.00855593 14.9627 0.0605452 -0.234914 0.0164491 0.28052 627 5
743.426 0.51293 -0.00371231 14.9465 0.0613978 -0.202703 0.0106582 0.288544 628 5
744.622 0.514364 0.00119951 14.9312 0.061836 -0.191474 0.00547678 0.234836 629 5
745.817 0.521706 0.00614639 14.9151 0.0618889 -0.200784 0.000661938 0.244877 630 5
747.01 0.534948 0.0110975 14.898 0.0615914 -0.213718 -0.003719 0.252145 631 5
748.201 0.554046 0.0160248 14.8846 0.0611008 -0.168335 -0.00613295 0.249597 632 5
749.392 0.578946 0.0209129 14.8704 0.0605226 -0.177324 -0.00722725 0.275381 633 5
750.581 0.609582 0.0257547 14.8586 0.0597763 -0.146925 -0.00932827 0.276101 634 5
751.769 0.645875 0.0305368 14.8484 0.058956 -0.128591 -0.0102541 0.244468 635 5
752.956 0.687742 0.0352533 14.8414 0.0579918 -0.0863433 -0.0120524 0.238195 636 5
754.143 0.735095 0.0398926 14.8337 0.0569618 -0.0973463 -0.0128746 0.260682 637 5
755.328 0.787825 0.0444496 14.8127 0.0556543 -0.26238 -0.0163441 0.27946 638 5
756.512 0.845752 0.0489019 14.7581 0.0539744 -0.682497 -0.0209989 0.24519 639 5
757.691 0.908556 0.0532199 14.6449 0.0501803 -1.41441 -0.0474259 0.251526 640 2
758.861 0.975574 0.0572343 14.522 0.0452276 -1.53655 -0.0619086 0.252279 641 3
760.02 1.04623 0.0608525 14.4025 0.0405106 -1.49417 -0.0589623 0.253813 642 3
761.17 1.12002 0.0640933 14.2965 0.0374192 -1.32499 -0.0386429 0.28552 643 2
762.311 1.1967 0.0670869 14.1922 0.0341616 -1.30343 -0.0407197 0.23452 644 2
763.444 1.2759 0.0698198 14.0905 0.0307906 -1.27118 -0.0421385 0.263962 645 2
764.568 1.35731 0.0722831 13.9946 0.0273993 -1.19914 -0.0423909 0.251921 646 2
765.685 1.44061 0.074475 13.9006 0.0240583 -1.17465 -0.041763 0.327928 647 2
766.793 1.52549 0.0763997 13.8101 0.0207801 -1.13053 -0.0409767 0.321938 648 2
767.895 1.61165 0.0780621 13.724 0.0176273 -1.07653 -0.0394105 0.256063 649 2
768.989 1.69881 0.0794723 13.6405 0.0144608 -1.04424 -0.0395813 0.268141 650 2
770.077 1.7867 0.0806291 13.7017 0.0171401 0.765002 0.0334913 0.247926 651 4
771.169 1.87648 0.0820003 13.7648 0.0200306 0.789583 0.0361309 0.265645 652 4
772.267 1.96844 0.0836028 13.8302 0.0229666 0.817204 0.0367 0.232666 653 4
773.369 2.06286 0.0854401 13.8908 0.0253775 0.757265 0.0301372 0.292751 654 4
774.476 2.15993 0.0874703 13.9414 0.0271662 0.633037 0.0223588 0.27904 655 4
775.587 2.25978 0.0896436 13.978 0.0277217 0.456476 0.00694317 0.31093 656 4
776.701 2.36236 0.0918613 14.0061 0.027364 0.352025 -0.00447077 0.270489 657 4
777.816 2.46759 0.0940505 14.0307 0.0266508 0.306928 -0.00891532 0.267 658 4
778.933 2.57538 0.0961825 14.0558 0.0256819 0.313437 -0.0121115 0.278607 659 4
780.052 2.68567 0.0982371 14.0727 0.0248515 0.211787 -0.0103799 0.277313 660 4
781.173 2.79831 0.100225 14.0963 0.0242069 0.295234 -0.00805703 0.26572 661 4
782.294 2.91332 0.102162 14.1144 0.0239759 0.2262 -0.00288785 0.300175 662 4
783.417 3.03063 0.10408 14.1463 0.0236225 0.398839 -0.00441801 0.286634 663 4
784.543 3.15033 0.10597 14.175 0.0229782 0.358427 -0.0080531 0.267091 664 4
785.67 3.27235 0.107808 14.2154 0.0214925 0.504875 -0.0185711 0.268999 665 3
786.801 3.39666 0.109527 14.2455 0.0191887 0.375879 -0.0287984 0.285408 666 3
787.933 3.52297 0.111062 14.263 0.0179923 0.218964 -0.014955 0.251126 667 4
789.067 3.65107 0.112502 14.2598 0.0158713 -0.0402451 -0.0265115 0.263441 668 4
790.2 3.78058 0.113771 14.2838 0.0134219 0.30067 -0.0306184 0.265429 669 3
791.336 3.91152 0.114845 14.3238 0.0118579 0.500095 -0.0195494 0.226227 670 3
792.474 4.04392 0.115794 14.3701 0.00939474 0.578654 -0.0307897 0.252699 671 2
793.616 4.17759 0.116545 14.4013 0.00627791 0.389838 -0.0389604 0.224931 672 2
794.76 4.31214 0.117048 14.367 0.00292496 -0.428569 -0.0419118 0.258105 673 4
795.901 4.44663 0.117282 14.3925 -0.00018197 0.319207 -0.0388366 0.276194 674 2
797.045 4.58134 0.117267 14.3726 -0.00236179 -0.248873 -0.0272478 0.256087 675 4
798.187 4.71565 0.117078 14.384 -0.0042041 0.142038 -0.0230289 0.263831 676 3
799.33 4.84968 0.116742 14.3693 -0.00715365 -0.184226 -0.0368694 0.266256 677 3
800.471 4.98292 0.11617 14.3479 -0.0105097 -0.266838 -0.0419504 0.290583 678 3
801.612 5.11501 0.115329 14.3253 -0.0139636 -0.283051 -0.0431743 0.267835 679 3
802.75 5.24561 0.114212 14.2929 -0.0154415 -0.404179 -0.0184738 0.301074 680 4
803.886 5.37452 0.112976 14.2588 -0.0171101 -0.426304 -0.0208565 0.21318 681 4
805.02 5.50157 0.111608 14.3294 -0.0159196 0.881791 0.014881 0.223828 682 5
806.159 5.62779 0.110334 14.3082 -0.0189959 -0.264478 -0.0384543 0.140438 683 2
807.297 5.7521 0.108814 14.3708 -0.0174994 0.782883 0.0187062 0.163848 684 5
808.44 5.87536 0.107414 14.4358 -0.0162925 0.812185 0.0150868 0.170618 685 5
809.589 5.99767 0.106111 14.4937 -0.0153076 0.723147 0.0123104 0.198149 686 5
810.742 6.11906 0.104886 14.549 -0.0145646 0.691485 0.00928795 0.225574 687 5
811.899 6.23957 0.103721 14.6002 -0.0139102 0.639558 0.00818068 0.238801 688 5
813.061 6.35921 0.102608 14.6501 -0.0134293 0.624275 0.00601048 0.237297 689 5
814.227 6.478 0.101534 14.6083 -0.0209883 -0.522351 -0.0944867 0.275231 690 1
815.39 6.5945 0.0998549 14.6485 -0.0195831 0.501847 0.0175639 0.25612 691 5
816.556 6.7095 0.0982883 14.6905 -0.0184564 0.525892 0.0140842 0.204391 692 5
817.726 6.8231 0.0968118 14.7281 -0.0174164 0.469494 0.0130007 0.231094 693 5
818.899 6.93536 0.0954185 14.7591 -0.0166072 0.387061 0.0101144 0.225114 694 5
820.074 7.04629 0.0940899 14.7889 -0.0161296 0.373364 0.00596959 0.253134 695 5
821.253 7.15592 0.0927995 14.8195 -0.0157816 0.38259 0.00435095 0.247456 696 5
822.433 7.26429 0.091537 14.845 -0.0155359 0.318956 0.00307106 0.251365 697 5
823.616 7.37138 0.0902941 14.8713 -0.0154543 0.328207 0.0010203 0.259508 698 5
824.801 7.47719 0.0890578 14.8934 -0.0156301 0.276399 -0.00219789 0.308166 699 5
825.988 7.58168 0.0878074 14.9133 -0.0158208 0.248551 -0.00238419 0.204869 700 5
827.176 7.6848 0.0865417 14.9359 -0.0160571 0.282168 -0.00295374 0.290763 701 5
828.367 7.78655 0.0852571 14.9596 -0.0165892 0.296044 -0.00665151 0.284558 702 5
829.559 7.88687 0.08393 14.9857 -0.0173163 0.326693 -0.00908792 0.31019 703 5
830.754 7.98572 0.0825447 15.0101 -0.0180644 0.30452 -0.0093512 0.271364 704 5
831.951 8.083 0.0810995 15.0148 -0.0188096 0.0588894 -0.00931509 0.398873 705 5
833.148 8.1785 0.0795948 15.0376 -0.0197537 0.285554 -0.0118022 0.29457 706 5
834.348 8.27226 0.0780145 15.1257 -0.0195514 1.1007 0.00252905 0.286245 707 3
835.554 8.36468 0.0764504 15.2094 -0.0196234 1.04675 -0.000899239 0.310354 708 3
836.768 8.45571 0.0748805 15.2721 -0.0204456 0.784302 -0.0102774 0.334342 709 4
837.986 8.54511 0.0732449 15.2945 -0.0220103 0.279868 -0.019559 0.322901 710 5
839.207 8.63251 0.071484 15.3125 -0.0235289 0.223994 -0.0189831 0.255895 711 5
840.429 8.7177 0.0696017 15.367 -0.0242545 0.682032 -0.00906931 0.229461 712 4
841.655 8.80082 0.0676614 15.4218 -0.0248837 0.68512 -0.00786493 0.213538 713 4
842.886 8.88178 0.0656707 15.4727 -0.0255535 0.635529 -0.0083731 0.245938 714 4
844.122 8.96048 0.0636264 15.4889 -0.027001 0.202453 -0.0180935 0.260892 715 5
845.358 9.0366 0.0614663 15.5123 -0.0282292 0.29285 -0.0153527 0.243292 716 5
846.597 9.11003 0.059208 15.5268 -0.0291737 0.181341 -0.0118059 0.291305 717 5
847.837 9.18064 0.0568741 15.5597 -0.0289554 0.41182 0.0027285 0.233421 718 4
849.08 9.24852 0.0545576 15.5978 -0.0281858 0.475121 0.00962 0.266582 719 3
850.326 9.31375 0.0523028 15.6238 -0.0282455 0.326109 -0.000746013 0.269946 720 4
851.575 9.37628 0.0500431 15.6436 -0.0283657 0.246859 -0.00150292 0.246727 721 4
852.825 9.43604 0.0477739 15.6531 -0.0293975 0.118756 -0.012898 0.262733 722 5
854.076 9.4929 0.0454221 15.6654 -0.0303937 0.153959 -0.012452 0.226081 723 5
855.328 9.54676 0.0429906 15.681 -0.0313099 0.194657 -0.0114528 0.210979 724 5
856.581 9.59754 0.0404858 15.7095 -0.0312255 0.35603 0.00105528 0.242248 725 4
857.837 9.64527 0.0379878 15.7273 -0.0321605 0.222695 -0.0116869 0.247687 726 5
859.094 9.68982 0.0354149 15.7518 -0.0327176 0.307047 -0.00696448 0.297901 727 5
860.354 9.73114 0.0327975 15.776 -0.0329848 0.3016 -0.00334037 0.256761 728 5
861.615 9.76919 0.0301587 15.8056 -0.0330342 0.36993 -0.000617327 0.255968 729 5
862.879 9.80398 0.027516 15.8362 -0.0327971 0.382686 0.00296445 0.296 730 5
864.146 9.83552 0.0248922 15.8671 -0.032291 0.385821 0.00632545 0.257783 731 5
865.415 9.86383 0.0223089 15.898 -0.0315223 0.386393 0.00960873 0.28231 732 5
866.687 9.889 0.0197871 15.9285 -0.0304983 0.381827 0.0128011 0.223732 733 5
867.961 9.9111 0.0173473 15.9583 -0.0291671 0.372624 0.0166391 0.240843 734 5
869.237 9.93027 0.0150139 15.9847 -0.0277343 0.329971 0.0179107 0.236791 735 5
870.516 9.94663 0.0127952 16.0117 -0.0261877 0.33735 0.0193319 0.231156 736 5
871.797 9.96033 0.0107002 16.0379 -0.0244805 0.32692 0.0213401 0.231217 737 5
873.08 9.97155 0.00874171 16.0873 -0.0286665 0.617623 -0.0523249 0.140513 738 0
874.367 9.97985 0.00644839 16.1316 -0.0327855 0.554514 -0.0514878 0.088565 739 0
875.657 9.98479 0.00382555 16.158 -0.0336862 0.329685 -0.0112583 0.100837 740 2
876.95 9.98625 0.00113065 16.1902 -0.0378261 0.402498 -0.0517491 0.085249 741 0
878.245 9.98379 -0.00189543 16.2079 -0.0402422 0.220609 -0.0302015 0.099811 742 1
879.542 9.97716 -0.00511481 16.2143 -0.0426251 0.0806808 -0.0297863 0.17005 743 1
880.839 9.9661 -0.00852482 16.2083 -0.0449791 -0.0756025 -0.0294244 0.181921 744 1
882.135 9.95038 -0.0121232 16.1962 -0.0435389 -0.150204 0.0180022 0.222467 745 4
883.431 9.93016 -0.0156063 16.1655 -0.0461527 -0.383949 -0.0326725 0.257366 746 1
884.724 9.90521 -0.0192985 16.1588 -0.0496928 -0.0837803 -0.044251 0.380157 747 0
886.016 9.87512 -0.0232739 16.1474 -0.0529048 -0.142765 -0.0401495 0.23679 748 0
887.307 9.8396 -0.0275063 16.1316 -0.055799 -0.197792 -0.0361783 0.321194 749 0
888.597 9.79834 -0.0319702 16.0751 -0.0527172 -0.706244 0.0385223 0.278869 750 4
889.883 9.75182 -0.0361876 16.043 -0.0554107 -0.400543 -0.0336688 0.295262 751 0
891.165 9.6997 -0.0406204 16.0126 -0.0576923 -0.380993 -0.0285192 0.35722 752 0
892.445 9.64177 -0.0452358 15.9834 -0.0595966 -0.364375 -0.0238042 0.297653 753 0
893.722 9.57786 -0.0500036 15.9238 -0.0600337 -0.745249 -0.00546305 0.205652 754 1
894.994 9.50808 -0.0548063 15.898 -0.061359 -0.322068 -0.0165673 0.256126 755 0
896.263 9.43217 -0.059715 15.8733 -0.0623813 -0.309634 -0.0127776 0.226341 756 0
897.53 9.35006 -0.0647055 15.8494 -0.063119 -0.298131 -0.00922163 0.260961 757 0
898.795 9.26169 -0.069755 15.8264 -0.0635902 -0.287521 -0.00589015 0.312814 758 0
900.058 9.16702 -0.0748422 15.8042 -0.0638122 -0.277722 -0.00277441 0.23436 759 0
901.318 9.06605 -0.0799472 15.7827 -0.0638014 -0.268698 0.000134204 0.260229 760 0
902.576 8.95879 -0.0850513 15.7619 -0.0635739 -0.260353 0.0028437 0.218594 761 0
903.832 8.84528 -0.0901372 15.7416 -0.0631449 -0.252664 0.00536246 0.255115 762 0
905.086 8.72559 -0.0951888 15.7138 -0.0610192 -0.34771 0.0265719 0.259359 763 1
906.336 8.6 -0.10007 15.695 -0.0603525 -0.235677 0.00833278 0.201412 764 0
907.585 8.46853 -0.104899 15.6766 -0.0595209 -0.229621 0.0103957 0.239021 765 0
908.832 8.33128 -0.10966 15.6587 -0.0585372 -0.224018 0.0122962 0.213535 766 0
910.076 8.18836 -0.114343 15.6412 -0.0574139 -0.218797 0.0140413 0.21704 767 0
911.319 8.03988 -0.118936 15.6241 -0.0561629 -0.213945 0.0156379 0.222916 768 0
912.559 7.886 -0.123429 15.6073 -0.0547954 -0.209415 0.0170928 0.192675 769 0
913.798 7.72684 -0.127813 15.5909 -0.0533224 -0.205183 0.0184125 0.15743 770 0
915.034 7.56258 -0.132079 15.5748 -0.0517541 -0.20119 0.0196035 0.160366 771 0
916.268 7.39338 -0.136219 15.559 -0.0501004 -0.197458 0.0206716 0.129255 772 0
917.501 7.21941 -0.140227 15.5347 -0.0470413 -0.304174 0.0382395 0.126668 773 1
918.731 7.04108 -0.14399 15.5198 -0.0453517 -0.186348 0.0211194 0.129654 774 0
919.959 6.85847 -0.147619 15.5051 -0.0435984 -0.183249 0.0219161 0.110407 775 0
921.185 6.67174 -0.151106 15.4907 -0.0417895 -0.180256 0.0226109 0.107633 776 0
922.41 6.4811 -0.15445 15.4765 -0.0399328 -0.177407 0.0232093 0.195932 777 0
923.632 6.28673 -0.157644 15.4625 -0.0380355 -0.174642 0.0237163 0.259718 778 0
924.854 6.08881 -0.160687 15.4488 -0.0361046 -0.171947 0.0241367 0.259369 779 0
926.073 5.88755 -0.163575 15.4352 -0.0341465 -0.169325 0.0244753 0.2556 780 0
927.291 5.68314 -0.166307 15.4219 -0.0321676 -0.166786 0.0247368 0.218775 781 0
928.507 5.47577 -0.168881 15.4087 -0.0301736 -0.16427 0.0249255 0.288913 782 0
929.722 5.26564 -0.171294 15.3958 -0.0281699 -0.161791 0.0250458 0.226519 783 0
930.935 5.05296 -0.173548 15.383 -0.0261618 -0.159323 0.0251017 0.239196 784 0
932.146 4.83792 -0.175641 15.3705 -0.024154 -0.156903 0.0250971 0.218427 785 0
933.357 4.62072 -0.177573 15.3581 -0.0221511 -0.154471 0.0250361 0.261209 786 0
934.566 4.40154 -0.179345 15.346 -0.0201573 -0.152087 0.024922 0.276594 787 0
935.773 4.1806 -0.180958 15.334 -0.0181767 -0.149679 0.0247587 0.228406 788 0
936.98 3.95807 -0.182412 15.3222 -0.0162127 -0.147295 0.0245492 0.260125 789 0
938.185 3.73414 -0.183709 15.3106 -0.0142689 -0.144875 0.0242972 0.261031 790 0
939.389 3.50902 -0.184851 15.2998 -0.0123701 -0.135458 0.0237359 0.234394 791 0
940.592 3.28286 -0.18584 15.2886 -0.010475 -0.140345 0.0236887 0.234952 792 0
941.794 3.05586 -0.186678 15.2775 -0.00861058 -0.138187 0.023305 0.263139 793 0
942.994 2.8282 -0.187367 15.2667 -0.00677912 -0.134671 0.0228933 0.345979 794 0
944.194 2.60004 -0.187909 15.2561 -0.00503248 -0.132823 0.0218329 0.227568 795 0
945.393 2.37157 -0.188312 15.2459 -0.00343863 -0.127792 0.0199231 0.223908 796 0
946.591 2.14291 -0.188587 15.2355 -0.00206101 -0.129747 0.0172203 0.255807 797 0
947.788 1.91422 -0.188752 15.2263 -0.000905184 -0.114417 0.0144478 0.2547 798 0
948.985 1.68558 -0.188824 15.2174 4.73678e-05 -0.111413 0.0119069 0.221781 799 0
950.181 1.45707 -0.188821 15.2087 0.000825092 -0.109243 0.00972156 0.258481 800 0
951.376 1.22878 -0.188755 15.2002 0.00148336 -0.106633 0.00822839 0.250259 801 0
952.57 1.00075 -0.188636 15.1907 0.00200074 -0.118399 0.00646716 0.237062 802 0
953.764 0.773057 -0.188476 15.182 0.00248502 -0.109148 0.0060535 0.2473 803 0
954.957 0.545732 -0.188277 15.1744 0.003035 -0.0942588 0.00687474 0.261165 804 0
956.149 0.31881 -0.188034 15.1668 0.00355046 -0.0952363 0.00644329 0.277691 805 0
957.341 0.0923407 -0.18775 15.1596 0.00429359 -0.0904441 0.00928912 0.25707 806 0
958.533 -0.133611 -0.187407 15.1521 0.00515491 -0.0926256 0.0107665 0.290036 807 0
959.724 -0.358962 -0.186994 15.1447 0.0061142 -0.0930548 0.0119912 0.289846 808 0
960.915 -0.58362 -0.186505 15.1373 0.00715416 -0.0920534 0.0129995 0.243415 809 0
962.105 -0.807487 -0.185933 15.1301 0.00825988 -0.0899315 0.0138214 0.289227 810 0
963.294 -1.03046 -0.185272 15.1232 0.00941915 -0.0869274 0.014491 0.281726 811 0
964.484 -1.25244 -0.184519 15.1182 0.0106048 -0.0623941 0.014821 0.255369 812 0
965.673 -1.47333 -0.18367 15.1106 0.0118096 -0.0954866 0.015059 0.255189 813 0
966.862 -1.69299 -0.182725 15.1035 0.0130434 -0.0879288 0.0154232 0.247022 814 0
968.05 -1.91131 -0.181682 15.0965 0.014307 -0.0872493 0.0157943 0.290333 815 0
969.238 -2.12817 -0.180537 15.0896 0.0155434 -0.0873446 0.0154551 0.29263 816 0
970.426 -2.34345 -0.179294 15.0827 0.0167996 -0.0854731 0.0157026 0.25176 817 0
971.613 -2.55703 -0.17795 15.0756 0.0180329 -0.0892997 0.015416 0.254228 818 0
972.801 -2.7688 -0.176507 15.0679 0.019243 -0.0965118 0.0151269 0.262544 819 0
973.988 -2.97864 -0.174968 15.0612 0.0204444 -0.0827789 0.0150171 0.251488 820 0
975.175 -3.18644 -0.173332 15.0545 0.021614 -0.0844836 0.0146208 0.251601 821 0
976.361 -3.3921 -0.171603 15.0476 0.0227506 -0.0859976 0.0142074 0.253183 822 0
977.548 -3.59551 -0.169783 15.0404 0.0238312 -0.0898123 0.0135069 0.297708 823 0
978.734 -3.79656 -0.167877 15.0343 0.0249257 -0.0763416 0.0136817 0.249697 824 0
979.92 -3.99516 -0.165883 15.0282 0.0259846 -0.0767827 0.0132355 0.256526 825 0
981.107 -4.19121 -0.163804 15.022 0.0270058 -0.076735 0.0127654 0.279793 826 0
982.293 -4.38462 -0.161643 15.0159 0.0279873 -0.0762701 0.0122695 0.271172 827 0
983.479 -4.5753 -0.159404 15.0099 0.0289288 -0.0756025 0.0117677 0.287199 828 0
984.665 -4.76316 -0.15709 15.0039 0.0298296 -0.0747561 0.0112604 0.287126 829 0
985.851 -4.94811 -0.154704 14.998 0.0306903 -0.0739098 0.0107591 0.284809 830 0
987.037 -5.13008 -0.152248 14.9965 0.0326561 -0.0185609 0.0245723 0.286826 831 2
988.223 -5.30893 -0.149636 14.9909 0.0333032 -0.069654 0.00808821 0.244797 832 0
989.409 -5.48456 -0.146972 14.988 0.0344969 -0.036478 0.0149221 0.255248 833 1
990.596 -5.65687 -0.144212 14.9852 0.0356116 -0.0352025 0.0139338 0.244839 834 1
991.783 -5.82578 -0.141363 14.9825 0.036649 -0.0338912 0.0129665 0.367835 835 1
992.97 -5.99117 -0.138431 14.9771 0.036934 -0.0672936 0.00356352 0.272817 836 0
994.157 -6.153 -0.135476 14.9697 0.0371897 -0.0923514 0.00319532 0.249198 837 0
995.344 -6.31122 -0.132501 14.9592 0.0374227 -0.131464 0.00291332 0.247094 838 0
996.531 -6.46577 -0.129507 14.9559 0.0383746 -0.0406384 0.0118983 0.274401 839 1
997.718 -6.61665 -0.126437 14.9523 0.0392457 -0.0454903 0.010889 0.298229 840 1
998.905 -6.76376 -0.123298 14.9481 0.0400393 -0.0530243 0.00992017 0.286229 841 1
1000.09 -6.90703 -0.120095 14.943 0.0407591 -0.0634432 0.00899741 0.383419 842 1
