1.12 10 0 14.0287 -0.00389242 0.359213 -0.0486552 1.25743 1 5
2.2423 9.99965 -0.000311393 14.0575 -0.00812422 0.35944 -0.0528975 0.361729 2 4
3.3669 9.99857 -0.000961331 14.0926 -0.0115909 0.43869 -0.0433329 0.426067 3 4
4.4943 9.99644 -0.0018886 14.1189 -0.0151708 0.329494 -0.0447496 0.396794 4 4
5.62381 9.99294 -0.00310226 14.1497 -0.0182046 0.384665 -0.037922 0.374523 5 4
6.75578 9.98778 -0.00455863 14.1821 -0.0211621 0.404727 -0.0369695 0.371881 6 4
7.89032 9.98068 -0.0062516 14.2077 -0.0239329 0.319815 -0.0346344 0.349805 7 4
9.0269 9.9714 -0.00816623 14.2472 -0.026453 0.49448 -0.0315013 0.324432 8 3
10.1666 9.95968 -0.0102825 14.2656 -0.0289649 0.229943 -0.0313993 0.302156 9 4
11.3078 9.9453 -0.0125997 14.2853 -0.0308406 0.246048 -0.0234453 0.264227 10 4
12.4505 9.92808 -0.0150669 14.3264 -0.0321027 0.513685 -0.0157766 0.261427 11 3
13.5964 9.90787 -0.0176351 14.3587 -0.0331402 0.403345 -0.0129695 0.264388 12 3
14.7449 9.88457 -0.0202863 14.3799 -0.0343392 0.264955 -0.0149869 0.295669 13 3
15.895 9.85808 -0.0230335 14.3875 -0.0354938 0.0957489 -0.0144321 0.26184 14 3
17.0456 9.8283 -0.025873 14.383 -0.0385776 -0.0567436 -0.0385485 0.266748 15 6
18.1957 9.79498 -0.0289592 14.3775 -0.0415829 -0.069046 -0.0375661 0.263294 16 6
19.3453 9.75786 -0.0322858 14.3761 -0.0438517 -0.0175476 -0.0283602 0.40369 17 6
20.4947 9.7167 -0.035794 14.3733 -0.045913 -0.0344276 -0.0257662 0.392968 18 6
21.6436 9.67133 -0.039467 14.3682 -0.0477385 -0.0644326 -0.022819 0.301081 19 6
22.792 9.62159 -0.0432861 14.3661 -0.0490528 -0.0258803 -0.0164288 0.287577 20 6
23.94 9.56735 -0.0472103 14.4568 -0.0491903 1.13354 -0.00171778 0.389465 21 1
25.0951 9.50822 -0.0511455 14.4954 -0.0529452 0.482655 -0.0469371 0.284655 22 7
26.2529 9.44404 -0.0553812 14.5325 -0.0527876 0.463414 0.00197026 0.270864 23 1
27.4134 9.37478 -0.0596042 14.5687 -0.0521055 0.453436 0.00852668 0.37006 24 1
28.5766 9.3005 -0.0637726 14.5896 -0.0521298 0.261021 -0.000304403 0.292333 25 1
29.7411 9.22126 -0.067943 14.6151 -0.0525148 0.318754 -0.00481214 0.271464 26 0
30.9072 9.13699 -0.0721442 14.637 -0.0532086 0.273275 -0.00867262 0.343581 27 0
32.0748 9.04761 -0.0764009 14.6554 -0.0539323 0.229812 -0.00904636 0.319941 28 0
33.2434 8.95308 -0.0807154 14.6714 -0.0545134 0.201023 -0.00726376 0.316586 29 0
34.4128 8.85334 -0.0850765 14.6862 -0.0549313 0.184524 -0.00522295 0.327055 30 0
35.583 8.74837 -0.089471 14.7001 -0.0551658 0.17395 -0.00293166 0.280287 31 0
36.7539 8.63812 -0.0938843 14.7127 -0.0552503 0.157559 -0.00105579 0.45373 32 0
37.9252 8.5226 -0.0983043 14.7243 -0.0551787 0.144672 0.000894349 0.494258 33 0
39.0969 8.40181 -0.102719 14.7353 -0.054954 0.137174 0.00280919 0.359269 34 0
40.269 8.27579 -0.107115 14.7448 -0.0545958 0.118899 0.00447757 0.304607 35 0
41.4413 8.14456 -0.111483 14.7537 -0.0540613 0.111914 0.00668131 0.351286 36 0
42.6137 8.00817 -0.115807 14.7629 -0.0533417 0.113964 0.00899476 0.25364 37 0
43.7862 7.8667 -0.120075 14.7715 -0.0524757 0.108242 0.0108254 0.415925 38 0
44.9588 7.72022 -0.124273 14.7774 -0.0519326 0.0739336 0.00678818 0.400638 39 0
46.1313 7.56882 -0.128427 14.7856 -0.0510996 0.101757 0.0104128 0.288505 40 0
47.3037 7.41253 -0.132515 14.7934 -0.0502301 0.0983953 0.0108683 0.258817 41 0
48.4762 7.25144 -0.136534 14.8006 -0.049143 0.0890017 0.0135892 0.306052 42 0
49.6486 7.08567 -0.140465 14.8093 -0.0460707 0.109386 0.038403 0.291399 43 9
50.821 6.91548 -0.144151 14.8169 -0.0447802 0.0951886 0.0161316 0.294439 44 0
51.9935 6.741 -0.147733 14.8253 -0.0433231 0.105 0.0182136 0.258703 45 0
53.166 6.56236 -0.151199 14.838 -0.0391803 0.158501 0.051785 0.300899 46 10
54.3389 6.37988 -0.154334 14.8464 -0.0377592 0.105 0.0177647 0.26442 47 0
55.5119 6.19376 -0.157354 14.856 -0.0361933 0.119436 0.0195738 0.286597 48 0
56.6852 6.00412 -0.16025 14.8669 -0.0344612 0.137067 0.0216503 0.285572 49 0
57.8588 5.81111 -0.163007 14.8769 -0.032732 0.12424 0.0216153 0.278492 50 0
59.0326 5.61489 -0.165625 14.8889 -0.0308885 0.150263 0.0230442 0.265735 51 0
60.207 5.41561 -0.168096 14.8952 -0.0290606 0.0794411 0.022848 0.310335 52 1
61.3813 5.21351 -0.170421 14.9077 -0.0271657 0.155413 0.0236862 0.265546 53 0
62.5562 5.0087 -0.172594 14.9169 -0.0253 0.114965 0.0233216 0.266473 54 1
63.7314 4.80137 -0.174618 14.9263 -0.0235344 0.117683 0.0220702 0.309656 55 1
64.907 4.5917 -0.176501 14.9372 -0.0218487 0.135994 0.0210708 0.364551 56 0
66.083 4.37983 -0.178249 14.9449 -0.0202734 0.0972033 0.019692 0.283427 57 0
67.2593 4.16593 -0.179871 14.9536 -0.0187505 0.108409 0.0190354 0.314941 58 0
68.436 3.95015 -0.181371 14.9586 -0.0173403 0.0624418 0.0176278 0.257301 59 0
69.6128 3.73266 -0.182758 14.9637 -0.0159041 0.0629663 0.0179518 0.268851 60 0
70.7896 3.5136 -0.184031 14.9662 -0.0143991 0.0319004 0.018813 0.409659 61 0
71.9665 3.29314 -0.185183 14.9878 -0.0160151 0.269783 -0.0202004 0.352365 62 1
73.1447 3.07086 -0.186464 14.9696 -0.014964 -0.22794 0.0131387 0.467727 63 0
74.3212 2.84744 -0.187661 14.9501 -0.0137466 -0.242805 0.0152186 0.417161 64 0
75.496 2.62302 -0.188761 14.9314 -0.0124638 -0.234258 0.0160341 0.390839 65 0
76.6691 2.39771 -0.189758 14.9126 -0.0111008 -0.235045 0.0170376 0.445212 66 0
77.8405 2.17165 -0.190646 14.8968 -0.00970409 -0.19722 0.0174591 0.411774 67 0
79.0104 1.94491 -0.191422 14.8839 -0.00824485 -0.160861 0.0182405 0.377265 68 0
80.1793 1.7176 -0.192082 14.8745 -0.00678778 -0.117743 0.0182133 0.322617 69 0
81.3472 1.4898 -0.192625 14.8678 -0.00530775 -0.0838757 0.0185004 0.353021 70 0
82.5145 1.2616 -0.193049 14.8637 -0.00381229 -0.0509858 0.0186932 0.265401 71 0
83.6815 1.03312 -0.193354 14.8557 -0.00328216 -0.100505 0.00662651 0.339864 72 3
84.8477 0.804448 -0.193617 14.878 -0.00278573 0.278378 0.00620547 0.36637 73 4
86.0157 0.575174 -0.19384 14.8834 -0.00224094 0.0678897 0.0068099 0.477373 74 4
87.184 0.345608 -0.194019 14.8706 -0.00173484 -0.159585 0.00632613 0.455077 75 4
88.3513 0.116077 -0.194158 14.8555 -0.00113329 -0.189447 0.00751949 0.408543 76 4
89.5174 -0.113326 -0.194248 14.9026 -0.000508368 0.589085 0.00781147 0.41177 77 6
90.6872 -0.343505 -0.194289 14.9126 0.000691635 0.124991 0.015 0.468824 78 5
91.8577 -0.573773 -0.194234 14.8769 0.00212126 -0.44657 0.0178703 0.472853 79 4
93.0256 -0.803291 -0.194064 14.8647 0.00343653 -0.151825 0.0164409 0.464726 80 1
94.1925 -1.0323 -0.193789 14.8837 0.00519385 0.236833 0.0219665 0.377497 81 6
95.361 -1.26112 -0.193374 14.9044 0.00680185 0.259364 0.0201 0.396784 82 6
96.5312 -1.48962 -0.19283 14.8743 0.0082823 -0.376832 0.0185057 0.415307 83 0
97.6993 -1.71688 -0.192167 14.8445 0.0097301 -0.371933 0.0180976 0.335371 84 0
98.8651 -1.94278 -0.191389 14.8171 0.0111968 -0.342846 0.0183342 0.388577 85 0
100.029 -2.16722 -0.190493 14.793 0.0126746 -0.300503 0.0184724 0.410066 86 0
101.191 -2.39012 -0.189479 14.77 0.0141579 -0.287533 0.0185409 0.424696 87 0
102.352 -2.61136 -0.188346 14.746 0.0156339 -0.300765 0.0184503 0.343542 88 0
103.511 -2.83078 -0.187095 14.7227 0.0170969 -0.291109 0.0182877 0.334682 89 0
104.669 -3.04828 -0.185728 14.7006 0.0185677 -0.276661 0.0183848 0.414164 90 0
105.825 -3.26373 -0.184242 14.6794 0.0200653 -0.264359 0.0187192 0.401058 91 0
106.98 -3.47702 -0.182637 14.6566 0.0215862 -0.284803 0.0190118 0.344985 92 0
108.133 -3.68799 -0.18091 14.6464 0.0234457 -0.12821 0.0232443 0.3354 93 1
109.286 -3.89665 -0.179035 14.6158 0.0289054 -0.382102 0.0682454 0.460197 94 4
110.437 -4.10221 -0.176722 14.6449 0.0304951 0.363195 0.0198721 0.354914 95 2
111.591 -4.30537 -0.174282 14.6523 0.0318055 0.0933766 0.0163788 0.447596 96 2
112.746 -4.50569 -0.171738 14.6431 0.0328335 -0.11574 0.0128509 0.399293 97 2
113.901 -4.70285 -0.169111 14.6295 0.0336746 -0.169206 0.0105131 0.518212 98 2
115.055 -4.89672 -0.166417 14.6094 0.0343352 -0.251591 0.00825776 0.453931 99 2
116.208 -5.08716 -0.163671 14.5871 0.0348707 -0.279236 0.00669397 0.448757 100 2
117.36 -5.27409 -0.160881 14.558 0.0355229 -0.363815 0.00815261 0.396967 101 2
118.51 -5.45738 -0.158039 14.5262 0.0363602 -0.396991 0.0104665 0.378358 102 2
119.658 -5.63694 -0.15513 14.4959 0.0370444 -0.379395 0.0085522 0.425447 103 2
120.804 -5.81272 -0.152167 14.4617 0.0377341 -0.426602 0.0086213 0.486884 104 2
121.948 -5.98464 -0.149148 14.4263 0.0383188 -0.443161 0.00730855 0.417364 105 2
123.09 -6.15263 -0.146082 14.3894 0.0387654 -0.460351 0.00558207 0.512642 106 2
124.23 -6.31666 -0.142981 14.3802 0.0444515 -0.114965 0.071077 0.351763 107 9
125.369 -6.47654 -0.139425 14.3565 0.0493118 -0.296903 0.0607537 0.457453 108 6
126.507 -6.63167 -0.13548 14.333 0.0555447 -0.293732 0.0779107 0.438413 109 4
127.644 -6.78149 -0.131037 14.3116 0.0612326 -0.26741 0.0710994 0.449673 110 4
128.78 -6.92553 -0.126138 14.356 0.0641042 0.5548 0.0358946 0.281188 111 9
129.92 -7.06417 -0.12101 14.3576 0.068347 0.0197768 0.0530344 0.411858 112 9
131.061 -7.19658 -0.115542 14.3573 0.0721844 -0.00318289 0.0479676 0.366485 113 9
132.202 -7.32241 -0.109767 14.3577 0.0746637 0.00472069 0.0309914 0.293292 114 5
133.345 -7.44141 -0.103794 14.3715 0.0775769 0.172853 0.0364153 0.278699 115 9
134.489 -7.55343 -0.0975879 14.3804 0.0798558 0.111139 0.0284862 0.331108 116 8
135.635 -7.65821 -0.0911994 14.3755 0.0817908 -0.0613332 0.0241872 0.28158 117 6
136.781 -7.75545 -0.0846562 14.4006 0.0844594 0.313103 0.0333578 0.296811 118 10
137.929 -7.8451 -0.0778994 14.4056 0.086856 0.0630975 0.0299573 0.248169 119 9
139.079 -7.9268 -0.0709509 14.4312 0.088813 0.319946 0.0244629 0.254291 120 10
140.231 -8.00046 -0.0638459 14.4428 0.0907933 0.145376 0.0247541 0.221129 121 10
141.384 -8.0658 -0.0565824 14.4296 0.0921163 -0.165653 0.0165371 0.212098 122 6
142.537 -8.12259 -0.0492131 14.4441 0.092615 0.181437 0.00623409 0.218294 123 7
143.692 -8.17088 -0.0418039 14.4475 0.093129 0.0432134 0.00642482 0.264399 124 6
144.847 -8.21058 -0.0343536 14.4427 0.0945575 -0.0601172 0.0178563 0.260858 125 9
146.002 -8.24153 -0.026789 14.4316 0.0952576 -0.139761 0.00875145 0.278257 126 6
147.156 -8.26366 -0.0191684 14.4594 0.0951788 0.347638 -0.000985432 0.319384 127 9
148.313 -8.27702 -0.0115541 14.4538 0.0965103 -0.0691414 0.0166433 0.307038 128 10
149.469 -8.28145 -0.00383327 14.4267 0.0986641 -0.338912 0.0269232 0.252983 129 3
150.623 -8.27677 0.00405986 14.4163 0.0994674 -0.130415 0.010041 0.238196 130 10
151.777 -8.26291 0.0120172 14.3996 0.0995918 -0.2092 0.00155531 0.275529 131 4
152.928 -8.23989 0.0199846 14.4133 0.099028 0.171745 -0.00704769 0.306991 132 10
154.081 -8.20771 0.0279068 14.3828 0.100634 -0.381184 0.0200731 0.253444 133 2
155.231 -8.16635 0.0359575 14.3437 0.10235 -0.48908 0.0214573 0.299393 134 2
156.377 -8.11571 0.0441456 14.3093 0.103444 -0.429118 0.0136717 0.262993 135 2
157.52 -8.05573 0.0524211 14.2917 0.104121 -0.220203 0.00845976 0.160885 136 1
158.662 -7.98631 0.0607508 14.2852 0.102493 -0.0818133 -0.0203462 0.129753 137 8
159.802 -7.90758 0.0689503 14.2743 0.102597 -0.136411 0.00130162 0.158973 138 0
160.94 -7.81955 0.077158 14.2643 0.100258 -0.124502 -0.0292482 0.157929 139 7
162.077 -7.72247 0.0851787 14.2611 0.0978583 -0.0405908 -0.0299906 0.185944 140 8
163.213 -7.61651 0.0930073 14.262 0.0957104 0.0119329 -0.0268485 0.18345 141 10
164.348 -7.50185 0.100664 14.2634 0.0933561 0.0168324 -0.0294291 0.299696 142 10
165.483 -7.37871 0.108133 14.2367 0.0905436 -0.333369 -0.0351562 0.319262 143 7
166.614 -7.24759 0.115376 14.2167 0.0878389 -0.250185 -0.0338085 0.329297 144 3
167.743 -7.10873 0.122403 14.1988 0.0847868 -0.223792 -0.0381508 0.305175 145 3
168.869 -6.96239 0.129186 14.1756 0.0815009 -0.289869 -0.0410738 0.335859 146 8
169.993 -6.80897 0.135706 14.1612 0.0780546 -0.17966 -0.0430794 0.358459 147 9
171.115 -6.64869 0.141951 14.1537 0.0743594 -0.0936985 -0.046189 0.320972 148 10
172.234 -6.48183 0.147899 14.1389 0.0702593 -0.185502 -0.0512525 0.352342 149 8
173.352 -6.30887 0.15352 14.1281 0.0661798 -0.134563 -0.0509936 0.387193 150 9
174.468 -6.13012 0.158814 14.1265 0.0612508 -0.0199795 -0.0616123 0.376457 151 3
175.583 -5.94593 0.163715 14.1266 0.0567258 0.00166893 -0.0565627 0.27255 152 9
176.697 -5.75668 0.168253 14.1313 0.0520478 0.0581741 -0.0584748 0.221831 153 9
177.811 -5.56272 0.172416 14.1245 0.0467273 -0.0845313 -0.0665057 0.222879 154 6
178.924 -5.3647 0.176155 14.125 0.0415541 0.00526905 -0.0646656 0.186497 155 7
180.036 -5.16298 0.179479 14.1309 0.0362979 0.0736952 -0.0657021 0.148783 156 7
181.147 -4.95794 0.182383 14.1472 0.031222 0.20479 -0.0634493 0.154395 157 8
182.26 -4.74989 0.184881 14.1648 0.0261838 0.219142 -0.0629775 0.159281 158 8
183.373 -4.53924 0.186975 14.1898 0.0211717 0.312865 -0.0626506 0.129901 159 8
184.488 -4.32634 0.188669 14.2121 0.0159303 0.279105 -0.065518 0.127663 160 7
185.605 -4.11167 0.189943 14.2404 0.0107077 0.352883 -0.0652825 0.12983 161 7
186.723 -3.89563 0.1908 14.276 0.0060899 0.44595 -0.057722 0.130614 162 8
187.845 -3.67849 0.191287 14.3086 0.00123519 0.406778 -0.0606839 0.129749 163 7
188.968 -3.46075 0.191386 14.3385 -0.00386066 0.373697 -0.0636981 0.12954 164 6
190.095 -3.2429 0.191077 14.3831 -0.00792625 0.558257 -0.05082 0.126579 165 8
191.224 -3.02509 0.190443 14.4218 -0.0121747 0.483692 -0.0531055 0.130045 166 7
192.357 -2.80779 0.189469 14.4598 -0.0161501 0.475204 -0.0496922 0.12791 167 7
193.494 -2.5914 0.188177 14.4969 -0.0198492 0.4632 -0.046239 0.104242 168 7
194.633 -2.37625 0.186589 14.5457 -0.0222436 0.610316 -0.0299302 0.104224 169 9
195.777 -2.16242 0.18481 14.589 -0.0248863 0.54121 -0.0330335 0.104828 170 8
196.925 -1.95023 0.182819 14.6329 -0.0267069 0.548971 -0.022757 0.104825 171 9
198.077 -1.73987 0.180682 14.6743 -0.0283128 0.516617 -0.020074 0.104351 172 9
199.232 -1.53153 0.178417 14.713 -0.0297086 0.483942 -0.0174474 0.104144 173 9
200.391 -1.32539 0.176041 14.7457 -0.0315901 0.409448 -0.0235198 0.104621 174 8
201.553 -1.12173 0.173513 14.7735 -0.0339201 0.347495 -0.0291247 0.104173 175 7
202.717 -0.920844 0.1708 14.8045 -0.0345502 0.386763 -0.00787652 0.104475 176 9
203.885 -0.722764 0.168036 14.8356 -0.0343068 0.389266 0.00304314 0.202141 177 10
205.056 -0.527481 0.165291 14.8514 -0.0398844 0.197768 -0.0697196 0.105067 178 1
206.228 -0.335729 0.1621 14.8754 -0.0396689 0.298953 0.00269376 0.10532 179 9
207.403 -0.147397 0.158927 14.8969 -0.0393481 0.269175 0.00400953 0.132275 180 9
208.581 0.0375032 0.155779 14.9177 -0.038147 0.259542 0.0150132 0.208812 181 10
209.76 0.219062 0.152727 14.936 -0.036926 0.229514 0.0152631 0.221724 182 10
210.942 0.397355 0.149773 14.952 -0.0356945 0.200272 0.0153941 0.260222 183 10
212.125 0.572461 0.146918 14.9518 -0.0342171 -0.0035882 0.0184669 0.217583 184 10
213.309 0.744324 0.14418 14.9499 -0.0336175 -0.0228643 0.00749496 0.37955 185 9
214.493 0.912982 0.141491 14.9231 -0.0307118 -0.33474 0.0363214 0.264381 186 10
215.675 1.07843 0.139034 14.8953 -0.0282432 -0.347674 0.0308582 0.399459 187 10
216.856 1.24091 0.136774 14.8692 -0.0262355 -0.326073 0.025095 0.311731 188 10
218.034 1.40063 0.134676 14.8291 -0.0275412 -0.501871 -0.0163212 0.401305 189 6
219.21 1.55732 0.132472 14.8048 -0.025978 -0.304258 0.019541 0.324281 190 10
220.385 1.71132 0.130394 14.7823 -0.0246632 -0.281298 0.016434 0.304598 191 10
221.557 1.86277 0.128421 14.757 -0.0232231 -0.31513 0.0180014 0.343681 192 10
222.729 2.01179 0.126563 14.7324 -0.0216623 -0.307941 0.0195106 0.333514 193 10
223.898 2.15853 0.12483 14.7158 -0.0182212 -0.208175 0.043013 0.39599 194 9
225.066 2.30341 0.123372 14.7495 -0.0203867 0.421882 -0.0270678 0.300193 195 3
226.237 2.4467 0.121742 14.7983 -0.0225839 0.610363 -0.0274651 0.303452 196 2
227.413 2.58835 0.119935 14.8224 -0.0248855 0.300407 -0.0287708 0.38152 197 3
228.59 2.72788 0.117944 14.8256 -0.0272933 0.04071 -0.0300966 0.38109 198 4
229.768 2.86487 0.115761 14.829 -0.0297075 0.04282 -0.030178 0.377946 199 4
230.947 2.9991 0.113384 14.8297 -0.0321584 0.00849962 -0.0306364 0.289944 200 4
232.126 3.13029 0.110811 14.8309 -0.0344763 0.0145912 -0.028973 0.366885 201 4
233.306 3.25824 0.108053 14.828 -0.0367755 -0.0359416 -0.0287404 0.29276 202 4
234.486 3.3827 0.105111 14.8252 -0.0388265 -0.0347853 -0.0256375 0.364195 203 4
235.665 3.50347 0.102005 14.821 -0.0404634 -0.0533938 -0.0204618 0.284109 204 4
236.845 3.62039 0.0987679 14.811 -0.0418026 -0.125122 -0.016739 0.298899 205 4
238.025 3.73328 0.0954237 14.7988 -0.0427475 -0.152004 -0.0118121 0.280789 206 4
239.204 3.84205 0.0920039 14.8612 -0.0438274 0.780654 -0.0134987 0.391522 207 0
240.388 3.94713 0.0884977 14.9251 -0.0448513 0.79782 -0.0127981 0.424877 208 0
241.578 4.04839 0.0849096 14.9902 -0.0457126 0.81414 -0.0107664 0.416355 209 0
242.773 4.14572 0.0812526 15.0478 -0.04651 0.720108 -0.00996809 0.28334 210 0
243.973 4.23896 0.0775318 14.9959 -0.0404419 -0.648499 0.0758521 0.313472 211 10
245.169 4.32801 0.0742964 14.9479 -0.0348298 -0.600314 0.070151 0.427736 212 10
246.362 4.41345 0.0715101 15.0101 -0.0363188 0.777662 -0.0186132 0.358524 213 0
247.56 4.49577 0.0686046 15.0417 -0.0375163 0.395119 -0.0149688 0.396967 214 2
248.761 4.57466 0.0656032 15.0509 -0.0385788 0.114155 -0.0132801 0.327152 215 3
249.963 4.64988 0.0625169 14.9917 -0.0323475 -0.739443 0.0778903 0.293738 216 10
251.16 4.72171 0.0599291 14.9346 -0.0266296 -0.713635 0.0714738 0.311491 217 10
252.353 4.79073 0.0577988 14.9198 -0.029572 -0.185573 -0.0367792 0.398748 218 3
253.544 4.85686 0.055433 14.9126 -0.032436 -0.0899076 -0.0358003 0.38052 219 3
254.736 4.91987 0.0528381 14.9776 -0.0344247 0.812638 -0.0248587 0.30709 220 0
255.932 4.97986 0.0500842 14.9766 -0.0379084 -0.0124812 -0.043546 0.320794 221 1
257.129 5.03621 0.0470515 14.9623 -0.0289986 -0.17873 0.111372 0.362791 222 9
258.325 5.08973 0.0447316 14.9994 -0.0312796 0.463378 -0.0285125 0.377682 223 2
259.524 5.14039 0.0422292 15.019 -0.0341356 0.245929 -0.0356998 0.354108 224 2
260.724 5.18784 0.0394984 14.9891 -0.0247383 -0.374234 0.117466 0.376004 225 9
261.923 5.23282 0.0375193 14.9584 -0.0163656 -0.383627 0.104659 0.38075 226 9
263.119 5.27614 0.0362101 14.9816 -0.0222956 0.290489 -0.074125 0.368407 227 4
264.316 5.31739 0.0344264 14.99 -0.0286339 0.104618 -0.0792285 0.285979 228 4
265.515 5.35592 0.0321357 14.9958 -0.0323407 0.0720739 -0.0463356 0.308294 229 2
266.714 5.39137 0.0295485 15.0035 -0.03826 0.0964403 -0.0739906 0.389539 230 4
267.914 5.42315 0.0264877 14.9973 -0.0440657 -0.0779033 -0.072572 0.330959 231 4
269.114 5.4507 0.0229624 15.0152 -0.0475058 0.224173 -0.043001 0.363492 232 3
270.315 5.47372 0.0191619 15.0228 -0.0506974 0.0945568 -0.0398955 0.409783 233 0
271.516 5.49187 0.0151061 15.0367 -0.0535596 0.174034 -0.0357774 0.357733 234 3
272.719 5.50489 0.0108214 15.0398 -0.0565635 0.039053 -0.0375484 0.402532 235 3
273.922 5.51247 0.00629629 15.034 -0.0598677 -0.072515 -0.0413022 0.33874 236 0
275.125 5.51428 0.00150688 15.0246 -0.0637117 -0.117636 -0.0480499 0.342275 237 4
276.327 5.50996 -0.00359006 15.0022 -0.0667226 -0.279617 -0.0376371 0.273704 238 3
277.527 5.49925 -0.00892787 14.9926 -0.069774 -0.120044 -0.038142 0.32883 239 4
278.726 5.48184 -0.0145098 14.981 -0.0725286 -0.144815 -0.0344327 0.382624 240 4
279.925 5.4575 -0.0203121 14.9804 -0.0739499 -0.00841618 -0.0177664 0.267926 241 0
281.123 5.42607 -0.0262281 14.9723 -0.0772667 -0.101376 -0.0414602 0.25794 242 5
282.32 5.38726 -0.0324094 14.968 -0.0780528 -0.0528455 -0.00982555 0.282177 243 0
283.516 5.34099 -0.0386536 14.9663 -0.0784353 -0.0214934 -0.00478169 0.243591 244 0
284.712 5.28721 -0.0449285 14.9676 -0.0783387 0.0159144 0.00120755 0.24645 245 0
285.908 5.22594 -0.0511956 14.9703 -0.0779735 0.0334859 0.00456478 0.358196 246 0
287.104 5.15719 -0.0574334 14.9758 -0.077256 0.0687838 0.00896892 0.276706 247 0
288.299 5.08103 -0.0636139 14.9823 -0.0763598 0.0812769 0.011203 0.444624 248 0
289.495 4.99753 -0.0697227 14.9878 -0.0752563 0.0697613 0.0137937 0.39524 249 0
290.691 4.9068 -0.0757432 14.9922 -0.0739817 0.0545263 0.0159328 0.317393 250 0
291.886 4.80896 -0.0816617 14.9979 -0.0725125 0.0710607 0.0183643 0.312632 251 0
293.081 4.70416 -0.0874627 15.0065 -0.07058 0.10705 0.0241561 0.289808 252 0
294.277 4.59254 -0.0931092 15.0079 -0.06865 0.0180602 0.0241257 0.350408 253 0
295.471 4.47435 -0.0986011 15.0127 -0.0668617 0.0600576 0.022353 0.379904 254 0
296.666 4.34973 -0.10395 15.0129 -0.0649585 0.00209808 0.0237908 0.401475 255 0
297.86 4.2189 -0.109147 15.0123 -0.0630239 -0.00663996 0.0241818 0.449495 256 0
299.053 4.08206 -0.114189 15.0094 -0.0610864 -0.0365615 0.0242197 0.417449 257 0
300.245 3.93941 -0.119076 15.006 -0.0591066 -0.0429273 0.0247473 0.316921 258 0
301.437 3.79117 -0.123804 15.0015 -0.0570991 -0.0558376 0.0250932 0.322447 259 0
302.627 3.63753 -0.128372 14.9936 -0.0553735 -0.0986576 0.0215706 0.269527 260 0
303.816 3.4787 -0.132802 14.9816 -0.0538168 -0.14987 0.0194584 0.265545 261 0
305.003 3.31489 -0.137107 14.9678 -0.0522803 -0.173509 0.0192061 0.229282 262 0
306.189 3.14627 -0.14129 14.9567 -0.0506997 -0.138807 0.0197575 0.266737 263 0
307.372 2.97297 -0.145346 14.9391 -0.048938 -0.21975 0.022021 0.269552 264 1
308.554 2.79525 -0.149261 14.927 -0.0472502 -0.150275 0.0210983 0.268572 265 0
309.735 2.6132 -0.153041 14.9167 -0.0454559 -0.129175 0.022428 0.26886 266 0
310.913 2.427 -0.156677 14.9041 -0.0433454 -0.158119 0.0263819 0.298079 267 1
312.09 2.23687 -0.160145 14.8891 -0.0411857 -0.18692 0.0269958 0.316434 268 1
313.266 2.04306 -0.16344 14.8755 -0.0388853 -0.170434 0.0287556 0.279267 269 1
314.439 1.84577 -0.166551 14.8661 -0.0367809 -0.11692 0.026304 0.360617 270 0
315.611 1.64516 -0.169493 14.8575 -0.0345901 -0.108016 0.0273859 0.35536 271 0
316.782 1.44142 -0.17226 14.8513 -0.0323047 -0.0771284 0.0285671 0.349529 272 0
317.952 1.23474 -0.174845 14.8457 -0.0298082 -0.0696778 0.0312066 0.270634 273 0
319.121 1.02536 -0.177229 14.8407 -0.0272405 -0.0623584 0.0320961 0.371941 274 0
320.29 0.813492 -0.179408 14.8377 -0.024582 -0.0383377 0.0332307 0.402638 275 0
321.457 0.599376 -0.181375 14.8345 -0.0219086 -0.0393868 0.0334179 0.296647 276 0
322.624 0.383259 -0.183128 14.8382 -0.0192465 0.0460029 0.033276 0.331091 277 2
323.791 0.165292 -0.184667 14.8351 -0.0165232 -0.0388742 0.0340413 0.3921 278 0
324.957 -0.0541709 -0.185989 14.8382 -0.0137956 0.0392556 0.0340955 0.362434 279 2
326.124 -0.274968 -0.187093 14.8368 -0.0110852 -0.0181198 0.0338791 0.421752 280 0
327.29 -0.496777 -0.18798 14.8349 -0.00836915 -0.023222 0.0339512 0.298152 281 0
328.455 -0.71934 -0.188649 14.8326 -0.00569296 -0.0297904 0.0334524 0.284238 282 0
329.621 -0.942397 -0.189105 14.8355 -0.00288273 0.0371218 0.0351278 0.323685 283 2
330.787 -1.16577 -0.189335 14.8341 -0.000267251 -0.0182509 0.0326935 0.294991 284 0
331.952 -1.38914 -0.189357 14.8363 0.00250207 0.0277638 0.0346165 0.319811 285 2
333.118 -1.61232 -0.189157 14.8388 0.00521694 0.0318527 0.0339359 0.348472 286 2
334.284 -1.83504 -0.188739 14.8385 0.00770488 -0.00441074 0.0310992 0.407052 287 1
335.45 -2.05704 -0.188123 14.8403 0.0103314 0.0221729 0.0328311 0.328868 288 2
336.616 -2.27811 -0.187296 14.8425 0.0128777 0.028193 0.031829 0.463872 289 2
337.783 -2.498 -0.186266 14.8451 0.0153389 0.0322342 0.0307646 0.318181 290 2
338.951 -2.7165 -0.185039 14.8446 0.0173755 -0.0056386 0.0254578 0.404688 291 0
340.118 -2.93338 -0.183649 14.8513 0.0198265 0.0835657 0.0306383 0.311876 292 3
341.287 -3.14849 -0.182063 14.8506 0.0216429 -0.00926256 0.0227039 0.338431 293 0
342.455 -3.36158 -0.180331 14.8514 0.0234425 0.0102997 0.0224951 0.3191 294 1
343.625 -3.57248 -0.178456 14.8529 0.025542 0.0184059 0.0262439 0.268449 295 2
344.794 -3.78101 -0.176413 14.8542 0.0275316 0.0165105 0.0248703 0.268242 296 2
345.965 -3.98699 -0.17421 14.8578 0.0297782 0.0450015 0.0280831 0.270573 297 3
347.136 -4.19022 -0.171828 14.8611 0.0319117 0.0414968 0.0266677 0.263742 298 3
348.308 -4.39051 -0.169275 14.8642 0.0339304 0.03829 0.0252345 0.267794 299 3
349.48 -4.58766 -0.16656 14.867 0.0358336 0.0354767 0.0237899 0.269857 300 3
350.654 -4.78148 -0.163694 14.8661 0.0365774 -0.0115037 0.00929702 0.271911 301 0
351.828 -4.97186 -0.160768 14.8696 0.0383363 0.043869 0.0219867 0.265456 302 3
353.003 -5.15868 -0.157701 14.8758 0.0407522 0.0778079 0.0301984 0.269334 303 5
354.179 -5.34174 -0.154441 14.8775 0.0421803 0.0208497 0.0178514 0.276795 304 3
355.355 -5.52086 -0.151066 14.8779 0.0424602 0.00494719 0.00349935 0.277127 305 1
356.533 -5.69598 -0.147669 14.8892 0.0442489 0.141025 0.0223588 0.283429 306 5
357.711 -5.86706 -0.144129 14.8898 0.0447836 0.00720024 0.00668289 0.24348 307 2
358.891 -6.03393 -0.140547 14.898 0.0459502 0.102901 0.0145826 0.275175 308 4
360.071 -6.19655 -0.136871 14.9015 0.0466426 0.0443459 0.00865515 0.279157 309 3
361.253 -6.3548 -0.133139 14.8998 0.046054 -0.0215054 -0.00735796 0.289745 310 0
362.435 -6.50868 -0.129455 14.9007 0.0461549 0.0107646 0.0012619 0.281459 311 2
363.618 -6.6582 -0.125763 14.8995 0.0455175 -0.0145078 -0.00796798 0.241272 312 0
364.801 -6.8034 -0.122121 14.8983 0.0448846 -0.0149965 -0.00791093 0.283951 313 0
365.984 -6.94434 -0.11853 14.8971 0.0442557 -0.0148058 -0.00786185 0.279583 314 0
367.168 -7.08108 -0.11499 14.8982 0.0442866 0.0128388 0.000386545 0.279564 315 2
368.353 -7.21363 -0.111447 14.8992 0.0442731 0.0125408 -0.000168895 0.289429 316 2
369.538 -7.342 -0.107905 14.9001 0.0442168 0.0123143 -0.000703009 0.29323 317 2
370.723 -7.46618 -0.104368 14.9011 0.0441193 0.0123024 -0.00121873 0.302032 318 2
371.909 -7.58619 -0.100838 14.9026 0.044467 0.0183463 0.00434541 0.304831 319 3
373.096 -7.70198 -0.0972809 14.9022 0.0437249 -0.00514984 -0.00927546 0.307791 320 1
374.283 -7.81362 -0.0937829 14.9018 0.0429817 -0.00524521 -0.00929055 0.36748 321 1
375.47 -7.92118 -0.0903444 14.9013 0.0422381 -0.00534058 -0.0092953 0.308837 322 1
376.658 -8.02472 -0.0869653 14.9014 0.0426072 0.000703335 0.00461456 0.301498 323 3
377.846 -8.12422 -0.0835567 14.9008 0.0412314 -0.00743866 -0.0171979 0.37774 324 0
379.034 -8.21979 -0.0802582 14.9004 0.0404475 -0.00550747 -0.00979845 0.332696 325 1
380.222 -8.31151 -0.0770224 14.8999 0.0396685 -0.00567436 -0.00973772 0.351177 326 1
381.411 -8.39946 -0.0738489 14.8994 0.0388949 -0.00582933 -0.00967057 0.352149 327 1
382.6 -8.4837 -0.0707374 14.899 0.038127 -0.00596046 -0.00959775 0.399967 328 1
383.789 -8.56432 -0.0676872 14.8987 0.0386118 -0.00363588 0.00605942 0.317587 329 3
384.979 -8.64126 -0.0645982 14.8982 0.0377538 -0.00598431 -0.0107253 0.264083 330 1
386.168 -8.7146 -0.0615779 14.8977 0.0369077 -0.00619888 -0.0105756 0.241177 331 1
387.358 -8.78443 -0.0586253 14.8972 0.0360737 -0.00640154 -0.0104252 0.244007 332 1
388.548 -8.85083 -0.0557394 14.8966 0.0360162 -0.00754595 -0.000718236 0.288192 333 2
389.738 -8.91379 -0.0528581 14.896 0.0351437 -0.00661612 -0.0109067 0.261248 334 1
390.928 -8.97341 -0.0500466 14.8955 0.034286 -0.00681877 -0.010721 0.269607 335 1
392.118 -9.02975 -0.0473038 14.8949 0.034218 -0.00710487 -0.000850577 0.240119 336 2
393.309 -9.08284 -0.0445663 14.8944 0.033326 -0.00705719 -0.0111491 0.296769 337 1
394.499 -9.13275 -0.0419002 14.8941 0.0338051 -0.00377893 0.00598757 0.291881 338 3
395.69 -9.17944 -0.0391958 14.8935 0.0328362 -0.00727177 -0.0121105 0.238048 339 1
396.881 -9.22301 -0.0365689 14.897 0.0334587 0.0442863 0.00778157 0.251444 340 4
398.072 -9.26339 -0.0338922 14.8963 0.0324033 -0.00888109 -0.0131935 0.305192 341 1
399.263 -9.30068 -0.0313 14.8956 0.0313724 -0.00895262 -0.0128859 0.262876 342 1
400.454 -9.33499 -0.0287902 14.8949 0.0303649 -0.00897646 -0.012594 0.299144 343 1
401.645 -9.36639 -0.026361 14.8941 0.0285734 -0.00934601 -0.0223932 0.243827 344 0
402.836 -9.39508 -0.0240751 14.8934 0.028479 -0.00956059 -0.0011808 0.315668 345 2
404.028 -9.42105 -0.0217968 14.8927 0.0275305 -0.00891686 -0.0118562 0.252289 346 1
405.219 -9.44439 -0.0195944 14.8919 0.0266 -0.00905991 -0.0116301 0.311956 347 1
406.41 -9.4652 -0.0174664 14.8912 0.0264925 -0.00902414 -0.00134425 0.299683 348 2
407.601 -9.48348 -0.015347 14.8905 0.0263362 -0.00895262 -0.00195403 0.316165 349 2
408.792 -9.49925 -0.0132401 14.8898 0.0261332 -0.00897646 -0.0025379 0.301956 350 2
409.983 -9.51253 -0.0111494 14.8891 0.0258855 -0.00905991 -0.0030953 0.314413 351 2
411.174 -9.52334 -0.00907858 14.8898 0.026698 0.00873804 0.010156 0.302994 352 4
412.366 -9.53162 -0.00694274 14.8888 0.0254731 -0.0119805 -0.0153115 0.24084 353 1
413.557 -9.53746 -0.00490489 14.888 0.0250851 -0.00991821 -0.00484949 0.173965 354 2
414.748 -9.54091 -0.00289808 14.8872 0.0246625 -0.0100136 -0.00528283 0.153211 355 2
415.939 -9.54201 -0.000925078 14.8864 0.0242075 -0.0100255 -0.00568691 0.105542 356 2
417.13 -9.54081 0.00101153 14.8853 0.0229166 -0.0131965 -0.016137 0.125992 357 1
418.32 -9.53742 0.00284485 14.8847 0.0232739 -0.00754595 0.00446588 0.104075 358 3
419.511 -9.53181 0.00470676 14.884 0.0227337 -0.00953674 -0.00675216 0.105152 359 2
420.702 -9.52404 0.00652546 14.8864 0.023838 0.0303984 0.0138036 0.104384 360 5
421.893 -9.514 0.00843249 14.8859 0.0239266 -0.00683069 0.00110785 0.104326 361 3
423.083 -9.50168 0.0103466 14.8851 0.023134 -0.0101209 -0.00990736 0.102267 362 2
424.274 -9.48716 0.0121973 14.8846 0.0231399 -0.00593662 7.34348e-05 0.130126 363 3
425.465 -9.47043 0.0140485 14.882 0.0222788 -0.0317097 -0.0107639 0.13021 364 2
426.655 -9.45158 0.0158308 14.8815 0.0222159 -0.00708103 -0.000785408 0.130434 365 3
427.846 -9.43062 0.0176081 14.8832 0.0222608 0.0212193 0.000560354 0.158773 366 4
429.036 -9.40754 0.019389 14.8818 0.0219415 -0.0175714 -0.00399032 0.225694 367 3
430.226 -9.38236 0.0211443 14.8799 0.0215615 -0.0230074 -0.00475005 0.240837 368 3
431.416 -9.35514 0.0228692 14.8779 0.0210925 -0.0249743 -0.00586319 0.248688 369 3
432.606 -9.32592 0.0245566 14.8756 0.0205861 -0.0296712 -0.00632994 0.255462 370 3
433.796 -9.29474 0.0262035 14.8787 0.0201931 0.0392675 -0.00491282 0.259417 371 4
434.986 -9.26163 0.0278189 14.8806 0.0194983 0.0237823 -0.00868465 0.258296 372 3
436.176 -9.22666 0.0293788 14.8777 0.0188918 -0.0359535 -0.00758052 0.267064 373 3
437.365 -9.1899 0.0308902 14.8816 0.0183251 0.0489235 -0.00708399 0.259962 374 4
438.555 -9.15139 0.0323562 14.878 0.0177158 -0.045979 -0.00761705 0.268097 375 3
439.745 -9.1112 0.0337734 14.8744 0.0171092 -0.0444293 -0.00758162 0.27074 376 3
440.934 -9.06939 0.0351422 14.8712 0.0164975 -0.0396371 -0.00764639 0.380069 377 3
442.123 -9.02602 0.036462 14.8682 0.0158762 -0.0373244 -0.00776649 0.265204 378 3
443.312 -8.98115 0.0377321 14.8727 0.0151865 0.0552535 -0.00862168 0.363835 379 4
444.5 -8.93482 0.038947 14.87 0.014615 -0.0338316 -0.00714399 0.357978 380 3
445.689 -8.88711 0.0401162 14.8743 0.0139272 0.0539064 -0.00859692 0.241085 381 4
446.878 -8.83806 0.0412304 14.8791 0.0132039 0.0603795 -0.00904102 0.237552 382 4
448.067 -8.78774 0.0422867 14.8742 0.0127063 -0.0608921 -0.00621974 0.209958 383 3
449.256 -8.73623 0.0433032 14.8709 0.0122295 -0.0418067 -0.00596053 0.253597 384 3
450.445 -8.68357 0.0442815 14.867 0.0118147 -0.0483751 -0.00518485 0.17601 385 3
451.633 -8.6298 0.0452267 14.87 0.0112409 0.0369191 -0.00717243 0.211011 386 4
452.821 -8.57494 0.046126 14.8724 0.0106982 0.0305057 -0.00678399 0.240432 387 4
454.01 -8.51906 0.0469818 14.8715 0.0101832 -0.0112414 -0.00643777 0.237548 388 4
455.198 -8.46222 0.0477965 14.8666 0.00957943 -0.0610948 -0.00754681 0.234816 389 3
456.386 -8.40449 0.0485629 14.8614 0.00892316 -0.0658512 -0.00820337 0.258621 390 3
457.573 -8.34593 0.0492767 14.8555 0.00828814 -0.0731945 -0.00793777 0.270906 391 3
458.76 -8.2866 0.0499398 14.8496 0.00755066 -0.0731945 -0.00921842 0.277223 392 3
459.947 -8.22658 0.0505438 14.8441 0.00685004 -0.0697494 -0.0087578 0.281933 393 3
461.133 -8.16593 0.0510918 14.8381 0.00614278 -0.0741601 -0.00884071 0.352552 394 3
462.318 -8.10473 0.0515832 14.8328 0.00540452 -0.0670671 -0.00922825 0.282175 395 3
463.503 -8.04303 0.0520156 14.8279 0.00467788 -0.0613213 -0.00908304 0.279423 396 3
464.688 -7.98092 0.0523898 14.8226 0.00395988 -0.0658751 -0.00897498 0.273345 397 3
465.872 -7.91845 0.0527066 14.818 0.00326595 -0.0574827 -0.00867405 0.251635 398 3
467.056 -7.85568 0.0529679 14.814 0.00255942 -0.0498056 -0.00883174 0.297263 399 3
468.239 -7.7927 0.0531726 14.8111 0.00177292 -0.0365973 -0.00983119 0.280949 400 3
469.422 -7.72956 0.0533145 14.8076 0.00103754 -0.0430107 -0.00919222 0.266506 401 3
470.605 -7.66633 0.0533975 14.8048 0.000390606 -0.0359535 -0.0080867 0.270845 402 3
471.788 -7.60308 0.0534287 14.8021 -0.000262538 -0.0336409 -0.00816431 0.272495 403 3
472.97 -7.53987 0.0534077 14.7996 -0.000919354 -0.0313163 -0.0082102 0.267942 404 3
474.153 -7.47675 0.0533342 14.7973 -0.00157736 -0.0288606 -0.00822503 0.322136 405 3
475.335 -7.4138 0.053208 14.7982 -0.00258158 0.0117779 -0.0125528 0.266771 406 4
476.517 -7.35108 0.0530015 14.7952 -0.00318885 -0.0372171 -0.00759082 0.298546 407 3
477.699 -7.28868 0.0527464 14.7924 -0.00379149 -0.0354767 -0.00753302 0.316291 408 3
478.881 -7.22664 0.052443 14.7897 -0.00438749 -0.0332117 -0.00744997 0.272519 409 3
480.062 -7.16504 0.052092 14.7866 -0.0049634 -0.0386596 -0.00719889 0.270763 410 3
481.244 -7.10391 0.051695 14.7837 -0.00552921 -0.036037 -0.00707263 0.367035 411 3
482.425 -7.04332 0.0512526 14.7804 -0.00607058 -0.0416994 -0.00676718 0.289771 412 3
483.606 -6.98332 0.050767 14.7772 -0.00659798 -0.0403643 -0.00659241 0.279745 413 3
484.786 -6.92395 0.0502391 14.7736 -0.00709781 -0.0443101 -0.00624786 0.290151 414 3
485.967 -6.86527 0.0496713 14.7696 -0.00756739 -0.0504613 -0.00586975 0.293638 415 3
487.147 -6.80732 0.0490659 14.7659 -0.0080207 -0.0461102 -0.00566643 0.281906 416 3
488.327 -6.75014 0.0484243 14.7706 -0.00876829 0.0581741 -0.00934487 0.248408 417 4
489.507 -6.69377 0.0477228 14.7748 -0.00945722 0.0529051 -0.00861158 0.261281 418 4
490.688 -6.63828 0.0469662 14.7702 -0.00971584 -0.0580072 -0.00323277 0.278796 419 3
491.868 -6.58372 0.046189 14.7659 -0.00996178 -0.0537395 -0.00307423 0.304083 420 3
493.048 -6.53012 0.045392 14.7614 -0.0101729 -0.0559092 -0.00263966 0.253865 421 3
494.228 -6.47749 0.0445782 14.7669 -0.0106727 0.06845 -0.006247 0.279512 422 4
495.408 -6.42586 0.0437244 14.7602 -0.0108069 -0.0834346 -0.00167754 0.285324 423 3
496.588 -6.37526 0.0428598 14.765 -0.0112136 0.0606656 -0.00508346 0.376858 424 4
497.768 -6.32571 0.0419627 14.7551 -0.0112723 -0.124455 -0.000734092 0.26869 425 3
498.948 -6.27725 0.0410609 14.7585 -0.011598 0.04282 -0.00407107 0.322126 426 4
500.127 -6.22988 0.0401331 14.7603 -0.0118655 0.0223875 -0.00334434 0.285859 427 4
501.307 -6.18363 0.0391839 14.7594 -0.0119895 -0.0111938 -0.00154885 0.271192 428 4
502.487 -6.1385 0.0382247 14.7594 -0.0120974 0.000321865 -0.00134928 0.315232 429 4
503.667 -6.09452 0.0372569 14.7907 -0.0128675 0.391412 -0.00962662 0.312495 430 6
504.849 -6.05166 0.0362275 14.7857 -0.0128175 -0.062573 0.000625697 0.35907 431 4
506.032 -6.01003 0.0352021 14.7954 -0.0129696 0.121105 -0.00190138 0.34977 432 5
507.215 -5.9696 0.0341645 14.8039 -0.0130342 0.105429 -0.000807981 0.457712 433 5
508.398 -5.93038 0.0331218 14.811 -0.0130465 0.0890493 -0.000153657 0.360817 434 5
509.582 -5.89238 0.0320781 14.8165 -0.0129326 0.0688314 0.00142339 0.366256 435 5
510.767 -5.85559 0.0310435 14.8342 -0.0133809 0.221062 -0.00560291 0.260851 436 7
511.953 -5.82003 0.029973 14.8433 -0.0135432 0.114024 -0.00202914 0.339696 437 6
513.14 -5.78573 0.0288895 14.8281 -0.0129712 -0.189781 0.00715051 0.2696 438 4
514.326 -5.75269 0.0278519 14.8142 -0.0124216 -0.174248 0.00686989 0.426943 439 4
515.511 -5.72086 0.0268581 14.8007 -0.0119066 -0.169063 0.00643738 0.45363 440 4
516.695 -5.69019 0.0259056 14.7861 -0.0113452 -0.181735 0.00701777 0.317384 441 4
517.877 -5.66063 0.024998 14.7691 -0.0106982 -0.212395 0.00808741 0.457537 442 4
519.058 -5.63211 0.0241421 14.7551 -0.0100851 -0.175452 0.00766345 0.486433 443 4
520.238 -5.60456 0.0233353 14.7691 -0.00996326 0.174952 0.00152288 0.472996 444 5
521.42 -5.57794 0.0225383 14.7528 -0.00933121 -0.20324 0.00790067 0.358099 445 4
522.6 -5.55222 0.0217918 14.7344 -0.00861857 -0.230217 0.00890805 0.383544 446 4
523.778 -5.52735 0.0211023 14.7165 -0.00791151 -0.223637 0.00883819 0.399656 447 4
524.955 -5.50325 0.0204694 14.6976 -0.00721039 -0.236118 0.00876405 0.445096 448 4
526.131 -5.47986 0.0198925 14.6763 -0.00652629 -0.267184 0.00855123 0.306816 449 4
527.305 -5.45712 0.0193704 14.6552 -0.00586661 -0.263596 0.00824594 0.306279 450 4
528.477 -5.43496 0.0189011 14.6305 -0.0051885 -0.307691 0.00847647 0.384254 451 4
529.647 -5.41332 0.018486 14.6058 -0.00457933 -0.308824 0.00761451 0.448003 452 4
530.815 -5.39215 0.0181197 14.5817 -0.00390408 -0.301933 0.00844064 0.461724 453 4
531.982 -5.37138 0.0178073 14.5875 -0.000644866 0.0725865 0.0407402 0.429389 454 0
533.148 -5.35066 0.0177558 14.5615 -0.000411139 -0.325012 0.00292159 0.351803 455 4
534.313 -5.33002 0.0177229 14.5702 0.00308428 0.109243 0.0436928 0.315843 456 0
535.479 -5.30907 0.0179696 14.5414 0.00306168 -0.360405 -0.00028247 0.428815 457 4
536.642 -5.28788 0.0182145 14.568 0.00228554 0.333035 -0.00970186 0.323073 458 5
537.807 -5.26644 0.0183974 14.5387 0.00246404 -0.367343 0.00223135 0.326055 459 4
538.97 -5.24482 0.0185945 14.5321 0.00509701 -0.0819802 0.0329121 0.416065 460 0
540.132 -5.22273 0.0190023 14.5712 0.00486206 0.488472 -0.00293685 0.312706 461 1
541.298 -5.20013 0.0193912 14.5399 0.0048505 -0.39053 -0.000144547 0.320002 462 4
542.461 -5.17712 0.0197793 14.5099 0.00478243 -0.375843 -0.000850874 0.309806 463 4
543.621 -5.15372 0.0201619 14.4982 0.00605386 -0.145566 0.015893 0.339822 464 0
544.781 -5.12977 0.0206462 14.4752 0.00599582 -0.287533 -0.000725611 0.461065 465 4
545.939 -5.10531 0.0211258 14.455 0.00603255 -0.252628 0.000459113 0.482217 466 4
547.095 -5.08032 0.0216084 14.4401 0.00604579 -0.18636 0.000165589 0.510036 467 4
548.25 -5.05481 0.0220921 14.4326 0.00623609 -0.0933766 0.00237876 0.347998 468 4
549.404 -5.02872 0.022591 14.4262 0.00643919 -0.080812 0.00253877 0.464786 469 4
550.558 -5.00206 0.0231061 14.4282 0.00659917 0.0249743 0.00199974 0.46976 470 4
551.712 -4.97478 0.0236341 14.4919 0.00475032 0.797153 -0.0231107 0.294851 471 6
552.871 -4.94694 0.0240141 14.5334 0.00376008 0.518942 -0.012378 0.310165 472 5
554.033 -4.91868 0.0243149 14.573 0.00278922 0.494909 -0.0121357 0.305918 473 5
555.199 -4.89007 0.024538 14.613 0.00287027 0.499129 0.00101319 0.305397 474 5
556.367 -4.86112 0.0247677 14.6355 4.17059e-05 0.281787 -0.0353571 0.301261 475 0
557.538 -4.83212 0.024771 14.6192 -0.00266906 -0.204444 -0.0338845 0.321075 476 0
558.707 -4.8034 0.0245575 14.669 -0.00252051 0.623369 0.00185682 0.291164 477 7
559.88 -4.77482 0.0243558 14.6821 -0.00424504 0.164008 -0.0215566 0.365147 478 0
561.054 -4.74662 0.0240162 14.6685 -0.00714603 -0.171053 -0.0362624 0.276493 479 0
562.227 -4.71911 0.0234445 14.6936 -0.00643815 0.314486 0.00884847 0.275563 480 5
563.403 -4.69216 0.0229295 14.7264 -0.00577903 0.409126 0.00823909 0.285538 481 5
564.58 -4.66569 0.0224672 14.757 -0.00477371 0.382948 0.0125665 0.291103 482 5
565.761 -4.63962 0.0220853 14.7849 -0.00363495 0.349188 0.0142345 0.284896 483 5
566.943 -4.61384 0.0217945 14.8105 -0.00252592 0.319505 0.0138628 0.379875 484 5
568.128 -4.58826 0.0215924 14.8327 -0.000944541 0.278139 0.0197672 0.239629 485 5
569.314 -4.56273 0.0215168 14.8449 0.000623478 0.151742 0.0196002 0.294401 486 5
570.501 -4.53712 0.0215667 14.8715 0.00214572 0.332606 0.019028 0.388792 487 5
571.691 -4.51126 0.0217384 14.8944 0.00388728 0.286675 0.0217695 0.281733 488 5
572.882 -4.48499 0.0220494 14.9181 0.00551121 0.295568 0.0202992 0.3773 489 5
574.075 -4.45815 0.0224903 14.981 0.00529373 0.786364 -0.00271859 0.328025 490 8
575.273 -4.43069 0.0229138 15.0061 0.00791397 0.313985 0.0327531 0.436505 491 4
576.474 -4.40243 0.0235469 15.0321 0.00934438 0.324643 0.0178801 0.347711 492 5
577.676 -4.37321 0.0242944 15.0588 0.0107795 0.334215 0.0179395 0.355504 493 5
578.88 -4.34291 0.0251568 15.0881 0.0121765 0.366366 0.0174614 0.357295 494 5
580.087 -4.31137 0.0261309 15.1174 0.0126394 0.365901 0.00578699 0.329896 495 5
581.296 -4.27855 0.0271421 15.1419 0.0140614 0.305998 0.0177752 0.376612 496 5
582.507 -4.24432 0.028267 15.1793 0.0142606 0.468504 0.00248952 0.339406 497 6
583.72 -4.20861 0.0294078 15.2163 0.014617 0.462008 0.00445533 0.250173 498 6
584.937 -4.17139 0.0305772 15.2509 0.0151416 0.431955 0.00655744 0.153557 499 6
586.157 -4.13262 0.0317885 15.2844 0.015738 0.418901 0.00745518 0.105021 500 6
587.379 -4.09221 0.0330475 15.3174 0.0164187 0.413048 0.00850828 0.220562 501 6
588.603 -4.05012 0.034361 15.34 0.0183775 0.282311 0.0244855 0.286599 502 3
589.83 -4.00615 0.0358312 15.3672 0.0191903 0.339389 0.0101593 0.28282 503 5
591.058 -3.96023 0.0373665 15.3986 0.0197817 0.393271 0.00739319 0.376713 504 6
592.289 -3.91226 0.038949 15.4356 0.0224294 0.462031 0.0330963 0.237512 505 0
593.523 -3.86196 0.0407434 15.4466 0.0230046 0.137746 0.00718907 0.268143 506 4
594.758 -3.80936 0.0425837 15.4676 0.0234659 0.262797 0.00576628 0.280793 507 6
595.994 -3.75436 0.044461 15.4709 0.0240488 0.0407219 0.00728641 0.239506 508 4
597.23 -3.69697 0.0463849 15.487 0.0250406 0.201583 0.0123981 0.241817 509 8
598.468 -3.63704 0.0483881 15.4972 0.0260938 0.127482 0.0131645 0.287928 510 8
599.706 -3.57449 0.0504756 15.5039 0.0271247 0.083828 0.0128869 0.300047 511 8
600.944 -3.50922 0.0526456 15.4859 0.0272581 -0.224841 0.00166735 0.42636 512 4
602.181 -3.44133 0.0548263 15.4833 0.0273373 -0.0331879 0.000990229 0.313694 513 5
603.418 -3.37075 0.0570133 15.4698 0.0272313 -0.168085 -0.00132499 0.248628 514 4
604.654 -3.29754 0.0591918 15.455 0.0270738 -0.185442 -0.00196875 0.251567 515 4
605.888 -3.22172 0.0613577 15.4436 0.0267248 -0.142896 -0.00436353 0.256903 516 4
607.121 -3.14333 0.0634957 15.4324 0.0262991 -0.139058 -0.00532113 0.244112 517 4
608.353 -3.0624 0.0655996 15.4299 0.0266854 -0.0314355 0.0048297 0.245556 518 8
609.584 -2.97885 0.0677344 15.4268 0.0268444 -0.0384212 0.00198744 0.241189 519 8
610.815 -2.89268 0.069882 15.4214 0.0259134 -0.0677705 -0.0116379 0.239719 520 6
612.046 -2.80398 0.071955 15.4174 0.0257727 -0.0498295 -0.00175925 0.250068 521 8
613.276 -2.71277 0.0740169 15.3981 0.0235765 -0.241375 -0.0274515 0.313839 522 5
614.504 -2.61936 0.075903 15.3857 0.0219996 -0.155544 -0.0197114 0.313555 523 4
615.731 -2.52387 0.077663 15.374 0.0203597 -0.145757 -0.0204995 0.372916 524 4
616.957 -2.42645 0.0792917 15.3498 0.0187336 -0.302947 -0.0203259 0.35311 525 4
618.181 -2.32734 0.0807904 15.327 0.0187561 -0.284171 0.000281516 0.295112 526 3
619.403 -2.22656 0.0822909 15.3114 0.0132807 -0.196183 -0.0684432 0.375174 527 7
620.624 -2.12457 0.0833534 15.2528 0.0118434 -0.732219 -0.017966 0.430537 528 6
621.84 -2.02183 0.0843008 15.1971 0.0107577 -0.695443 -0.0135709 0.518529 529 6
623.051 -1.91842 0.0851614 15.1718 0.0127523 -0.31656 0.0249319 0.385242 530 10
624.26 -1.81395 0.0861816 15.1268 0.0120397 -0.562298 -0.00890665 0.413898 531 6
625.466 -1.70862 0.0871448 15.0931 0.0115109 -0.421369 -0.00660989 0.414538 532 6
626.669 -1.60242 0.0880657 15.0787 0.0127419 -0.179994 0.015387 0.40039 533 10
627.87 -1.4951 0.089085 15.0616 0.0122567 -0.213408 -0.0060651 0.385547 534 6
629.07 -1.38673 0.0900656 15.0564 0.0131392 -0.0658393 0.0110311 0.39107 535 10
630.27 -1.27713 0.0911167 15.0594 0.0130214 0.0376701 -0.00147192 0.39352 536 9
631.469 -1.16626 0.0921584 15.0362 0.0121789 -0.29043 -0.0105312 0.387397 537 6
632.667 -1.05439 0.0931327 15.022 0.0127733 -0.177288 0.00742965 0.381337 538 10
633.864 -0.941405 0.0941546 15.011 0.0130874 -0.136924 0.00392678 0.292687 539 10
635.059 -0.827252 0.0952016 15.0036 0.0119798 -0.0924349 -0.013846 0.241198 540 6
636.254 -0.71201 0.09616 14.9985 0.0119996 -0.0640154 0.000248058 0.235629 541 10
637.448 -0.595661 0.0971199 14.9952 0.0118213 -0.0418663 -0.00222892 0.269108 542 10
638.642 -0.478208 0.0980656 14.9927 0.0115136 -0.030601 -0.00384606 0.349796 543 10
639.835 -0.359676 0.0989867 14.991 0.0110915 -0.0213623 -0.00527625 0.284849 544 10
641.029 -0.240098 0.099874 14.976 0.00987442 -0.187719 -0.0152137 0.316975 545 9
642.221 -0.119698 0.100664 14.9648 0.00866403 -0.139999 -0.0151299 0.302143 546 9
643.412 0.00143743 0.101357 14.9548 0.00743372 -0.125325 -0.0153788 0.238328 547 9
644.602 0.123199 0.101952 14.9551 0.00691922 0.00389814 -0.00643127 0.281699 548 10
645.792 0.245623 0.102505 14.9481 0.0056515 -0.0875235 -0.0158465 0.240728 549 9
646.982 0.368527 0.102957 14.9519 0.00369988 0.0477672 -0.0243953 0.279305 550 6
648.171 0.491814 0.103253 14.944 0.00190665 -0.0981689 -0.0224154 0.322172 551 6
649.36 0.615218 0.103406 14.9137 0.000123545 -0.379527 -0.0222888 0.251775 552 6
650.547 0.738383 0.103416 14.8679 -0.0018478 -0.572741 -0.0246419 0.25583 553 6
651.73 0.860995 0.103268 14.9035 -0.0028564 0.445712 -0.0126075 0.365524 554 4
652.916 0.98363 0.10304 14.8917 -0.00420214 -0.14782 -0.0168217 0.343149 555 5
654.101 1.10577 0.102703 14.8679 -0.00624098 -0.297582 -0.0254856 0.334324 556 5
655.285 1.22712 0.102204 14.8904 -0.00786662 0.281143 -0.0203205 0.490932 557 3
656.47 1.34791 0.101575 14.9254 -0.00885058 0.437915 -0.0122995 0.325221 558 3
657.658 1.46815 0.100867 14.8857 -0.0133348 -0.496399 -0.0560523 0.267789 559 6
658.843 1.5868 0.0997999 14.8464 -0.0173591 -0.49156 -0.0503046 0.271486 560 6
660.024 1.70349 0.0984112 14.8138 -0.0213479 -0.407648 -0.0498596 0.35083 561 6
661.204 1.81792 0.0967034 14.786 -0.0249247 -0.346506 -0.0447094 0.333267 562 6
662.382 1.92978 0.0947094 14.7642 -0.0264529 -0.272489 -0.0191036 0.253901 563 4
663.558 2.03899 0.0925932 14.7383 -0.0295961 -0.324345 -0.0392897 0.273909 564 6
664.732 2.14523 0.0902255 14.7246 -0.0311772 -0.170803 -0.0197631 0.339972 565 4
665.905 2.24844 0.0877313 14.7035 -0.0328477 -0.263715 -0.0208823 0.284585 566 4
667.077 2.34842 0.0851035 14.683 -0.0347142 -0.25655 -0.0233307 0.283448 567 4
668.248 2.44502 0.0823264 14.6618 -0.0366573 -0.264823 -0.0242888 0.273761 568 4
669.417 2.53804 0.0793938 14.6393 -0.0401617 -0.28187 -0.0438047 0.28907 569 7
670.585 2.62718 0.0761808 14.6184 -0.0425682 -0.260413 -0.0300812 0.316895 570 6
671.751 2.71221 0.0727754 14.599 -0.0449146 -0.242543 -0.0293309 0.352093 571 6
672.917 2.79295 0.0691822 14.5803 -0.0463562 -0.234032 -0.0180195 0.35315 572 4
674.081 2.86926 0.0654737 14.5647 -0.0486241 -0.19474 -0.0283491 0.347341 573 6
675.243 2.94097 0.0615838 14.5496 -0.0499142 -0.188613 -0.0161252 0.327028 574 6
676.406 3.00797 0.0575907 14.5387 -0.052121 -0.137305 -0.0275856 0.340025 575 6
677.567 3.07007 0.053421 14.5297 -0.0525549 -0.111389 -0.00542398 0.295597 576 4
678.728 3.12726 0.0492166 14.5342 -0.0527185 0.0550747 -0.00204481 0.311898 577 4
679.889 3.17956 0.0449991 14.5564 -0.0507377 0.278354 0.0247605 0.273526 578 2
681.053 3.22722 0.0409401 14.5318 -0.052603 -0.307226 -0.0233172 0.296618 579 6
682.215 3.26992 0.0367318 14.5323 -0.0546182 0.0054121 -0.0251889 0.212395 580 7
683.377 3.30753 0.0323624 14.5266 -0.0554509 -0.0713468 -0.0104098 0.13428 581 5
684.538 3.33998 0.0279263 14.5429 -0.0560689 0.204408 -0.00772439 0.104082 582 5
685.702 3.36725 0.0234408 14.5607 -0.0570325 0.221884 -0.0120446 0.104617 583 8
686.866 3.38924 0.0188782 14.5938 -0.0561089 0.414181 0.011544 0.105567 584 5
688.034 3.40604 0.0143895 14.6323 -0.0548715 0.481761 0.0154685 0.104066 585 5
689.204 3.41775 0.00999978 14.6534 -0.05549 0.263667 -0.00773221 0.104866 586 8
690.376 3.42427 0.00556058 14.6838 -0.0545906 0.379586 0.0112429 0.104268 587 6
691.551 3.42567 0.00119333 14.7216 -0.0518173 0.471866 0.034666 0.104334 588 5
692.729 3.42219 -0.00295206 14.7557 -0.0504019 0.427163 0.0176923 0.104749 589 6
693.909 3.41395 -0.00698421 14.7925 -0.0482998 0.459516 0.0262764 0.104641 590 6
695.093 3.40111 -0.0108482 14.8354 -0.0461473 0.536156 0.026906 0.104678 591 6
696.279 3.38385 -0.01454 14.8756 -0.0442269 0.502789 0.0240057 0.1037 592 7
697.469 3.36234 -0.0180781 14.9157 -0.042162 0.500751 0.0258107 0.104617 593 7
698.662 3.33675 -0.0214511 14.9604 -0.0396491 0.55896 0.0314113 0.105038 594 7
699.859 3.30728 -0.024623 15.012 -0.0368238 0.64503 0.0353164 0.104931 595 6
701.059 3.27417 -0.0275689 15.0615 -0.0343021 0.619054 0.0315219 0.104045 596 8
702.263 3.23765 -0.0303131 15.1152 -0.0314571 0.671399 0.0355615 0.103646 597 7
703.472 3.19796 -0.0328297 15.1678 -0.0285632 0.656652 0.0361738 0.102333 598 7
704.685 3.15536 -0.0351147 15.2235 -0.0257788 0.696456 0.0348054 0.104969 599 7
705.902 3.1101 -0.037177 15.2819 -0.0231025 0.730491 0.0334533 0.104649 600 7
707.123 3.0624 -0.0390252 15.3433 -0.0205491 0.766802 0.031918 0.103977 601 7
708.35 3.01249 -0.0406692 15.4028 -0.0180703 0.744081 0.0309854 0.104792 602 7
709.581 2.96061 -0.0421148 15.4658 -0.0157405 0.787258 0.0291217 0.103905 603 7
710.817 2.90697 -0.043374 15.5297 -0.0138659 0.799859 0.0234331 0.104123 604 6
712.058 2.85172 -0.0444833 15.5954 -0.0117264 0.820601 0.0267431 0.103723 605 7
713.304 2.79507 -0.0454214 15.6615 -0.0101522 0.826538 0.0196782 0.104241 606 6
714.556 2.73716 -0.0462336 15.7284 -0.00919142 0.835836 0.0120096 0.104603 607 5
715.813 2.67808 -0.0469689 15.7957 -0.00887569 0.84157 0.00394657 0.10536 608 4
717.075 2.61786 -0.047679 15.8629 -0.00921926 0.839639 -0.00429465 0.129912 609 3
718.343 2.55644 -0.0484165 15.9291 -0.0102202 0.827122 -0.0125114 0.130309 610 2
719.615 2.49372 -0.0492341 15.9949 -0.0125788 0.823283 -0.0294833 0.142508 611 0
720.893 2.42946 -0.0502404 16.0563 -0.0147618 0.766766 -0.0272865 0.128476 612 0
722.176 2.36344 -0.0514214 16.1123 -0.0167663 0.700688 -0.025057 0.128441 613 0
723.463 2.29546 -0.0527627 16.1629 -0.0178551 0.632906 -0.0136096 0.130651 614 1
724.755 2.22543 -0.0541911 16.2075 -0.0196047 0.557017 -0.0218696 0.124463 615 0
726.049 2.15317 -0.0557594 16.2446 -0.0211647 0.463223 -0.0195006 0.104862 616 0
727.347 2.07854 -0.0574526 16.2736 -0.0225373 0.363064 -0.0171574 0.129323 617 0
728.646 2.00145 -0.0592556 16.2895 -0.0180549 0.198603 0.0560304 0.130413 618 7
729.947 1.92239 -0.0607 16.2937 -0.0114119 0.0524282 0.0830374 0.129565 619 10
731.248 1.84213 -0.0616129 16.2945 -0.00764103 0.00984669 0.0471356 0.106384 620 7
732.549 1.76107 -0.0622242 16.2857 -0.00245843 -0.110102 0.0647826 0.166926 621 9
733.849 1.6798 -0.0624209 16.2371 0.00286443 -0.60761 0.0665358 0.242684 622 6
735.146 1.59907 -0.0621917 16.1842 0.00819166 -0.661325 0.0665903 0.27551 623 9
736.438 1.51944 -0.0615364 16.14 0.012919 -0.551581 0.0590915 0.343269 624 9
737.727 1.44137 -0.0605029 16.1041 0.0175183 -0.449514 0.057492 0.342479 625 10
739.013 1.36527 -0.0591014 16.0678 0.0217225 -0.453138 0.0525516 0.364282 626 10
740.296 1.29157 -0.0573636 16.0266 0.0249474 -0.514793 0.0403119 0.419383 627 9
741.576 1.22062 -0.0553678 15.9872 0.0278132 -0.493443 0.0358221 0.400786 628 9
742.854 1.15269 -0.0531428 15.9285 0.0313251 -0.733686 0.0438993 0.379235 629 10
744.126 1.08819 -0.0506368 15.8121 0.0337713 -1.45404 0.0305767 0.416997 630 9
745.39 1.02757 -0.0479351 15.7732 0.0365284 -0.486112 0.0344645 0.400946 631 10
746.65 0.970794 -0.0450128 15.7393 0.0390242 -0.424838 0.031197 0.388994 632 10
747.908 0.918063 -0.0418909 15.6901 0.041006 -0.614572 0.0247724 0.381171 633 9
749.163 0.869611 -0.0386104 15.6613 0.043142 -0.359666 0.0267005 0.383427 634 10
750.415 0.825569 -0.035159 15.6218 0.0450802 -0.493705 0.0242276 0.381315 635 9
751.664 0.786143 -0.0315526 15.5821 0.0469562 -0.49597 0.02345 0.381575 636 9
752.91 0.751498 -0.0277961 15.5357 0.0497136 -0.580835 0.0344675 0.396653 637 8
754.153 0.721897 -0.023819 15.4933 0.052337 -0.529826 0.0327922 0.382648 638 8
755.392 0.697565 -0.019632 15.4542 0.054752 -0.488544 0.0301873 0.380303 639 8
756.628 0.67871 -0.0152519 15.4203 0.0569123 -0.4233 0.0270036 0.372236 640 8
757.862 0.665511 -0.0106989 15.3879 0.0578621 -0.405371 0.0118734 0.396638 641 9
759.093 0.658039 -0.00606994 15.3657 0.0583996 -0.277412 0.00671824 0.37984 642 10
760.322 0.656321 -0.00139797 15.3441 0.0587953 -0.270569 0.00494677 0.365813 643 10
761.549 0.660378 0.00330566 15.3177 0.0602337 -0.330055 0.0179799 0.379285 644 8
762.775 0.670334 0.00812436 15.2898 0.0606359 -0.348294 0.00502719 0.43679 645 9
763.998 0.686205 0.0129752 15.2641 0.060885 -0.321841 0.0031135 0.408203 646 9
765.219 0.707996 0.017846 15.2443 0.0606948 -0.247443 -0.00237776 0.404453 647 10
766.438 0.735679 0.0227016 15.2258 0.0603911 -0.230634 -0.00379616 0.287158 648 10
767.656 0.769212 0.0275329 15.2082 0.0599792 -0.219631 -0.00514905 0.373098 649 10
768.872 0.808541 0.0323312 15.1915 0.059462 -0.209045 -0.00646431 0.273935 650 10
770.086 0.853605 0.0370882 15.1756 0.0588427 -0.19877 -0.00774176 0.374453 651 10
771.299 0.904332 0.0417956 15.1605 0.0581242 -0.188816 -0.00898088 0.408827 652 10
772.511 0.960643 0.0464455 15.1462 0.0573097 -0.179183 -0.0101808 0.343123 653 10
773.721 1.02245 0.0510303 15.1325 0.0564045 -0.170827 -0.011315 0.42979 654 10
774.929 1.08965 0.0555427 15.1202 0.0553015 -0.15409 -0.0137874 0.399192 655 10
776.137 1.16215 0.0599668 15.1078 0.054226 -0.154495 -0.0134439 0.405285 656 10
777.343 1.23981 0.0643049 15.0948 0.0531611 -0.163281 -0.0133121 0.464 657 10
778.548 1.32254 0.0685578 15.0831 0.052015 -0.146091 -0.0143261 0.469923 658 10
779.751 1.41021 0.072719 15.0675 0.0509002 -0.194669 -0.0139342 0.412138 659 10
780.953 1.50268 0.076791 15.0463 0.0496751 -0.264776 -0.0153146 0.497139 660 10
782.153 1.59979 0.080765 15.017 0.0483986 -0.367033 -0.0159554 0.351826 661 10
783.35 1.70135 0.0846369 14.9734 0.047156 -0.54431 -0.0155323 0.358723 662 10
784.543 1.80712 0.0884094 14.9857 0.0465609 0.153232 -0.00743875 0.480285 663 5
785.737 1.91741 0.0921342 14.9457 0.0450154 -0.499821 -0.0193188 0.421018 664 10
786.927 2.03171 0.0957355 14.9352 0.0438853 -0.131726 -0.0141263 0.476379 665 5
788.116 2.15009 0.0992463 14.9558 0.0428306 0.25866 -0.0131845 0.339073 666 4
789.306 2.27272 0.102673 14.9663 0.0409114 0.13088 -0.0239892 0.31731 667 4
790.497 2.39933 0.105946 14.9714 0.0390913 0.0629425 -0.0227523 0.385885 668 4
791.687 2.52971 0.109073 14.9785 0.0362216 0.089848 -0.0358713 0.326677 669 3
792.878 2.6636 0.111971 14.9894 0.0336996 0.136113 -0.0315244 0.331471 670 3
794.069 2.80081 0.114667 15.0129 0.0307551 0.292933 -0.0368063 0.327928 671 2
795.262 2.94116 0.117127 14.9757 0.0287033 -0.464928 -0.0256477 0.288495 672 10
796.452 3.08389 0.119423 14.9413 0.0265443 -0.429845 -0.0269878 0.327155 673 10
797.638 3.22882 0.121547 14.9056 0.0243174 -0.445914 -0.0278362 0.326576 674 10
798.822 3.37571 0.123492 14.9079 0.0192817 0.0289917 -0.0629464 0.374905 675 7
800.005 3.52444 0.125035 14.8758 0.0172475 -0.401807 -0.0254266 0.318404 676 10
801.185 3.67448 0.126415 14.8465 0.0151653 -0.365424 -0.0260279 0.339238 677 10
802.363 3.82565 0.127628 14.8774 0.0109902 0.385916 -0.0521889 0.331043 678 2
803.544 3.97818 0.128507 14.8762 0.00758393 -0.0147343 -0.0425782 0.30973 679 4
804.724 4.13141 0.129114 14.8729 0.00321105 -0.041914 -0.0546609 0.312641 680 6
805.904 4.28491 0.129371 14.8599 -0.00165972 -0.161803 -0.0608847 0.357338 681 6
807.083 4.43812 0.129238 14.834 -0.00256928 -0.323904 -0.0113694 0.308948 682 10
808.26 4.59083 0.129032 14.8093 -0.00353102 -0.30905 -0.0120218 0.417414 683 10
809.435 4.74294 0.12875 14.8252 -0.00782028 0.198913 -0.0536157 0.302675 684 3
810.611 4.89448 0.128124 14.8025 -0.00844061 -0.284636 -0.00775415 0.425752 685 10
811.786 5.045 0.127449 14.7829 -0.00913152 -0.244868 -0.00863632 0.340968 686 10
812.959 5.19446 0.126718 14.7622 -0.00989406 -0.25785 -0.00953183 0.366958 687 10
814.13 5.34278 0.125927 14.7752 -0.015633 0.162685 -0.0717362 0.30146 688 2
815.303 5.48977 0.124676 14.7549 -0.0157589 -0.253928 -0.00157417 0.29229 689 10
816.475 5.63508 0.123416 14.7348 -0.01599 -0.251746 -0.00288864 0.398135 690 10
817.645 5.7787 0.122136 14.749 -0.0228395 0.177431 -0.0856184 0.363069 691 1
818.816 5.92031 0.120309 14.7316 -0.0222681 -0.21708 0.00714241 0.323408 692 10
819.986 6.05967 0.118528 14.7173 -0.0218379 -0.179529 0.00537678 0.36626 693 10
821.156 6.19685 0.116781 14.7015 -0.02153 -0.197458 0.00384958 0.437679 694 10
822.324 6.33188 0.115058 14.6884 -0.0213467 -0.163484 0.00229056 0.343103 695 10
823.491 6.46479 0.113351 14.6788 -0.0212857 -0.120044 0.00076259 0.299482 696 10
824.658 6.59562 0.111648 14.671 -0.0213232 -0.0970602 -0.000468129 0.349353 697 10
825.825 6.7244 0.109942 14.6799 -0.0214585 0.110793 -0.00169147 0.338812 698 9
826.992 6.85125 0.108225 14.6718 -0.0216523 -0.101459 -0.00242256 0.39971 699 10
828.16 6.97601 0.106493 14.668 -0.021937 -0.0475287 -0.00355884 0.406164 700 10
829.327 7.09869 0.104738 14.6751 -0.0223494 0.0896215 -0.00515466 0.40484 701 9
830.494 7.21934 0.10295 14.6849 -0.0227743 0.121593 -0.00531154 0.387563 702 9
831.663 7.33794 0.101128 14.6967 -0.0232081 0.147867 -0.00542321 0.455867 703 9
832.833 7.45447 0.0992715 14.7067 -0.0236784 0.125527 -0.00587783 0.411729 704 9
834.004 7.56885 0.0973773 14.7161 -0.0242129 0.11729 -0.00668168 0.414275 705 9
835.176 7.68105 0.0954402 14.7248 -0.024798 0.108826 -0.00731435 0.430591 706 9
836.349 7.79098 0.0934564 14.7346 -0.0253954 0.12176 -0.00746639 0.389643 707 9
837.523 7.89859 0.0914248 14.7463 -0.0259616 0.14689 -0.00707845 0.430719 708 9
838.698 8.00386 0.0893478 14.7572 -0.0264698 0.135803 -0.0063515 0.400395 709 9
839.874 8.10671 0.0872303 14.7729 -0.0269819 0.19592 -0.00640226 0.433985 710 9
841.051 8.20713 0.0850717 14.7765 -0.027526 0.0450492 -0.00680028 0.425645 711 10
842.229 8.30498 0.0828696 14.7817 -0.0280653 0.0655651 -0.00674161 0.439986 712 10
843.408 8.40021 0.0806244 14.7921 -0.0286325 0.129771 -0.00708983 0.382558 713 10
844.588 8.49282 0.0783338 14.8091 -0.0291811 0.212753 -0.00685777 0.366829 714 9
845.769 8.58277 0.0759993 14.8398 -0.0294615 0.383711 -0.00350547 0.39389 715 8
846.953 8.67012 0.0736424 14.8527 -0.0300004 0.160694 -0.00673644 0.398629 716 10
848.138 8.7547 0.0712424 14.8607 -0.0304403 0.100374 -0.00549799 0.370088 717 10
849.324 8.83643 0.0688071 14.8875 -0.030277 0.334966 0.00204083 0.411068 718 8
850.513 8.91544 0.066385 14.9015 -0.0307168 0.175667 -0.00549771 0.369725 719 10
851.702 8.9916 0.0639276 14.936 -0.030063 0.430369 0.00817298 0.383431 720 7
852.895 9.06506 0.0615226 14.9633 -0.0299509 0.342298 0.00140104 0.396555 721 8
854.09 9.1358 0.0591265 14.988 -0.0298903 0.308573 0.000757701 0.385731 722 8
855.287 9.20379 0.0567353 15.0024 -0.0306303 0.179017 -0.00924955 0.392177 723 10
856.486 9.26891 0.0542849 15.0229 -0.0309374 0.256813 -0.00383891 0.392714 724 9
857.686 9.33115 0.0518099 15.0585 -0.0296718 0.445127 0.0158194 0.398893 725 6
858.889 9.39068 0.0494361 15.0804 -0.029798 0.273514 -0.00157764 0.39377 726 8
860.094 9.44743 0.0470523 15.0986 -0.0303719 0.227773 -0.00717284 0.399158 727 9
861.301 9.50131 0.0446225 15.121 -0.0308871 0.279713 -0.00644098 0.373803 728 9
862.509 9.55228 0.0421516 15.1534 -0.0308027 0.404859 0.0010554 0.413575 729 8
863.721 9.60038 0.0396874 15.1879 -0.0303892 0.432098 0.00516863 0.389056 730 7
864.935 9.64564 0.0372562 15.2096 -0.0308805 0.270176 -0.00614158 0.38659 731 9
866.151 9.68796 0.0347858 15.2603 -0.0295462 0.634706 0.0166788 0.333336 732 5
867.371 9.72753 0.0324221 15.2806 -0.0303047 0.253701 -0.00948031 0.37401 733 9
868.593 9.7642 0.0299977 15.3035 -0.0310477 0.285935 -0.00928808 0.368738 734 10
869.817 9.79788 0.0275139 15.3491 -0.0299114 0.569487 0.0142042 0.401803 735 6
871.044 9.82872 0.025121 15.3839 -0.0304571 0.435078 -0.00682159 0.419626 736 10
872.275 9.85664 0.0226844 15.4196 -0.0304018 0.446928 0.000691158 0.427558 737 10
873.508 9.88162 0.0202523 15.4594 -0.0285837 0.49777 0.0227259 0.478071 738 6
874.745 9.90383 0.0179656 15.4957 -0.0272091 0.4529 0.0171828 0.392733 739 6
875.984 9.92341 0.0157888 15.5339 -0.0271423 0.47766 0.000835303 0.376307 740 10
877.227 9.94033 0.0136174 15.571 -0.0263724 0.464106 0.00962333 0.318133 741 10
878.472 9.95466 0.0115077 15.6065 -0.0249958 0.443017 0.0172077 0.41678 742 10
879.721 9.96653 0.00950799 15.6432 -0.0239094 0.458634 0.0135805 0.324872 743 6
880.972 9.97604 0.00759524 15.6922 -0.0288405 0.613678 -0.061639 0.297056 744 0
882.228 9.98268 0.005288 15.7211 -0.0254634 0.360215 0.0422133 0.262249 745 10
883.485 9.98677 0.00325092 15.7493 -0.0309937 0.353193 -0.0691282 0.234512 746 0
884.745 9.98774 0.000771429 15.7745 -0.0276138 0.314987 0.0422488 0.239794 747 10
886.007 9.98592 -0.00143767 15.796 -0.0262442 0.268662 0.0171196 0.239315 748 8
887.271 9.98145 -0.00353721 15.8061 -0.0234924 0.125659 0.0343977 0.239768 749 10
888.535 9.9746 -0.0054166 15.7921 -0.0301498 -0.173962 -0.0832171 0.239722 750 0
889.799 9.96471 -0.00782858 15.7843 -0.0280119 -0.0986218 0.0267227 0.201747 751 9
891.061 9.952 -0.0100695 15.7706 -0.0269335 -0.170124 0.013481 0.270684 752 8
892.323 9.93658 -0.0122242 15.7566 -0.0327155 -0.175869 -0.0722755 0.381327 753 0
893.583 9.91787 -0.0148415 15.7428 -0.0378609 -0.172842 -0.0643175 0.264475 754 0
894.842 9.89536 -0.0178703 15.7157 -0.0425072 -0.338686 -0.0580791 0.269799 755 0
896.099 9.86862 -0.0212709 15.6902 -0.046658 -0.318635 -0.051885 0.257971 756 0
897.354 9.83724 -0.0250036 15.6662 -0.0503404 -0.299656 -0.04603 0.294781 757 0
898.607 9.80086 -0.0290308 15.6276 -0.0532678 -0.482321 -0.0365921 0.462625 758 1
899.857 9.75925 -0.0332922 15.6069 -0.0561138 -0.259066 -0.035575 0.302272 759 0
901.104 9.71209 -0.0377813 15.5864 -0.0585983 -0.255764 -0.0310556 0.300939 760 0
902.35 9.65915 -0.0424692 15.5675 -0.0607033 -0.237072 -0.0263125 0.281687 761 0
903.594 9.60023 -0.0473254 15.5212 -0.0561873 -0.578332 0.0564491 0.295932 762 8
904.834 9.53591 -0.0518204 15.5042 -0.0581482 -0.21286 -0.0245111 0.271276 763 0
906.072 9.46591 -0.0564723 15.4874 -0.0598086 -0.210094 -0.0207552 0.265282 764 0
907.309 9.39006 -0.061257 15.4707 -0.0611902 -0.208128 -0.0172703 0.265109 765 0
908.544 9.30824 -0.0661522 15.4263 -0.0557325 -0.55474 0.0682224 0.385579 766 8
909.775 9.22118 -0.0706108 15.3819 -0.0504961 -0.555348 0.0654544 0.261861 767 8
911.002 9.1294 -0.0746505 15.3672 -0.0521618 -0.184286 -0.0208213 0.371648 768 0
912.228 9.0326 -0.0788234 15.3523 -0.0535857 -0.185549 -0.0177982 0.391165 769 0
913.452 8.93064 -0.0831103 15.3043 -0.0478654 -0.599694 0.0715032 0.368611 770 8
914.671 8.82433 -0.0869395 15.2556 -0.0423843 -0.609231 0.0685143 0.262363 771 8
915.887 8.71424 -0.0903303 15.206 -0.037117 -0.619864 0.0658405 0.322282 772 8
917.098 8.6009 -0.0932996 15.19 -0.03944 -0.200558 -0.0290372 0.262999 773 0
918.308 8.48387 -0.0964548 15.137 -0.033984 -0.662041 0.0681999 0.37035 774 8
919.513 8.36397 -0.0991735 15.1192 -0.0365034 -0.222611 -0.0314921 0.262844 775 0
920.716 8.2407 -0.102094 15.1007 -0.0387811 -0.230634 -0.0284711 0.267395 776 0
921.917 8.11385 -0.105196 15.0815 -0.040822 -0.239909 -0.0255115 0.368207 777 0
923.117 7.98325 -0.108462 15.0619 -0.0426695 -0.245857 -0.0230938 0.340717 778 0
924.314 7.84872 -0.111876 15.0262 -0.0445597 -0.44601 -0.0236281 0.266109 779 1
925.508 7.71026 -0.11544 15.0063 -0.0459518 -0.249124 -0.0174005 0.380669 780 0
926.7 7.5676 -0.119117 14.975 -0.0482378 -0.39047 -0.0285748 0.27802 781 2
927.889 7.42065 -0.122976 14.9591 -0.0490355 -0.198507 -0.00997107 0.259266 782 0
929.076 7.26919 -0.126898 14.9429 -0.0496565 -0.202739 -0.00776318 0.277208 783 0
930.261 7.11319 -0.130871 14.9267 -0.0501477 -0.202572 -0.00613998 0.333214 784 0
931.445 6.95261 -0.134883 14.9106 -0.0504754 -0.201619 -0.00409605 0.330189 785 0
932.626 6.78743 -0.138921 14.8944 -0.0506425 -0.202215 -0.00208868 0.286351 786 0
933.805 6.61765 -0.142972 14.8821 -0.0505002 -0.153959 0.00177859 0.303465 787 0
934.983 6.44325 -0.147012 14.8624 -0.050513 -0.245643 -0.000159582 0.312152 788 1
936.159 6.26433 -0.151053 14.8508 -0.0501214 -0.145328 0.00489424 0.305923 789 0
937.332 6.08085 -0.155063 14.841 -0.0506902 -0.122178 -0.00711023 0.394347 790 2
938.505 5.89272 -0.159118 14.8325 -0.0508015 -0.107193 -0.0013913 0.33416 791 2
939.676 5.69995 -0.163182 14.8261 -0.050675 -0.0792742 0.00158148 0.348134 792 2
940.845 5.50252 -0.167236 14.8186 -0.0497762 -0.0940919 0.0112352 0.275885 793 1
942.013 5.30053 -0.171218 14.8117 -0.048352 -0.086534 0.0178023 0.277274 794 0
943.18 5.09412 -0.175087 14.8072 -0.0476874 -0.0556946 0.00830763 0.302661 795 2
944.346 4.88333 -0.178902 14.8074 -0.0479368 0.00160933 -0.0031176 0.285384 796 3
945.511 4.66806 -0.182736 14.8041 -0.0467538 -0.0410199 0.0147882 0.344641 797 2
946.674 4.44849 -0.186477 14.7985 -0.0455905 -0.069499 0.0145406 0.427554 798 2
947.837 4.22476 -0.190124 14.7933 -0.0442316 -0.0655293 0.0169864 0.333808 799 2
948.998 3.997 -0.193663 14.7919 -0.0425706 -0.0171185 0.020763 0.40323 800 2
950.159 3.7653 -0.197068 14.7865 -0.0401507 -0.067234 0.0302479 0.389523 801 0
951.318 3.52997 -0.20028 14.782 -0.037712 -0.0561237 0.0304849 0.412848 802 0
952.476 3.29121 -0.203297 14.7794 -0.035129 -0.0323772 0.032287 0.466368 803 0
953.634 3.04924 -0.206108 14.7766 -0.0325221 -0.0352263 0.0325859 0.428382 804 0
954.79 2.8043 -0.208709 14.7735 -0.0298907 -0.0394106 0.0328933 0.39526 805 0
955.946 2.55666 -0.211101 14.7702 -0.0272389 -0.0402927 0.0331464 0.349131 806 0
957.101 2.30655 -0.21328 14.7791 -0.0254143 0.111067 0.0228075 0.439202 807 3
958.256 2.05394 -0.215313 14.7751 -0.0226421 -0.0505567 0.0346537 0.390644 808 0
959.41 1.79931 -0.217124 14.7825 -0.0206014 0.0920296 0.0255076 0.31348 809 3
960.564 1.54265 -0.218772 14.7885 -0.0184088 0.0754118 0.0274078 0.468092 810 3
961.719 1.28418 -0.220245 14.8037 -0.0162458 0.190783 0.027038 0.337887 811 4
962.874 1.02395 -0.221545 14.8087 -0.0136113 0.0623703 0.0329315 0.35628 812 3
964.03 0.762369 -0.222634 14.8129 -0.0108857 0.0516176 0.034069 0.294005 813 3
965.185 0.49971 -0.223504 14.8163 -0.0080843 0.0427246 0.0350179 0.354551 814 3
966.341 0.236242 -0.224151 14.8129 -0.00528444 -0.0420094 0.0349982 0.28058 815 1
967.496 -0.0276545 -0.224574 14.8098 -0.00251856 -0.0390887 0.0345735 0.279152 816 1
968.651 -0.291728 -0.224775 14.8069 0.000207635 -0.0359654 0.0340775 0.274317 817 1
969.806 -0.555731 -0.224759 14.8168 0.00325211 0.123751 0.0380559 0.27238 818 4
970.961 -0.81961 -0.224499 14.8142 0.00585346 -0.0326753 0.0325168 0.267394 819 1
972.117 -1.0829 -0.22403 14.8131 0.00890117 -0.0132322 0.0380964 0.270863 820 3
973.273 -1.34535 -0.223318 14.812 0.0119253 -0.0148773 0.0378015 0.26768 821 3
974.428 -1.60668 -0.222364 14.8108 0.0149121 -0.0150204 0.0373349 0.267636 822 3
975.584 -1.8666 -0.221171 14.8232 0.0182896 0.156093 0.0422193 0.267544 823 5
976.742 -2.12505 -0.219708 14.821 0.0203935 -0.028348 0.026299 0.26767 824 1
977.899 -2.38158 -0.218077 14.8189 0.0224487 -0.0257611 0.0256898 0.269509 825 1
979.057 -2.63599 -0.216281 14.8162 0.0253584 -0.033474 0.0363715 0.268974 826 3
980.215 -2.888 -0.214252 14.8147 0.0272241 -0.0188231 0.0233212 0.270104 827 1
981.374 -3.13747 -0.212074 14.8134 0.029039 -0.0163794 0.0226857 0.268497 828 1
982.533 -3.38422 -0.209751 14.8124 0.0307995 -0.0130415 0.0220068 0.267731 829 1
983.693 -3.6281 -0.207287 14.811 0.034155 -0.0174642 0.0419436 0.269068 830 4
984.853 -3.86878 -0.204555 14.8121 0.037864 0.014019 0.0463617 0.26597 831 5
986.014 -4.10597 -0.201526 14.8099 0.0403516 -0.0270724 0.0310954 0.265565 832 3
987.175 -4.33938 -0.198297 14.809 0.0414366 -0.011754 0.0135623 0.26175 833 1
988.338 -4.56891 -0.194982 14.8103 0.0455597 0.0159025 0.0515393 0.268477 834 6
989.501 -4.79423 -0.191338 14.8104 0.0463115 0.00116825 0.00939742 0.267824 835 1
990.665 -5.01524 -0.187633 14.8099 0.0497026 -0.00619888 0.0423886 0.266161 836 5
991.83 -5.23162 -0.183657 14.8091 0.0515973 -0.0089407 0.0236836 0.224898 837 3
992.995 -5.44317 -0.179529 14.8097 0.052657 0.00671148 0.0132457 0.232313 838 2
994.162 -5.64982 -0.175316 14.8091 0.0557639 -0.00762939 0.0388363 0.27029 839 5
995.33 -5.85125 -0.170855 14.8115 0.0557579 0.0306726 -7.51112e-05 0.268888 840 1
996.498 -6.04751 -0.166394 14.8134 0.0564912 0.0239372 0.00916612 0.267274 841 2
997.668 -6.2385 -0.161875 14.8158 0.0571523 0.0288367 0.00826377 0.268632 842 2
998.838 -6.42418 -0.157303 14.8191 0.0569773 0.0422359 -0.00218637 0.267477 843 1
1000.01 -6.60456 -0.152745 14.8191 0.0598299 0.000190735 0.0356571 0.266915 844 5
