1.12 2 0 14.0386 -0.00238043 0.482261 -0.0297554 0.104995 1
2.24309 1.99979 -0.000190435 14.075 -0.00455985 0.455403 -0.0272427 0.116726 2
3.36909 1.99916 -0.000555222 14.1111 -0.00655178 0.451696 -0.0248992 0.113704 3
4.49798 1.99794 -0.00107936 14.1452 -0.0083632 0.425911 -0.0226427 0.117503 4
5.62959 1.99596 -0.00174842 14.1787 -0.010009 0.418258 -0.020572 0.107671 5
6.76389 1.99307 -0.00254914 14.2099 -0.0114875 0.389612 -0.0184824 0.109767 6
7.90067 1.98913 -0.00346814 14.2386 -0.0128196 0.359142 -0.0166511 0.114989 7
9.03974 1.98401 -0.00449371 14.2684 -0.0139621 0.372827 -0.0142813 0.105629 8
10.1812 1.97761 -0.00561068 14.2944 -0.0149327 0.324976 -0.0121322 0.1104 9
11.3247 1.96982 -0.0068053 14.3223 -0.0157446 0.348377 -0.0101482 0.103264 10
12.4705 1.96058 -0.00806487 14.3482 -0.0164097 0.32444 -0.00831373 0.102572 11
13.6183 1.94982 -0.00937764 14.3714 -0.0169357 0.289881 -0.00657605 0.103776 12
14.7679 1.93748 -0.0107325 14.3954 -0.0173429 0.299561 -0.005089 0.104288 13
15.9195 1.92352 -0.0121199 14.4184 -0.0186241 0.287688 -0.016015 0.107551 14
17.0728 1.90783 -0.0136099 14.4418 -0.0197255 0.291955 -0.0137683 0.111056 15
18.228 1.89028 -0.0151879 14.4648 -0.020645 0.287557 -0.0114934 0.108087 16
19.3851 1.87079 -0.0168395 14.4864 -0.0225083 0.26989 -0.0232906 0.113067 17
20.5438 1.84919 -0.0186402 14.507 -0.024115 0.258243 -0.0200847 0.108224 18
21.7041 1.82532 -0.0205694 14.5263 -0.0254829 0.240719 -0.0170979 0.118828 19
22.8659 1.79905 -0.022608 14.5437 -0.0266244 0.217736 -0.0142695 0.10747 20
24.029 1.77027 -0.0247379 14.564 -0.0275621 0.253534 -0.0117212 0.106543 21
25.1937 1.73888 -0.0269429 14.5818 -0.0282909 0.223386 -0.0091101 0.112644 22
26.3598 1.70482 -0.0292062 14.6 -0.0288431 0.226748 -0.00690157 0.105542 23
27.5272 1.66802 -0.0315136 14.6174 -0.0292106 0.217271 -0.00459484 0.104822 24
28.6959 1.62844 -0.0338505 14.6329 -0.029396 0.194085 -0.00231743 0.105554 25
29.8658 1.58607 -0.0362022 14.646 -0.0293924 0.164008 4.50294e-05 0.107023 26
31.0366 1.54091 -0.0385536 14.6598 -0.029226 0.172782 0.00208025 0.105724 27
32.2084 1.49296 -0.0408916 14.6747 -0.0289121 0.185335 0.00392431 0.106592 28
33.3813 1.44226 -0.0432046 14.6887 -0.0284758 0.17575 0.00545389 0.103095 29
34.5551 1.38883 -0.0454827 14.7032 -0.0279365 0.181115 0.00674047 0.107398 30
35.7301 1.33272 -0.0477176 14.7164 -0.0273005 0.164497 0.00795028 0.106886 31
36.9059 1.274 -0.0499016 14.7296 -0.0265792 0.165939 0.00901669 0.128698 32
38.0827 1.21272 -0.052028 14.7423 -0.0257892 0.157905 0.00987491 0.139313 33
