1.12 10 0 14.0434 -0.0040014 0.542021 -0.0500175 0.061773 1 4
2.24347 9.99964 -0.000320112 14.0852 -0.0115913 0.522506 -0.0948735 0.072332 2 2
3.37028 9.99823 -0.00124741 14.1255 -0.0143547 0.503612 -0.0345434 0.063648 3 4
4.50031 9.99553 -0.00239579 14.1645 -0.016776 0.488126 -0.0302662 0.062487 4 4
5.63347 9.99129 -0.00373788 14.2018 -0.0175292 0.465953 -0.00941446 0.062248 5 5
6.76959 9.98545 -0.00514021 14.2363 -0.0181154 0.431561 -0.00732758 0.060897 6 5
7.90847 9.97795 -0.00658945 14.2695 -0.0199166 0.414503 -0.0225146 0.060293 7 4
9.04999 9.96861 -0.00818277 14.3014 -0.0200838 0.399172 -0.00209045 0.061664 8 5
10.194 9.95741 -0.00978948 14.3318 -0.0228217 0.380039 -0.0342239 0.061545 9 3
11.3405 9.94409 -0.0116152 14.3607 -0.0251558 0.36099 -0.0291764 0.071339 10 3
12.4893 9.92843 -0.0136277 14.3883 -0.0244484 0.345242 0.00884356 0.061368 11 5
13.6402 9.9105 -0.0155836 14.4147 -0.0250372 0.330293 -0.00736034 0.060216 12 4
14.7932 9.89022 -0.0175865 14.4395 -0.025431 0.309908 -0.00492334 0.061599 13 4
15.9481 9.86755 -0.019621 14.4635 -0.025655 0.299799 -0.00279907 0.059875 14 4
17.1049 9.84248 -0.0216734 14.4879 -0.0257311 0.30458 -0.000951625 0.060909 15 4
18.2636 9.81497 -0.0237319 14.5112 -0.0243055 0.291085 0.0178205 0.059077 16 5
19.4241 9.78517 -0.0256763 14.5329 -0.0228812 0.272179 0.017803 0.059737 17 5
20.5863 9.75319 -0.0275068 14.5533 -0.0228239 0.254536 0.000717072 0.061692 18 4
21.7501 9.71905 -0.0293327 14.5735 -0.0240044 0.2527 -0.0147566 0.06133 19 3
22.9154 9.68262 -0.0312531 14.591 -0.0235708 0.21863 0.00541974 0.060831 20 4
24.0821 9.64394 -0.0331388 14.6096 -0.0230525 0.232148 0.00647947 0.061608 21 4
25.2501 9.60306 -0.0349829 14.6266 -0.0224328 0.213313 0.00774618 0.061145 22 4
26.4194 9.56004 -0.0367776 14.6447 -0.0257708 0.226462 -0.0417251 0.062035 23 2
27.5901 9.51455 -0.0388392 14.6597 -0.0245963 0.187409 0.0146806 0.059558 24 4
28.7619 9.4667 -0.0408069 14.6744 -0.0220545 0.18332 0.0317729 0.060436 25 5
29.9348 9.41674 -0.0425713 14.6873 -0.0196387 0.160575 0.0301974 0.059616 26 5
31.1087 9.36489 -0.0441424 14.7007 -0.0186754 0.168502 0.012041 0.059631 27 4
32.2835 9.31124 -0.0456364 14.7141 -0.0163508 0.167453 0.029058 0.063822 28 5
33.4593 9.256 -0.0469445 14.726 -0.0154873 0.148928 0.0107935 0.062038 29 4
34.636 9.19926 -0.0481835 14.7386 -0.0132665 0.156558 0.0277603 0.060447 30 5
35.8137 9.14122 -0.0492448 14.7497 -0.0111684 0.139415 0.0262258 0.060889 31 5
36.9922 9.08208 -0.0501383 14.7613 -0.010528 0.145292 0.00800486 0.06273 32 4
38.1716 9.0219 -0.0509805 14.7711 -0.00986398 0.121737 0.00830061 0.061494 33 4
39.3517 8.96075 -0.0517696 14.7834 -0.0105443 0.154257 -0.00850352 0.060391 34 3
40.5327 8.89856 -0.0526132 14.7928 -0.00970047 0.117028 0.0105474 0.061381 35 4
41.7145 8.83541 -0.0533892 14.8042 -0.0102092 0.143039 -0.00635943 0.063413 36 3
42.897 8.77124 -0.0542059 14.813 -0.0105565 0.109005 -0.00434101 0.061549 37 3
44.0803 8.70603 -0.0550505 14.8233 -0.010787 0.129402 -0.00288128 0.060411 38 3
45.2643 8.63976 -0.0559134 14.831 -0.00821435 0.0957966 0.0321582 0.063094 39 5
46.4489 8.57268 -0.0565706 14.8369 -0.00581172 0.0741243 0.0300329 0.061019 40 5
47.6339 8.50502 -0.0570355 14.8436 -0.00626636 0.0840187 -0.00568299 0.061119 41 3
48.8194 8.43673 -0.0575368 14.8505 -0.00658488 0.0857234 -0.00398153 0.060755 42 3
50.0055 8.36779 -0.0580636 14.8586 -0.00681064 0.101042 -0.00282196 0.06106 43 3
51.1921 8.29816 -0.0586085 14.8647 -0.0042514 0.0772119 0.0319905 0.061131 44 5
52.3792 8.2281 -0.0589486 14.8707 -0.0032269 0.074172 0.0128062 0.061948 45 4
53.5668 8.15771 -0.0592067 14.8783 -0.0035861 0.0950575 -0.00449003 0.060306 46 3
54.7549 8.08694 -0.0594936 14.8812 -0.00114998 0.0365257 0.0304515 0.057757 47 5
55.9433 8.01604 -0.0595856 14.8868 0.00109582 0.069654 0.0280724 0.06333 48 5
57.1322 7.94522 -0.0594979 14.8925 0.00313914 0.0712395 0.0255416 0.060336 49 5
58.3215 7.87468 -0.0592468 14.8981 0.0036655 0.0699878 0.00657941 0.0604 50 4
59.5112 7.80446 -0.0589536 14.9028 0.00418292 0.0595093 0.00646782 0.062281 51 4
60.7014 7.73461 -0.0586189 14.908 0.00466529 0.0651836 0.00602962 0.061237 52 4
61.892 7.66518 -0.0582457 14.9105 0.00513898 0.0312567 0.00592113 0.061497 53 4
63.0829 7.59623 -0.0578346 14.9151 0.00557526 0.0571489 0.00545345 0.059941 54 4
64.2741 7.52779 -0.0573886 14.9194 0.00297522 0.0530243 -0.0325005 0.060665 55 2
65.4657 7.45962 -0.0571506 14.9195 0.00234995 0.00133514 -0.00781586 0.059648 56 3
66.6574 7.39167 -0.0569626 14.9236 0.00313936 0.0520229 0.00986755 0.062613 57 4
67.8493 7.324 -0.0567114 14.9281 -0.000124662 0.056231 -0.0408002 0.061772 58 2
69.0417 7.25629 -0.0567214 14.9319 -0.000331713 0.0478148 -0.00258814 0.061812 59 3
70.2343 7.18854 -0.0567479 14.9335 0.00222371 0.0192404 0.0319428 0.060653 60 5
71.4271 7.12099 -0.05657 14.9373 0.00184912 0.0477791 -0.0046824 0.061085 61 3
72.6201 7.05361 -0.0564221 14.9392 0.00155823 0.0232935 -0.00363616 0.06241 62 3
73.8134 6.98636 -0.0562974 14.9417 0.0026668 0.0309944 0.0138571 0.061286 63 4
75.0068 6.91936 -0.0560841 14.9443 0.00369756 0.0328064 0.0128845 0.063512 64 4
76.2005 6.85269 -0.0557883 14.9468 0.00464847 0.0317574 0.0118865 0.064161 65 4
77.3944 6.78646 -0.0554164 14.949 0.0068677 0.0276327 0.0277403 0.061862 66 5
78.5885 6.72088 -0.054867 14.9496 0.00889311 0.00714064 0.0253177 0.06079 67 5
79.7828 6.65614 -0.0541555 14.9492 0.00662678 -0.004673 -0.0283292 0.061736 68 1
80.977 6.59204 -0.0536254 14.9509 0.00732987 0.0204444 0.00878864 0.061708 69 4
82.1714 6.52863 -0.053039 14.9542 0.00663651 0.0413179 -0.00866701 0.06267 70 3
83.3661 6.46584 -0.0525081 14.9533 0.00872643 -0.01055 0.0261241 0.061948 71 5
84.5607 6.40389 -0.05181 14.9556 0.00925071 0.0283837 0.00655351 0.063599 72 4
85.7556 6.34282 -0.0510699 14.9565 0.00838763 0.011003 -0.0107886 0.060753 73 3
86.9506 6.28254 -0.0503989 14.9595 0.0102714 0.0377178 0.0235477 0.060661 74 5
88.1459 6.22323 -0.0495772 14.9625 0.00929447 0.0371337 -0.0122122 0.061463 75 3
89.3415 6.1648 -0.0488336 14.9616 0.008413 -0.0111341 -0.0110183 0.06052 76 3
90.537 6.10718 -0.0481606 14.9606 0.0103082 -0.0115871 0.0236904 0.061003 77 5
91.7325 6.05055 -0.0473359 14.9601 0.00931775 -0.00708103 -0.012381 0.063234 78 3
92.928 5.99481 -0.0465905 14.9605 0.011092 0.00550747 0.0221783 0.062335 79 5
94.1236 5.94013 -0.0457032 14.961 0.00999422 0.00647306 -0.0137224 0.060878 80 3
95.3193 5.8864 -0.0449036 14.9591 0.0103454 -0.0245452 0.00438917 0.062499 81 4
96.5148 5.83367 -0.044076 14.9582 0.00662383 -0.0103235 -0.046519 0.062062 82 2
97.7104 5.78158 -0.0435461 14.9587 0.00595665 0.00530481 -0.00833981 0.063943 83 3
98.906 5.73005 -0.0430696 14.9624 0.0053425 0.0470161 -0.00767688 0.061407 84 3
100.102 5.67902 -0.0426422 14.9625 0.00482087 0.00133514 -0.00652034 0.061643 85 3
101.298 5.62846 -0.0422565 14.9631 0.00436537 0.00718832 -0.00569379 0.060061 86 3
102.494 5.57831 -0.0419073 14.9643 0.00532138 0.0149012 0.0119502 0.063734 87 4
103.69 5.52866 -0.0414816 14.9654 0.00352655 0.0141144 -0.0224354 0.061488 88 2
104.886 5.47935 -0.0411994 14.9674 0.00457846 0.0248313 0.0131489 0.060589 89 4
106.083 5.43047 -0.0408331 14.9664 0.00554208 -0.0126719 0.0120452 0.066534 90 4
107.279 5.38213 -0.0403898 14.9683 0.00505851 0.0240207 -0.00604455 0.060807 91 3
108.475 5.33426 -0.0399851 14.9696 0.0046377 0.016129 -0.00526012 0.058914 92 3
109.672 5.28683 -0.0396141 14.9699 0.00427082 0.00402927 -0.00458607 0.061456 93 3
110.869 5.23981 -0.0392724 14.9719 0.0039491 0.0239849 -0.00402146 0.060478 94 3
112.066 5.19316 -0.0389565 14.9711 0.00368536 -0.00920296 -0.00329681 0.061921 95 3
113.262 5.14687 -0.0386617 14.9717 -0.00186716 0.00667572 -0.0694064 0.062483 96 0
114.459 5.10039 -0.038811 14.9725 -0.00683842 0.0105977 -0.0621408 0.064116 97 0
115.656 5.05326 -0.0393581 14.9728 -0.0112528 0.00406504 -0.0551799 0.063586 98 0
116.853 5.00505 -0.0402583 14.9738 -0.00978928 0.011909 0.0182941 0.061205 99 3
118.05 4.9559 -0.0410415 14.976 -0.0137468 0.0273705 -0.0494694 0.060037 100 0
119.247 4.90543 -0.0421412 14.9747 -0.0118462 -0.0162125 0.0237581 0.06161 101 3
120.444 4.85383 -0.0430889 14.9758 -0.0100679 0.0140786 0.0222288 0.06167 102 3
121.641 4.80125 -0.0438944 14.9758 -0.0137351 -0.000572205 -0.0458403 0.061687 103 0
122.837 4.74737 -0.0449932 14.9778 -0.0115837 0.0257969 0.0268921 0.06088 104 3
124.034 4.69237 -0.0459199 14.9773 -0.00955075 -0.00683069 0.0254125 0.062173 105 3
125.231 4.63645 -0.0466839 14.9803 -0.00765936 0.0377536 0.0236424 0.061012 106 3
126.428 4.57979 -0.0472967 14.9845 -0.0112146 0.0525475 -0.04444 0.062234 107 0
127.626 4.52204 -0.0481938 14.9865 -0.0143243 0.0252843 -0.0388718 0.060897 108 0
128.823 4.46291 -0.0493398 14.9925 -0.0170395 0.0742316 -0.0339398 0.061412 109 0
130.021 4.40212 -0.0507029 14.9929 -0.0193203 0.00492334 -0.0285106 0.061183 110 0
131.219 4.33948 -0.0522486 14.9976 -0.0212579 0.0592828 -0.0242198 0.061348 111 0
132.417 4.27478 -0.0539492 15.0027 -0.0228693 0.0632048 -0.0201426 0.062931 112 0
133.615 4.20787 -0.0557787 15.0015 -0.0241583 -0.0149727 -0.0161124 0.063955 113 0
134.813 4.13865 -0.0577114 15.0055 -0.0251287 0.0511408 -0.0121301 0.063041 114 0
136.012 4.067 -0.0597217 15.0081 -0.025899 0.0314951 -0.00962813 0.064827 115 0
137.21 3.99286 -0.0617936 15.0074 -0.0263899 -0.00852346 -0.00613683 0.062826 116 0
138.408 3.91618 -0.0639048 15.0087 -0.0266359 0.0166416 -0.00307462 0.063561 117 0
139.606 3.83695 -0.0660357 15.0097 -0.0212402 0.0118852 0.0674464 0.063098 118 4
140.804 3.75568 -0.0677349 15.0113 -0.0163701 0.0207782 0.0608763 0.061742 119 3
142.002 3.67283 -0.0690445 15.0091 -0.0118466 -0.0275016 0.0565432 0.062479 120 3
143.2 3.58886 -0.0699922 15.0091 -0.00765764 7.15256e-05 0.0523621 0.063888 121 3
144.398 3.50415 -0.0706049 15.0076 -0.00335668 -0.0196815 0.053762 0.059132 122 4
145.595 3.41913 -0.0708734 15.0076 0.000722309 0 0.0509874 0.06175 123 4
146.793 3.33418 -0.0708156 15.0091 0.00453207 0.0191331 0.047622 0.06083 124 4
147.991 3.24966 -0.070453 15.0098 0.00731616 0.00870228 0.0348012 0.060352 125 3
149.189 3.16583 -0.0698677 15.0074 0.0108509 -0.0303507 0.0441842 0.05903 126 4
150.386 3.08305 -0.0689997 15.0069 0.014133 -0.00578165 0.0410265 0.060947 127 4
151.584 3.00164 -0.067869 15.0062 0.0171514 -0.00869036 0.0377302 0.061043 128 4
152.782 2.92187 -0.0664969 15.0045 0.0199059 -0.0207901 0.0344308 0.059127 129 4
153.98 2.84401 -0.0649044 15.0056 0.0210869 0.0130892 0.014763 0.060138 130 3
155.178 2.76817 -0.0632175 15.0019 0.0222031 -0.0459194 0.0139517 0.061124 131 3
156.376 2.69448 -0.0614412 15.0016 0.0243869 -0.00340939 0.0272976 0.06115 132 4
157.574 2.62313 -0.0594903 15.0019 0.0262912 0.0038743 0.0238038 0.063357 133 4
158.772 2.55429 -0.057387 14.9984 0.0279465 -0.0445366 0.0206918 0.060343 134 4
159.97 2.48815 -0.0551513 14.9963 0.0293463 -0.0257969 0.0174973 0.061872 135 4
161.168 2.42483 -0.0528036 14.9954 0.0307886 -0.0110745 0.0180284 0.062476 136 5
162.366 2.36447 -0.0503405 14.996 0.0316953 0.00716448 0.0113333 0.062511 137 4
163.564 2.30714 -0.0478049 14.9985 0.0331427 0.0307679 0.0180931 0.060233 138 3
164.763 2.25298 -0.0451535 14.9989 0.0344184 0.00580549 0.0159462 0.06095 139 3
165.962 2.20212 -0.0424 14.9442 0.023275 -0.68388 -0.139292 0.060519 140 0
167.156 2.15366 -0.040538 14.8904 0.0127581 -0.672901 -0.131462 0.061857 141 0
168.347 2.1066 -0.0395173 14.832 0.00301335 -0.730288 -0.121809 0.060361 142 0
169.532 2.06001 -0.0392763 14.8638 0.0101363 0.39798 0.0890369 0.059744 143 2
170.721 2.01428 -0.0384654 14.8892 0.0152693 0.316787 0.064163 0.059457 144 2
171.911 1.96993 -0.0372438 14.909 0.0180034 0.247526 0.0341759 0.05871 145 2
173.103 1.92724 -0.0358035 14.9135 0.0181755 0.0574231 0.00215068 0.058299 146 3
174.295 1.88626 -0.0343495 14.9211 0.0178336 0.0938535 -0.00427384 0.056923 147 2
175.488 1.84697 -0.0329228 14.9273 0.0172327 0.0786662 -0.00751105 0.059936 148 3
176.682 1.80931 -0.0315442 14.9325 0.0165769 0.0638962 -0.00819713 0.058805 149 2
177.876 1.77321 -0.0302181 14.9368 0.0159261 0.0538349 -0.00813473 0.058413 150 3
179.07 1.73863 -0.028944 14.9489 0.0140105 0.151777 -0.0239448 0.058411 151 4
180.266 1.70536 -0.0278231 14.9526 0.0129133 0.0462532 -0.0137159 0.058773 152 2
181.462 1.67332 -0.0267901 14.9501 0.0112894 -0.031662 -0.0202987 0.058508 153 2
182.657 1.64236 -0.0258869 14.9511 0.0117919 0.0132442 0.00628181 0.06074 154 3
183.853 1.61253 -0.0249436 14.9573 0.0122074 0.0769258 0.0051934 0.058351 155 3
185.049 1.58385 -0.023967 14.9682 0.0132928 0.135899 0.0135683 0.058652 156 2
186.246 1.55643 -0.0229035 14.9682 0.0135028 0.00089407 0.00262496 0.05962 157 3
187.443 1.5303 -0.0218233 14.9819 0.0162261 0.171208 0.0340411 0.059468 158 2
188.642 1.5057 -0.0205252 14.9822 0.016087 0.0038147 -0.00173964 0.058903 159 3
189.84 1.48264 -0.0192383 14.9838 0.0158599 0.0190616 -0.00283769 0.059486 160 3
191.039 1.46111 -0.0179695 14.9891 0.015494 0.0663877 -0.0045746 0.056666 161 3
192.238 1.44105 -0.0167299 14.9905 0.0152663 0.0175834 -0.00284582 0.058091 162 3
193.437 1.42245 -0.0155086 15.0056 0.0168362 0.189447 0.019624 0.057955 163 2
194.637 1.40545 -0.0141617 15.0086 0.0163556 0.0367641 -0.00600831 0.058917 164 3
195.838 1.39002 -0.0128533 15.0111 0.01586 0.0320792 -0.00619451 0.058516 165 3
197.038 1.3761 -0.0115845 15.009 0.0166934 -0.0262618 0.0104176 0.059569 166 4
198.239 1.3638 -0.010249 15.0257 0.0178804 0.2087 0.0148379 0.060145 167 2
199.441 1.3532 -0.00881859 15.0204 0.018365 -0.0661731 0.00605653 0.057655 168 4
200.643 1.34437 -0.00734939 15.0177 0.0187156 -0.0341535 0.00438332 0.057315 169 4
201.844 1.33734 -0.00585214 15.0221 0.0189624 0.0542641 0.00308424 0.059063 170 4
203.046 1.33213 -0.00433515 15.0252 0.0190964 0.0388145 0.00167587 0.057107 171 4
204.248 1.32875 -0.00280744 15.0211 0.0191136 -0.0507116 0.0002146 0.058445 172 4
205.45 1.32721 -0.00127835 15.0193 0.0190572 -0.0224829 -0.000704452 0.056818 173 4
206.651 1.32751 0.00024623 15.0219 0.0175767 0.0330925 -0.0185067 0.059762 174 3
207.853 1.3295 0.00165237 15.0217 0.0174965 -0.00288486 -0.0010032 0.057448 175 4
209.055 1.33316 0.00305208 15.0178 0.0160012 -0.048697 -0.0186903 0.058735 176 3
210.256 1.33837 0.00433218 15.0178 0.0159123 -5.96046e-05 -0.00111163 0.060091 177 4
211.457 1.3451 0.00560517 15.0144 0.0144187 -0.0422955 -0.0186704 0.059679 178 3
212.659 1.35322 0.00675866 15.0165 0.0108344 0.0258565 -0.0448037 0.058153 179 2
213.86 1.36238 0.00762541 15.0169 0.00747292 0.00510216 -0.0420183 0.058036 180 2
215.061 1.37226 0.00822324 15.024 0.00434862 0.0890255 -0.0390537 0.05798 181 2
216.263 1.38256 0.00857113 15.0228 0.00382474 -0.0151157 -0.00654849 0.056922 182 3
217.465 1.39323 0.00887711 15.0241 0.00467954 0.0163436 0.010685 0.059053 183 4
218.667 1.40435 0.00925148 15.0233 0.00152891 -0.00981092 -0.0393829 0.056372 184 2
219.868 1.41562 0.00937379 15.0277 -0.00250104 0.0543475 -0.0503743 0.056533 185 1
221.071 1.42665 0.00917371 15.0308 -0.00501967 0.0384092 -0.0314829 0.056493 186 2
222.273 1.43719 0.00877213 15.0289 -0.00728459 -0.0234604 -0.0283115 0.056452 187 2
223.475 1.44704 0.00818937 15.0316 -0.00931368 0.0342727 -0.0253637 0.056502 188 2
224.678 1.45599 0.00744427 15.0298 -0.0111262 -0.0226974 -0.022657 0.059044 189 2
225.88 1.46387 0.00655417 15.0301 -0.00735406 0.0041604 0.0471522 0.057431 190 5
227.083 1.47104 0.00596585 15.0313 -0.00660206 0.0140071 0.0094001 0.057367 191 3
228.285 1.47758 0.00543768 15.0324 -0.00857144 0.0145912 -0.0246172 0.058809 192 2
229.488 1.4833 0.00475197 15.0369 -0.0103125 0.0558972 -0.0217627 0.057936 193 2
230.691 1.48802 0.00392697 15.0354 -0.00781568 -0.0185251 0.0312097 0.058884 194 4
231.893 1.49199 0.00330172 15.0352 -0.00956123 -0.00327826 -0.0218194 0.056785 195 2
233.096 1.49505 0.00253682 15.036 -0.00573445 0.0107765 0.0478348 0.056986 196 5
234.299 1.49754 0.00207806 15.0387 -0.00761904 0.0338197 -0.0235574 0.057078 197 2
235.502 1.49931 0.00146854 15.0372 -0.00928215 -0.0192404 -0.0207888 0.058149 198 2
236.705 1.50018 0.000725968 15.0364 -0.00805063 -0.00991821 0.015394 0.058884 199 3
237.908 1.50028 8.19178e-05 15.0323 -0.00958142 -0.0508785 -0.019135 0.056759 200 2
239.111 1.49946 -0.000684596 15.0331 -0.0109199 0.00911951 -0.0167315 0.057916 201 2
240.313 1.49759 -0.00155819 15.0344 -0.0120728 0.0162125 -0.0144103 0.057099 202 2
241.516 1.49455 -0.00252401 15.0323 -0.0130445 -0.0253081 -0.0121472 0.056821 203 2
242.719 1.49026 -0.00356758 15.0274 -0.0138508 -0.0612497 -0.0100782 0.057384 204 2
243.921 1.48464 -0.00467564 15.0292 -0.0145319 0.021553 -0.00851325 0.059072 205 2
245.123 1.47762 -0.00583819 15.0312 -0.0164082 0.0255585 -0.0234548 0.05787 206 1
246.326 1.46902 -0.00715085 15.0349 -0.0139881 0.0457764 0.0302517 0.056637 207 3
247.528 1.45907 -0.0082699 15.0317 -0.0103964 -0.0395179 0.0448969 0.056585 208 4
248.731 1.44813 -0.00910161 15.0283 -0.0111283 -0.0419259 -0.00914978 0.058948 209 2
249.933 1.43612 -0.00999187 15.0352 -0.0117517 0.0851393 -0.00779179 0.055692 210 2
251.136 1.42297 -0.010932 15.0327 -0.00954093 -0.0307322 0.0276344 0.05516 211 3
252.338 1.4089 -0.0116953 15.0374 -0.0115227 0.0589848 -0.0247718 0.057006 212 1
253.541 1.39373 -0.0126171 15.0334 -0.00921284 -0.0497818 0.0288729 0.06202 213 3
254.744 1.37766 -0.0133541 15.0323 -0.00575409 -0.0145674 0.0432344 0.060273 214 4
255.946 1.36105 -0.0138145 15.0336 -0.00662153 0.0162482 -0.0108429 0.059553 215 2
257.149 1.3438 -0.0143442 15.0369 -0.00334676 0.0421047 0.0409345 0.057671 216 4
258.352 1.32622 -0.0146119 15.0372 -0.0043737 0.00386238 -0.0128367 0.057727 217 2
259.555 1.30823 -0.0149618 15.0412 6.50822e-05 0.049603 0.0554848 0.058756 218 5
260.758 1.29023 -0.0149566 15.0447 0.00408006 0.0433445 0.0501872 0.057623 219 5
261.961 1.27262 -0.0146302 15.0441 0.00500653 -0.00679493 0.0115809 0.057385 220 3
263.165 1.2555 -0.0142297 15.0437 0.00314884 -0.00576973 -0.0232211 0.057047 221 2
264.368 1.23868 -0.0139778 15.0464 0.000124653 0.0342846 -0.0378024 0.058769 222 1
265.571 1.22186 -0.0139678 15.0481 -0.00123819 0.0210762 -0.0170355 0.05788 223 2
266.775 1.20493 -0.0140669 15.0501 -0.00512574 0.0250459 -0.0485945 0.061176 224 0
267.979 1.1875 -0.0144769 15.0405 -0.00972124 -0.120294 -0.0574437 0.061607 225 0
269.182 1.16914 -0.0152546 14.9966 -0.017299 -0.548053 -0.0947225 0.058126 226 0
270.382 1.14918 -0.0166385 14.9453 -0.0272141 -0.64218 -0.123938 0.060966 227 1
271.577 1.12669 -0.0188157 14.8703 -0.0153872 -0.936711 0.147835 0.060884 228 5
272.767 1.10284 -0.0200466 14.7906 -0.0266593 -0.997019 -0.140901 0.058352 229 0
273.95 1.0766 -0.0221794 14.7435 -0.0349262 -0.588655 -0.103337 0.060598 230 1
275.129 1.04715 -0.0249735 14.7197 -0.0382052 -0.296879 -0.0409877 0.060536 231 0
276.306 1.01415 -0.0280299 14.7279 -0.0379086 0.102317 0.00370834 0.059253 232 0
277.483 0.977552 -0.0310626 14.7283 -0.0386637 0.00530481 -0.00943877 0.060045 233 0
278.661 0.937315 -0.0341557 14.7208 -0.0394329 -0.0936866 -0.00961539 0.076911 234 0
279.838 0.893387 -0.0373103 14.6943 -0.0418878 -0.332129 -0.0306866 0.059411 235 2
281.012 0.845601 -0.0406613 14.6821 -0.042904 -0.151622 -0.0127024 0.059382 236 1
282.186 0.793826 -0.0440936 14.6683 -0.0433891 -0.173581 -0.00606342 0.061378 237 1
283.358 0.738032 -0.0475648 14.6612 -0.0478973 -0.0876546 -0.0563522 0.060939 238 3
284.529 0.677776 -0.0513966 14.6596 -0.0511059 -0.0199795 -0.0401083 0.06186 239 3
285.7 0.612738 -0.055485 14.6506 -0.0498005 -0.113273 0.0163175 0.059217 240 2
286.87 0.543078 -0.0594691 14.6499 -0.0512658 -0.00792742 -0.0183163 0.060338 241 3
288.04 0.468624 -0.0635703 14.6541 -0.0513866 0.0517726 -0.00151005 0.060425 242 3
289.21 0.38934 -0.0676813 14.6527 -0.0500508 -0.0175476 0.0166984 0.059334 243 3
290.379 0.305381 -0.0716853 14.662 -0.0443974 0.116682 0.0706671 0.061279 244 2
291.548 0.217214 -0.0752371 14.6641 -0.0386047 0.0258565 0.0724092 0.062407 245 2
292.718 0.125423 -0.0783255 14.6775 -0.0328444 0.168133 0.0720034 0.061118 246 2
293.888 0.030471 -0.080953 14.6872 -0.027124 0.120246 0.0715053 0.060157 247 2
295.059 -0.0670837 -0.083123 14.6978 -0.0214248 0.132847 0.071239 0.061762 248 2
296.231 -0.166717 -0.084837 14.7058 -0.0159237 0.100732 0.0687649 0.059498 249 2
297.403 -0.267899 -0.0861108 14.7193 -0.0104891 0.168562 0.0679324 0.062219 250 2
298.576 -0.370158 -0.08695 14.7253 -0.0051732 0.0750065 0.0664482 0.062214 251 2
299.75 -0.472944 -0.0873638 14.7281 -0.000528334 0.0340939 0.0580608 0.061774 252 2
300.923 -0.575798 -0.0874061 14.734 0.00325436 0.0747204 0.0472837 0.059912 253 2
302.098 -0.678389 -0.0871457 14.7239 0.00722971 -0.126576 0.0496918 0.060277 254 2
303.271 -0.78023 -0.0865674 14.7218 0.0122508 -0.0262022 0.0627641 0.060522 255 2
304.444 -0.880907 -0.0855873 14.7262 0.0176818 0.0549316 0.067887 0.060088 256 2
305.618 -0.979954 -0.0841728 14.733 0.0223939 0.0849485 0.0589011 0.061708 257 2
306.793 -1.07694 -0.0823812 14.7391 0.0264561 0.076437 0.0507777 0.061016 258 2
307.968 -1.17148 -0.0802648 14.7493 0.0297423 0.127852 0.0410772 0.061851 259 2
309.145 -1.26329 -0.0778854 14.7581 0.0321776 0.109637 0.0304411 0.061465 260 2
310.322 -1.35212 -0.0753112 14.7662 0.0341191 0.100422 0.0242693 0.060948 261 2
311.5 -1.43779 -0.0725816 14.773 0.0360129 0.0858784 0.0236729 0.060954 262 2
312.679 -1.5201 -0.0697006 14.7802 0.0376412 0.0900984 0.0203537 0.059523 263 2
313.859 -1.59889 -0.0666893 14.7882 0.0389022 0.0998259 0.0157618 0.059346 264 2
315.04 -1.67406 -0.0635771 14.7979 0.0411151 0.120449 0.027662 0.060582 265 3
316.221 -1.74538 -0.0602879 14.8087 0.0417146 0.135374 0.00749347 0.074679 266 2
317.404 -1.81282 -0.0569507 14.8152 0.0433797 0.0815153 0.0208129 0.077646 267 3
318.588 -1.87617 -0.0534804 14.8277 0.04468 0.156426 0.0162546 0.059879 268 3
319.772 -1.93535 -0.049906 14.8442 0.0456963 0.206327 0.0127037 0.060286 269 3
320.959 -1.99025 -0.0462503 14.8527 0.0448099 0.105834 -0.0110797 0.060236 270 2
322.146 -2.04093 -0.0426655 14.8598 0.0468111 0.0890255 0.0250148 0.059118 271 4
323.334 -2.08719 -0.0389206 14.8678 0.0470897 0.0999451 0.00348273 0.06161 272 3
324.522 -2.12899 -0.0351534 14.8739 0.0444699 0.0761271 -0.0327476 0.061443 273 2
325.712 -2.16658 -0.0315958 14.8793 0.0419323 0.0681281 -0.0317208 0.059224 274 2
326.902 -2.20019 -0.0282412 14.887 0.039479 0.0952244 -0.0306659 0.061045 275 2
328.092 -2.23006 -0.0250829 14.887 0.0411193 -0.00013113 0.0205038 0.060978 276 4
329.283 -2.25602 -0.0217934 14.891 0.0410904 0.0509739 -0.000361633 0.059776 277 3
330.474 -2.27806 -0.0185061 14.903 0.0382024 0.14919 -0.0361 0.060884 278 2
331.666 -2.29648 -0.0154499 14.9142 0.0354421 0.14025 -0.0345035 0.05934 279 2
332.859 -2.31153 -0.0126146 14.9154 0.0327976 0.0153899 -0.0330568 0.062568 280 2
334.052 -2.32345 -0.00999077 14.9197 0.032972 0.0530124 0.00218051 0.058718 281 3
335.246 -2.33223 -0.00735301 14.925 0.0302875 0.0671983 -0.0335565 0.058805 282 2
336.44 -2.33812 -0.00493001 14.9264 0.0277317 0.0169873 -0.0319476 0.059471 283 2
337.634 -2.34135 -0.00271148 14.9343 0.0280123 0.0983596 0.00350766 0.060238 284 3
338.829 -2.34192 -0.000470498 14.9377 0.0255442 0.0427604 -0.0308515 0.06082 285 2
340.024 -2.34004 0.00157304 14.9419 0.0271065 0.0521779 0.0195297 0.060233 286 4
341.219 -2.33556 0.00374156 14.9464 0.0243723 0.0563502 -0.0341777 0.05853 287 2
342.415 -2.32876 0.00569134 14.9457 0.0244625 -0.00895262 0.00112746 0.05872 288 3
343.61 -2.31961 0.00764835 14.9436 0.0244003 -0.0262618 -0.000777724 0.059635 289 3
344.806 -2.30814 0.00960037 14.9493 0.0242536 0.0717998 -0.00183375 0.058998 290 3
346.001 -2.29434 0.0115407 14.9501 0.0239931 0.00971556 -0.00325602 0.059522 291 3
347.197 -2.27824 0.0134601 14.9518 0.0236364 0.0210762 -0.00445896 0.059154 292 3
348.393 -2.25988 0.015351 14.9572 0.0232207 0.067687 -0.00519636 0.060881 293 3
349.59 -2.23929 0.0172087 14.9592 0.0227065 0.0257492 -0.00642682 0.061294 294 3
350.786 -2.21652 0.0190252 14.9602 0.0221052 0.0121355 -0.00751694 0.061079 295 3
351.983 -2.19163 0.0207936 14.9673 0.0214937 0.0892401 -0.00764409 0.059808 296 3
353.18 -2.16468 0.0225131 14.9711 0.0221322 0.0473022 0.00798164 0.081981 297 4
354.377 -2.1356 0.0242837 14.9735 0.0212547 0.0293732 -0.0109689 0.060082 298 3
355.575 -2.10448 0.0259841 14.9862 0.0203855 0.159109 -0.0108648 0.060474 299 3
356.773 -2.07137 0.0276149 14.9861 0.0168333 -0.00127554 -0.0444019 0.060404 300 2
357.972 -2.03666 0.0289616 14.9862 0.0188119 0.0014782 0.0247316 0.061421 301 5
359.17 -2.00014 0.0304665 14.9957 0.0191529 0.118351 0.00426334 0.060095 302 4
360.369 -1.96175 0.0319988 15.0032 0.0179974 0.0937939 -0.0144437 0.082219 303 3
361.569 -1.92163 0.0334385 15.0039 0.0168649 0.00927448 -0.0141574 0.072071 304 3
362.768 -1.87988 0.0347877 15.0103 0.0130676 0.0796795 -0.0474653 0.059472 305 2
363.968 -1.83686 0.0358331 15.0166 0.0122371 0.0785947 -0.0103814 0.058705 306 3
365.169 -1.79265 0.0368121 15.0176 0.0113964 0.0125051 -0.0105086 0.06145 307 3
366.369 -1.74733 0.0377238 15.024 0.0119033 0.0802517 0.00633559 0.058898 308 4
367.57 -1.70086 0.0386761 15.0224 0.00688985 -0.0203729 -0.0626679 0.059703 309 1
368.771 -1.65373 0.0392273 15.0209 0.00367076 -0.0180364 -0.0402387 0.05878 310 2
369.972 -1.60625 0.0395209 15.0154 0.00339899 -0.0692368 -0.00339711 0.060349 311 3
371.172 -1.55846 0.0397929 15.0142 0.00310393 -0.0154972 -0.00368819 0.059723 312 3
372.372 -1.51038 0.0400412 15.0115 -0.0012291 -0.0338435 -0.054163 0.05895 313 1
373.572 -1.46243 0.0399428 15.0179 -0.0011074 0.0805497 0.00152126 0.059603 314 3
374.773 -1.41456 0.0398543 15.0181 -0.00104503 0.0022769 0.000779612 0.061499 315 3
375.973 -1.36679 0.0397707 15.0215 -0.00102816 0.0426292 0.000210908 0.060467 316 3
377.174 -1.3191 0.0396884 15.022 -0.00101593 0.00629425 0.000152801 0.060331 317 3
378.375 -1.27152 0.0396071 15.0201 -0.00373304 -0.0235677 -0.0339638 0.060983 318 2
379.576 -1.2243 0.0393085 15.0253 -0.00347088 0.0648618 0.00327697 0.061679 319 3
380.777 -1.17739 0.0390308 15.0233 -0.00192848 -0.0253201 0.0192801 0.060571 320 4
381.978 -1.13068 0.0388765 15.0209 -0.00458747 -0.0292182 -0.0332374 0.06059 321 2
383.178 -1.08442 0.0385095 15.023 -0.00698319 0.0252128 -0.0299465 0.060429 322 2
384.379 -1.03882 0.0379509 15.0282 -0.00643478 0.0650764 0.00685512 0.061166 323 3
385.581 -0.99382 0.0374361 15.0162 -0.00467812 -0.14919 0.0219582 0.059495 324 4
386.781 -0.949307 0.0370619 15.0144 -0.00174786 -0.0223756 0.0366283 0.059599 325 5
387.982 -0.904968 0.036922 15.0138 -0.00445815 -0.00836849 -0.0338786 0.061136 326 2
389.182 -0.861059 0.0365654 15.0121 -0.00290232 -0.0205994 0.0194478 0.065215 327 4
390.382 -0.817434 0.0363332 15.01 -0.00554046 -0.0264168 -0.0329767 0.061042 328 2
391.582 -0.774347 0.0358899 15.011 -0.00789627 0.0125289 -0.0294477 0.059897 329 2
392.782 -0.732014 0.0352582 15.0085 -0.00735232 -0.0313759 0.00679948 0.060572 330 3
393.982 -0.690395 0.0346701 15.012 -0.00548872 0.0433087 0.023295 0.059139 331 4
395.182 -0.649293 0.034231 15.0156 -0.00783065 0.0450969 -0.0292742 0.059578 332 2
396.383 -0.608934 0.0336045 15.0067 -0.0112229 -0.110531 -0.0424034 0.059185 333 1
397.583 -0.569675 0.0327067 15.0061 -0.0102859 -0.00778437 0.0117132 0.059361 334 3
398.783 -0.531405 0.0318838 15.0039 -0.00941628 -0.0278473 0.0108699 0.061995 335 3
399.983 -0.494045 0.0311305 15.0055 -0.00726241 0.020659 0.0269234 0.059605 336 4
401.182 -0.457378 0.0305495 15.0146 -0.00665797 0.112879 0.00755545 0.060882 337 3
