1.12 10 0 14.0438 -0.00400715 0.547397 -0.0500893 0.119774 1 7
2.2435 9.99964 -0.000320572 14.0857 -0.00353817 0.524449 0.00586221 0.141325 2 10
3.37036 9.99896 -0.000603625 14.126 -0.00849545 0.502992 -0.061966 0.121938 3 6
4.50044 9.99751 -0.00128326 14.1655 -0.00886441 0.493777 -0.00461208 0.123359 4 9
5.63368 9.99525 -0.00199241 14.2024 -0.00915565 0.460923 -0.00364046 0.125544 5 9
6.76986 9.99216 -0.00272487 14.2371 -0.0107205 0.433612 -0.0195601 0.12332 6 8
7.90882 9.98808 -0.0035825 14.2702 -0.0107353 0.414288 -0.000184856 0.12482 7 9
9.05042 9.983 -0.00444132 14.3023 -0.0106894 0.40127 0.000573276 0.121547 8 9
10.1946 9.97694 -0.00529647 14.3327 -0.014641 0.379992 -0.0493949 0.207099 9 6
11.3412 9.96953 -0.00646775 14.3618 -0.0127378 0.363851 0.0237898 0.120089 10 10
12.4901 9.96093 -0.00748678 14.389 -0.0163332 0.339472 -0.0449424 0.120579 11 6
13.6412 9.9508 -0.00879343 14.4154 -0.0168039 0.330222 -0.00588337 0.123972 12 8
14.7943 9.93911 -0.0101377 14.4406 -0.0184923 0.315833 -0.021105 0.12046 13 7
15.9495 9.92569 -0.0116171 14.4643 -0.0199055 0.29608 -0.0176652 0.126715 14 7
17.1066 9.91041 -0.0132096 14.4887 -0.0250989 0.304365 -0.064918 0.122629 15 4
18.2655 9.89277 -0.0152175 14.5117 -0.0215891 0.287139 0.0438724 0.121623 16 10
19.4263 9.8731 -0.0169446 14.5325 -0.0196645 0.26114 0.0240571 0.123746 17 9
20.5887 9.85157 -0.0185178 14.5534 -0.0191672 0.260234 0.00621728 0.124596 18 8
21.7527 9.82823 -0.0200511 14.5745 -0.0172744 0.264835 0.0236595 0.12162 19 9
22.9184 9.80324 -0.0214331 14.5923 -0.0195067 0.222409 -0.0279043 0.126243 20 6
24.0855 9.7764 -0.0229936 14.6104 -0.0160241 0.225914 0.0435332 0.127722 21 10
25.254 9.74803 -0.0242756 14.6281 -0.0221517 0.220501 -0.076595 0.123844 22 3
26.4238 9.71755 -0.0260477 14.6451 -0.0208917 0.21354 0.0157499 0.1347 23 8
27.595 9.68508 -0.027719 14.6601 -0.0196202 0.186896 0.0158942 0.12361 24 8
28.7673 9.65073 -0.0292886 14.6742 -0.01702 0.17693 0.0325024 0.128049 25 9
29.9407 9.61476 -0.0306502 14.6867 -0.0145754 0.155675 0.0305567 0.12174 26 9
31.115 9.57738 -0.0318163 14.7003 -0.0136416 0.169861 0.0116729 0.123762 27 8
32.2904 9.53869 -0.0329076 14.7147 -0.0154016 0.180411 -0.022 0.127947 28 6
33.4669 9.49851 -0.0341397 14.7253 -0.0141883 0.132239 0.0151663 0.131177 29 8
34.6442 9.45696 -0.0352748 14.7364 -0.0103154 0.139225 0.0484113 0.124639 30 10
35.8223 9.41441 -0.0361 14.749 -0.0080984 0.156558 0.0277125 0.150344 31 9
37.0015 9.37106 -0.0367479 14.7604 -0.00873618 0.142825 -0.00797223 0.122101 32 7
38.1815 9.32686 -0.0374468 14.771 -0.00788793 0.132346 0.0106031 0.120757 33 8
39.3623 9.28187 -0.0380778 14.7829 -0.00572219 0.148594 0.0270717 0.122616 34 9
40.544 9.23631 -0.0385356 14.793 -0.00506184 0.126469 0.00825436 0.119953 35 8
41.7266 9.19024 -0.0389405 14.8015 -0.00441177 0.106597 0.00812593 0.119237 36 8
42.9098 9.14372 -0.0392935 14.8107 -0.00646937 0.114822 -0.02572 0.123522 37 6
44.0937 9.09656 -0.039811 14.819 -0.0082534 0.103772 -0.0223003 0.121717 38 6
45.2783 9.0486 -0.0404713 14.8252 -0.00708532 0.078094 0.014601 0.12496 39 8
46.4633 8.99994 -0.0410381 14.8345 -0.0152507 0.115108 -0.102067 0.130396 40 1
47.649 8.9498 -0.0422582 14.8436 -0.0118892 0.114834 0.0420184 0.121458 41 9
48.8354 8.89851 -0.0432093 14.851 -0.0101141 0.0914693 0.0221886 0.12027 42 8
50.0223 8.84623 -0.0440185 14.8597 -0.00843377 0.109267 0.0210041 0.124094 43 8
51.2099 8.79311 -0.0446932 14.8649 -0.0054958 0.0644684 0.0367247 0.121436 44 9
52.3978 8.73946 -0.0451328 14.8694 -0.00279137 0.0567198 0.0338053 0.123249 45 9
53.5862 8.68553 -0.0453561 14.8758 -0.00300887 0.0806808 -0.00271868 0.125056 46 7
54.775 8.63128 -0.0455968 14.88 -0.000450639 0.0514984 0.0319779 0.12326 47 9
55.9642 8.57698 -0.0456329 14.8872 -0.000813108 0.0906467 -0.00453086 0.12362 48 7
57.1539 8.52257 -0.0456979 14.8939 -0.00110115 0.0830054 -0.00360049 0.123325 49 7
58.3442 8.46804 -0.045786 14.8993 -0.00132537 0.0684619 -0.00280277 0.123438 50 7
59.5349 8.41336 -0.0458921 14.903 -0.000136681 0.0453591 0.0148586 0.123163 51 8
60.7258 8.35865 -0.045903 14.9074 0.000971229 0.0555396 0.0138489 0.12263 52 8
61.9172 8.30402 -0.0458253 14.9126 0.000654784 0.0645757 -0.00395557 0.124312 53 7
63.1089 8.24943 -0.0457729 14.9184 0.00040579 0.0729442 -0.00311243 0.125017 54 7
64.3012 8.19486 -0.0457404 14.9216 0.0029029 0.0401616 0.0312139 0.121776 55 9
65.4937 8.14055 -0.0455082 14.9261 0.00382427 0.0561714 0.011517 0.120121 56 8
66.6865 8.08659 -0.0452023 14.932 0.00197965 0.0734806 -0.0230577 0.121643 57 6
67.8799 8.0328 -0.0450439 14.9351 0.00170025 0.038898 -0.00349254 0.121648 58 7
69.0735 7.97917 -0.0449079 14.9391 0.00281953 0.050509 0.0139909 0.120159 59 8
70.2674 7.92578 -0.0446823 14.9426 0.00519079 0.0429749 0.0296408 0.121131 60 9
71.4616 7.87288 -0.0442671 14.9479 0.00196333 0.0669479 -0.0403433 0.121939 61 5
72.6563 7.82015 -0.04411 14.9508 0.00446128 0.0362277 0.0312245 0.123895 62 9
73.8512 7.76784 -0.0437531 14.9541 0.00402904 0.0409603 -0.00540304 0.130537 63 7
75.0464 7.7159 -0.0434308 14.9584 0.00366215 0.0538945 -0.00458615 0.125064 64 7
76.242 7.66429 -0.0431378 14.9589 0.00469623 0.00536442 0.012926 0.120094 65 8
77.4376 7.61313 -0.0427621 14.9631 0.00563126 0.0529289 0.0116879 0.122675 66 8
78.6336 7.5625 -0.0423116 14.9649 0.00649404 0.0219822 0.0107847 0.12301 67 8
79.8297 7.51248 -0.0417921 14.9683 0.00725427 0.0427008 0.00950289 0.122575 68 8
81.0262 7.46314 -0.0412117 14.9692 0.00929014 0.0111938 0.0254483 0.1215 69 9
82.2227 7.41469 -0.0404685 14.9669 0.00977676 -0.0288963 0.00608275 0.122619 70 8
83.4191 7.36719 -0.0396864 14.9678 0.0115349 0.0116348 0.0219762 0.122937 71 9
84.6157 7.32078 -0.0387636 14.9701 0.0104039 0.0294089 -0.0141371 0.125271 72 7
85.8124 7.27537 -0.0379313 15.0284 0.00704351 0.728869 -0.0420047 0.121145 73 11
87.0138 7.23045 -0.0373678 15.0264 0.00367232 -0.0250459 -0.0421398 0.121366 74 5
88.2151 7.18589 -0.037074 15.0229 0.00736179 -0.044775 0.0461183 0.121115 75 10
89.4162 7.14206 -0.0364851 15.0194 0.0066534 -0.0429511 -0.00885485 0.122543 76 7
90.6169 7.09887 -0.0359528 15.0195 0.00734715 0.000524521 0.00867192 0.120861 77 8
91.8177 7.05638 -0.035365 15.0179 0.0106537 -0.0198126 0.0413314 0.123793 78 10
93.0185 7.01493 -0.0345127 15.0155 0.0109121 -0.0293732 0.00323065 0.129599 79 8
94.219 6.97452 -0.0336398 15.012 0.011132 -0.044632 0.00274898 0.119838 80 8
95.4193 6.9352 -0.0327492 15.0675 0.00620586 0.694561 -0.0615772 0.124388 81 12
96.6241 6.89633 -0.0322527 15.0644 0.00149804 -0.0393391 -0.0588477 0.125443 82 4
97.8286 6.85761 -0.0321329 15.0617 -0.00137963 -0.0336528 -0.0359709 0.145029 83 5
99.033 6.81877 -0.0322433 15.0619 -0.00126718 0.0033021 0.00140564 0.120844 84 7
100.237 6.7798 -0.0323446 15.059 -0.00112374 -0.0366926 0.00179305 0.122506 85 7
101.441 6.74073 -0.0324345 15.0553 -0.000952366 -0.0460505 0.00214216 0.12276 86 7
102.645 6.70158 -0.0325107 15.0548 -0.00395972 -0.00649691 -0.0375919 0.123377 87 4
103.849 6.66205 -0.0328275 15.0549 -0.0047782 0.00129938 -0.010231 0.123793 88 6
105.053 6.62206 -0.0332098 15.0532 -0.00412469 -0.0215411 0.00816893 0.122058 89 7
106.256 6.58168 -0.0335397 15.0544 -0.00617571 0.0149131 -0.0256378 0.122955 90 5
107.46 6.5407 -0.0340338 15.0543 -0.00661858 -0.00133514 -0.00553587 0.122033 91 6
108.663 6.49908 -0.0345633 15.0486 -0.00559013 -0.0703216 0.0128557 0.125355 92 7
109.867 6.45694 -0.0350105 15.0453 -0.00194401 -0.0414491 0.0455765 0.124272 93 9
111.07 6.41462 -0.035166 15.0441 -0.00266491 -0.0160336 -0.00901133 0.122567 94 6
112.272 6.37205 -0.0353792 15.0404 -0.00326541 -0.0456691 -0.00750621 0.122312 95 6
113.475 6.32918 -0.0356404 15.0484 -0.00881781 0.0994682 -0.069405 0.120071 96 1
114.678 6.28543 -0.0363459 15.0464 -0.00868391 -0.0246406 0.00167375 0.121098 97 6
115.881 6.24086 -0.0370406 15.0417 -0.00848383 -0.0588059 0.00250097 0.123425 98 6
117.083 6.19548 -0.0377193 15.0422 -0.00825267 0.00711679 0.00288959 0.122916 99 6
118.286 6.1493 -0.0383795 15.0409 -0.00797002 -0.0171661 0.00353307 0.121867 100 6
119.488 6.10237 -0.0390171 15.0421 -0.0142644 0.0156403 -0.0786801 0.123947 101 1
120.69 6.05405 -0.0401582 15.0417 -0.0185515 -0.00498295 -0.0535888 0.123164 102 2
121.893 6.00396 -0.0416424 15.0403 -0.0222695 -0.0177741 -0.0464747 0.121645 103 2
123.095 5.95173 -0.0434239 15.0421 -0.025476 0.022471 -0.0400813 0.126683 104 2
124.297 5.89704 -0.045462 15.0396 -0.0282041 -0.0316858 -0.0341012 0.126092 105 2
125.499 5.83965 -0.0477183 15.0419 -0.0251861 0.0294924 0.0377253 0.120571 106 6
126.701 5.77983 -0.0497332 15.0417 -0.0182945 -0.00287294 0.0861449 0.123048 107 9
127.902 5.71825 -0.0511968 15.0404 -0.0213053 -0.0164866 -0.0376345 0.13191 108 2
129.104 5.65462 -0.0529012 15.0411 -0.0225942 0.00895262 -0.0161123 0.121976 109 3
130.305 5.58883 -0.0547087 15.0411 -0.0235925 -8.34465e-05 -0.0124785 0.126203 110 3
131.507 5.52076 -0.0565961 15.0437 -0.0256584 0.0323176 -0.0258238 0.124731 111 2
132.708 5.45022 -0.0586488 15.0472 -0.0286539 0.044167 -0.0374439 0.123837 112 1
133.91 5.3769 -0.0609411 15.0461 -0.0298179 -0.0136852 -0.0145494 0.12299 113 2
135.111 5.30073 -0.0633266 15.0481 -0.0320072 0.024724 -0.0273672 0.124359 114 1
136.312 5.22147 -0.0658871 15.0513 -0.0325004 0.0395298 -0.00616382 0.149568 115 2
137.514 5.13907 -0.0684872 15.0522 -0.0340061 0.0116944 -0.018822 0.124543 116 1
138.715 5.05339 -0.0712077 15.0489 -0.035162 -0.0406742 -0.0144484 0.1211 117 1
139.915 4.96436 -0.0740206 15.0396 -0.0300005 -0.117254 0.0645191 0.124983 118 7
141.115 4.8725 -0.0764207 15.0426 -0.0324856 0.0381947 -0.0310646 0.134218 119 0
142.315 4.77751 -0.0790195 15.0396 -0.0265565 -0.0371337 0.0741136 0.1251 120 6
143.514 4.67999 -0.081144 15.0296 -0.0213823 -0.12542 0.064678 0.12594 121 7
144.712 4.58048 -0.0828546 15.0288 -0.0162175 -0.0094533 0.0645599 0.120614 122 6
145.91 4.47942 -0.084152 15.0239 -0.011737 -0.0618815 0.0560061 0.120979 123 7
147.108 4.37727 -0.085091 15.0137 -0.00745769 -0.127113 0.0534916 0.124379 124 7
148.304 4.27448 -0.0856876 15.0136 -0.00335355 -0.00206232 0.0513018 0.120899 125 6
149.501 4.17137 -0.0859559 14.9885 -0.00987769 -0.313556 -0.0815518 0.120695 126 0
150.696 4.06748 -0.0867461 14.9883 -0.00495261 -0.00197887 0.0615636 0.121684 127 7
151.89 3.96312 -0.0871423 15.0076 -0.00210072 0.241399 0.0356486 0.120206 128 8
153.086 3.85843 -0.0873104 15.0052 0.00254449 -0.0300169 0.0580651 0.123044 129 7
154.282 3.754 -0.0871068 15.0195 0.00569031 0.178909 0.0393227 0.132557 130 8
155.479 3.65001 -0.0866516 15.0172 0.00989758 -0.0290632 0.0525909 0.124732 131 7
156.676 3.54699 -0.0858598 15.0147 0.0137873 -0.0311375 0.0486219 0.150856 132 7
157.873 3.4453 -0.0847568 15.013 0.0173878 -0.021863 0.0450054 0.125515 133 7
159.07 3.34529 -0.0833658 15.0105 0.0207202 -0.0306964 0.0416561 0.121108 134 7
160.267 3.24728 -0.0817081 15.0045 0.0254673 -0.0753284 0.0593387 0.127477 135 6
161.463 3.15175 -0.0796707 15.0036 0.0283257 -0.0109911 0.0357297 0.121215 136 8
162.66 3.05893 -0.0774047 15.0031 0.030567 -0.00648499 0.0280155 0.121316 137 7
163.857 2.96905 -0.0749593 15.0022 0.0336251 -0.0110984 0.0382261 0.120796 138 6
165.054 2.88239 -0.0722693 15.0021 0.0257902 -0.00181198 -0.0979361 0.12839 139 0
166.251 2.7982 -0.0702061 15.0037 0.0185923 0.0208497 -0.0899736 0.119039 140 0
167.448 2.71578 -0.0687187 15.0044 0.0120184 0.00858307 -0.0821732 0.121614 141 0
168.646 2.63451 -0.0677573 14.9987 0.019888 -0.0719309 0.09837 0.119605 142 10
169.843 2.55518 -0.0661662 14.9854 0.02745 -0.165653 0.0945244 0.119854 143 10
171.04 2.47854 -0.0639702 14.9917 0.0310789 0.078404 0.0453615 0.117177 144 5
172.237 2.40485 -0.0614839 14.9932 0.0324869 0.0194073 0.0176007 0.118549 145 5
173.434 2.33426 -0.058885 14.9992 0.0324673 0.0749111 -0.000245078 0.118969 146 4
174.632 2.26675 -0.0562876 15.002 0.0309263 0.0342846 -0.019263 0.118348 147 5
175.831 2.2022 -0.0538135 15.0031 0.02945 0.0145555 -0.0184536 0.11868 148 5
177.029 2.14046 -0.0514575 15.0095 0.0269004 0.0792265 -0.0318701 0.118985 149 7
178.229 2.08128 -0.0493054 15.0123 0.0256487 0.0353575 -0.0156467 0.117867 150 5
179.428 2.02455 -0.0472535 15.0092 0.0252227 -0.0394106 -0.00532428 0.119121 151 6
180.628 1.97025 -0.0452357 15.0085 0.0239828 -0.00822544 -0.0154993 0.125595 152 5
181.827 1.91826 -0.0433171 15.0054 0.0220735 -0.0387788 -0.0238659 0.116897 153 4
183.027 1.8684 -0.0415512 15.0042 0.0221791 -0.0149846 0.00131966 0.116701 154 6
184.226 1.82066 -0.0397769 15.0063 0.0222048 0.0268102 0.000321679 0.116689 155 6
185.426 1.77505 -0.0380005 15.0123 0.0221701 0.0749946 -0.000433694 0.11682 156 6
186.626 1.73156 -0.0362269 15.0113 0.0230905 -0.0130892 0.0115053 0.118283 157 5
187.826 1.69028 -0.0343797 15.0124 0.0230007 0.0137568 -0.00112245 0.11709 158 6
189.026 1.6512 -0.0325396 15.0147 0.0238053 0.028491 0.0100568 0.116671 159 5
190.227 1.61441 -0.0306352 15.0152 0.024277 0.00693798 0.00589648 0.116743 160 5
191.428 1.57995 -0.028693 15.0327 0.0258138 0.218725 0.0192102 0.116729 161 4
192.63 1.54793 -0.0266279 15.0428 0.0268284 0.125861 0.0126823 0.116219 162 4
193.833 1.51847 -0.0244816 15.0389 0.0264344 -0.0481248 -0.00492462 0.116742 163 5
195.036 1.49156 -0.0223669 15.0353 0.0254072 -0.0456214 -0.012841 0.114202 164 6
196.238 1.46711 -0.0203343 15.0357 0.0250408 0.00556707 -0.0045792 0.116859 165 5
197.441 1.44506 -0.018331 15.0372 0.0266012 0.0176907 0.0195043 0.117179 166 8
198.644 1.42557 -0.0162029 15.0323 0.0265805 -0.0604153 -0.000258349 0.11498 167 7
199.846 1.40864 -0.0140765 15.034 0.0277949 0.0213981 0.0151798 0.116838 168 8
201.049 1.39438 -0.0118529 15.033 0.0274214 -0.0123978 -0.00466823 0.115827 169 7
202.252 1.38277 -0.0096592 15.0308 0.0283169 -0.0275612 0.0111932 0.114848 170 8
203.454 1.37388 -0.00739385 15.0311 0.0276501 0.00331402 -0.00833524 0.11689 171 7
204.656 1.36765 -0.00518185 15.0489 0.0270497 0.222719 -0.00750413 0.115701 172 4
205.86 1.36401 -0.00301787 15.0459 0.0276123 -0.0373006 0.00703218 0.118499 173 8
207.064 1.36304 -0.000808886 15.0483 0.0242653 0.0291586 -0.041837 0.116609 174 5
208.268 1.3644 0.00113234 15.0451 0.02352 -0.0400662 -0.009317 0.117128 175 7
209.471 1.36803 0.00301394 15.0429 0.0227355 -0.0265479 -0.00980622 0.11535 176 7
210.675 1.37385 0.00483278 15.0397 0.0193462 -0.0403881 -0.042366 0.119863 177 5
211.878 1.38152 0.00638048 15.038 0.016181 -0.0207543 -0.0395647 0.115897 178 5
213.081 1.39076 0.00767496 15.0352 0.0122164 -0.0351787 -0.0495582 0.114773 179 4
214.284 1.40116 0.00865227 15.0356 0.00957845 0.00466108 -0.0329741 0.114034 180 5
215.487 1.41249 0.00941855 15.0336 0.00602417 -0.0250936 -0.0444284 0.116734 181 4
216.689 1.4244 0.00990048 15.0342 0.00273175 0.00758171 -0.0411553 0.114515 182 4
217.892 1.43657 0.010119 15.0383 -0.0013707 0.0508308 -0.0512807 0.115466 183 3
219.095 1.44861 0.0100094 15.0377 -0.00143855 -0.00658035 -0.000848051 0.113139 184 6
220.298 1.46051 0.00989428 15.0415 0.00108916 0.0463724 0.0315963 0.113348 185 8
221.501 1.47252 0.00998141 15.0386 0.00337577 -0.0358224 0.0285826 0.112726 186 8
222.704 1.48486 0.0102515 15.0422 0.000128233 0.044632 -0.0405942 0.113899 187 4
223.907 1.49721 0.0102617 15.0479 -0.000138563 0.0715256 -0.00333494 0.111219 188 6
225.111 1.50955 0.0102506 15.0425 -0.00306765 -0.0671506 -0.0366136 0.122173 189 4
226.315 1.52159 0.0100052 15.0444 -0.00301309 0.0236273 0.000681952 0.112727 190 6
227.518 1.53334 0.00976419 15.0417 -0.00564366 -0.0333548 -0.032882 0.114082 191 4
228.721 1.54454 0.00931269 15.0377 -0.00798702 -0.050056 -0.029292 0.116466 192 4
229.924 1.55498 0.00867373 15.0408 -0.00470398 0.0382781 0.041038 0.116737 193 8
231.128 1.56496 0.00829741 15.0353 -0.00307987 -0.0691772 0.0203014 0.115804 194 7
232.33 1.57465 0.00805103 15.0297 -0.0056307 -0.0693321 -0.0318854 0.113878 195 4
233.533 1.58378 0.00760057 15.0341 -0.00790048 0.0548244 -0.0283722 0.113313 196 4
234.735 1.59217 0.00696853 15.03 -0.00589878 -0.0513911 0.0250212 0.114519 197 7
235.938 1.59998 0.00649663 15.0287 -0.0080933 -0.0158668 -0.0274314 0.114501 198 4
237.14 1.60701 0.00584917 15.0264 -0.0113562 -0.0285625 -0.0407862 0.114496 199 3
238.342 1.61295 0.00494067 15.0269 -0.0142616 0.00566244 -0.0363181 0.115022 200 3
239.544 1.61752 0.00379974 15.0242 -0.0141239 -0.0339508 0.00172191 0.114544 201 5
240.746 1.62073 0.00266983 15.0196 -0.0125955 -0.0565529 0.0191043 0.114311 202 6
241.948 1.62272 0.00166218 15.0159 -0.0111663 -0.0464559 0.0178655 0.113495 203 6
243.149 1.62365 0.000768878 15.0158 -0.0138445 -0.00160933 -0.033478 0.114252 204 3
244.35 1.62324 -0.000338685 15.0138 -0.0161823 -0.0252604 -0.0292216 0.113068 205 3
245.551 1.62128 -0.00163327 15.0145 -0.0155389 0.00946522 0.00804224 0.113194 206 5
246.753 1.61782 -0.00287638 15.017 -0.0122024 0.0307202 0.0417063 0.113223 207 7
247.954 1.61319 -0.00385257 15.0118 -0.00914094 -0.064671 0.0382681 0.118245 208 7
249.155 1.60769 -0.00458384 15.0151 -0.009032 0.0408649 0.00136179 0.113677 209 5
250.356 1.60132 -0.0053064 15.0147 -0.00619379 -0.00442266 0.0354776 0.126427 210 7
251.557 1.59435 -0.00580191 15.0154 -0.00763141 0.00861883 -0.0179703 0.118612 211 4
252.758 1.58664 -0.00641242 15.0162 -0.0102145 0.00997782 -0.0322885 0.119097 212 3
253.96 1.57796 -0.00722958 15.0156 -0.00847831 -0.00761747 0.0217022 0.117267 213 6
255.161 1.56846 -0.00790785 15.0204 -0.0122313 0.0595331 -0.0469124 0.118226 214 2
256.362 1.55778 -0.00888635 15.0228 -0.00884751 0.0307798 0.0422975 0.120673 215 7
257.564 1.54625 -0.00959415 15.0206 -0.00976784 -0.0275254 -0.0115042 0.118571 216 4
258.766 1.53378 -0.0103756 15.0224 -0.00518459 0.022018 0.0572907 0.122499 217 8
259.968 1.52082 -0.0107903 15.022 -0.00237066 -0.00524521 0.0351741 0.115206 218 7
261.169 1.50762 -0.01098 15.025 -0.00518423 0.0373125 -0.0351696 0.1175 219 3
262.371 1.49393 -0.0113947 15.0294 -0.00097689 0.0560045 0.0525918 0.115503 220 8
263.573 1.48013 -0.0114729 15.0327 -0.00120702 0.0412583 -0.00287664 0.116966 221 5
264.776 1.46622 -0.0115694 15.0327 -5.43583e-05 -0.000870228 0.0144083 0.117046 222 6
265.978 1.4523 -0.0115738 15.0311 -0.0016893 -0.0197411 -0.0204368 0.117904 223 4
267.181 1.43822 -0.0117089 15.0284 -0.00609897 -0.0334501 -0.0551209 0.119687 224 2
268.383 1.42356 -0.0121969 15.0291 -0.0123765 0.00841618 -0.0784694 0.120435 225 0
269.585 1.4077 -0.013187 15.0029 -0.0193842 -0.326967 -0.0875964 0.122715 226 0
270.785 1.39001 -0.0147377 14.9545 -0.0278295 -0.605226 -0.105566 0.118937 227 0
271.982 1.36972 -0.0169641 14.918 -0.0172514 -0.456357 0.132227 0.118166 228 9
273.175 1.34783 -0.0183442 14.8189 -0.031193 -1.23889 -0.174271 0.118984 229 3
274.36 1.32312 -0.0208396 14.7776 -0.0378789 -0.516057 -0.0835739 0.119252 230 0
275.542 1.29491 -0.02387 14.7806 -0.0409697 0.0377417 -0.0386342 0.117551 231 0
276.724 1.26281 -0.0271475 14.7865 -0.0415629 0.0736713 -0.00741468 0.116922 232 1
277.906 1.22677 -0.0304726 14.7463 -0.0446079 -0.50292 -0.0380629 0.117013 233 3
279.085 1.18662 -0.0340412 14.7522 -0.0457824 0.0737548 -0.0146812 0.120373 234 0
280.265 1.14213 -0.0377038 14.7189 -0.0471729 -0.416338 -0.0173815 0.12049 235 2
281.441 1.09331 -0.0414776 14.6865 -0.0495143 -0.404489 -0.0292677 0.120828 236 3
282.615 1.03994 -0.0454388 14.6482 -0.0510432 -0.479412 -0.0191112 0.120341 237 3
283.785 0.981928 -0.0495222 14.6203 -0.0568084 -0.348234 -0.0720646 0.120944 238 6
284.953 0.918721 -0.0540669 14.6018 -0.0609532 -0.231647 -0.0518096 0.12481 239 6
286.119 0.849907 -0.0589431 14.5737 -0.0615702 -0.350893 -0.00771345 0.120256 240 5
287.283 0.775493 -0.0638688 14.5705 -0.0651902 -0.0400066 -0.0452501 0.118962 241 7
288.446 0.69503 -0.069084 14.5687 -0.0663586 -0.0230312 -0.0146044 0.120302 242 7
289.608 0.608406 -0.0743927 14.5634 -0.061389 -0.0652075 0.0621197 0.120139 243 5
290.769 0.516108 -0.0793038 14.5661 -0.0557665 0.0334501 0.0702815 0.120317 244 5
291.931 0.418612 -0.0837651 14.5839 -0.0495924 0.221717 0.0771757 0.119599 245 5
293.093 0.316384 -0.0877325 14.5924 -0.0427892 0.107145 0.0850405 0.121113 246 5
294.255 0.210117 -0.0911556 14.6045 -0.0356744 0.150239 0.0889353 0.119651 247 5
295.419 0.100442 -0.0940096 14.6236 -0.0284466 0.239193 0.0903477 0.118699 248 5
296.583 -0.0120267 -0.0962853 14.6428 -0.0213742 0.240529 0.088405 0.121066 249 5
297.749 -0.126637 -0.0979952 14.6621 -0.014401 0.241399 0.087165 0.11994 250 5
298.916 -0.242744 -0.0991473 14.6687 -0.00726885 0.0820398 0.0891513 0.119347 251 4
300.084 -0.359581 -0.0997288 14.6699 -0.000787484 0.0152469 0.0810171 0.119625 252 4
301.251 -0.476502 -0.0997918 14.6709 0.00445664 0.011909 0.0655516 0.121702 253 4
302.419 -0.593014 -0.0994353 14.679 0.00909828 0.101471 0.0580205 0.119953 254 5
303.588 -0.70874 -0.0987074 14.6887 0.0147586 0.121689 0.0707543 0.120279 255 5
304.758 -0.823162 -0.0975267 14.6968 0.020623 0.100338 0.0733051 0.119825 256 6
305.928 -0.935716 -0.0958769 14.7055 0.0254528 0.1091 0.060372 0.119821 257 5
307.099 -1.04595 -0.0938407 14.716 0.0303534 0.131714 0.0612573 0.128269 258 6
308.271 -1.15342 -0.0914124 14.7327 0.0333551 0.208735 0.0375213 0.120134 259 5
309.445 -1.25788 -0.088744 14.741 0.0368375 0.103426 0.0435298 0.12089 260 4
310.62 -1.35893 -0.085797 14.7465 0.0396859 0.0689626 0.0356053 0.118329 261 4
311.796 -1.45629 -0.0826221 14.7555 0.0414654 0.112259 0.022244 0.120232 262 5
312.973 -1.54981 -0.0793049 14.765 0.0442679 0.118625 0.0350314 0.121935 263 6
314.151 -1.63922 -0.0757634 14.7722 0.0479626 0.0905037 0.0461837 0.12112 264 7
315.329 -1.72414 -0.0719264 14.785 0.0484524 0.15955 0.00612256 0.118371 265 5
316.509 -1.80457 -0.0680503 14.7986 0.0487304 0.170052 0.00347421 0.11934 266 5
317.691 -1.88047 -0.0641518 14.8115 0.048798 0.161636 0.000845781 0.12113 267 5
318.874 -1.95181 -0.060248 14.8261 0.0500134 0.181663 0.015192 0.150011 268 6
320.058 -2.01849 -0.0562469 14.8366 0.0496032 0.13181 -0.00512674 0.120767 269 5
321.243 -2.08051 -0.0522786 14.8383 0.0490713 0.021553 -0.00664876 0.12034 270 5
322.429 -2.13789 -0.0483529 14.8455 0.0492837 0.0899196 0.0026546 0.1205 271 4
323.615 -2.19062 -0.0444102 14.8487 0.0496943 0.0393629 0.00513257 0.121057 272 6
324.802 -2.23864 -0.0404347 14.8518 0.0485341 0.038898 -0.0145021 0.119708 273 5
325.99 -2.28205 -0.036552 14.8538 0.0486508 0.0247121 0.0014584 0.120299 274 6
327.177 -2.32086 -0.0326599 14.8612 0.0458552 0.0932217 -0.0349458 0.121712 275 4
328.366 -2.35532 -0.0289915 14.8631 0.0458306 0.0236988 -0.000306638 0.118645 276 6
329.554 -2.38543 -0.025325 14.8732 0.042938 0.126553 -0.0361581 0.117274 277 4
330.744 -2.41147 -0.02189 14.8812 0.0428287 0.0995517 -0.00136634 0.120196 278 6
331.934 -2.43345 -0.0184637 14.8838 0.0411995 0.0320435 -0.0203641 0.118913 279 5
333.125 -2.45151 -0.0151677 14.8908 0.0382266 0.0879407 -0.0371612 0.118728 280 4
334.316 -2.46594 -0.0121096 14.8931 0.0380525 0.0290155 -0.00217659 0.119897 281 6
335.507 -2.47674 -0.00906541 14.8934 0.0363868 0.0035882 -0.0208213 0.124017 282 5
336.699 -2.48407 -0.00615447 14.8985 0.0374263 0.063324 0.0129932 0.116611 283 7
337.891 -2.48784 -0.00316036 14.9092 0.0355001 0.133657 -0.0240766 0.118976 284 5
339.083 -2.48822 -0.000320354 14.9059 0.0323935 -0.0413418 -0.0388326 0.119204 285 4
340.276 -2.48551 0.00227113 14.9091 0.0306484 0.0406384 -0.0218145 0.115824 286 5
341.469 -2.47988 0.004723 14.9134 0.0289324 0.053072 -0.0214503 0.116024 287 5
342.662 -2.47148 0.00703759 14.9118 0.025991 -0.0189424 -0.0367666 0.117071 288 4
343.854 -2.46061 0.00911687 14.9187 0.0271672 0.0852585 0.0147017 0.119219 289 7
345.048 -2.44713 0.0112902 14.9248 0.0246641 0.0769734 -0.0312884 0.119043 290 4
346.242 -2.4313 0.0132634 14.9247 0.0230183 -0.00116825 -0.0205724 0.120468 291 5
347.436 -2.41326 0.0151048 14.9272 0.0254385 0.0312448 0.030253 0.119499 292 8
348.63 -2.3928 0.0171399 14.9358 0.0234938 0.107348 -0.0243096 0.120441 293 5
349.824 -2.37007 0.0190194 14.9367 0.0215814 0.0108123 -0.0239051 0.118942 294 5
351.019 -2.34528 0.0207459 14.9382 0.0197517 0.0191331 -0.0228706 0.120389 295 5
352.214 -2.3186 0.0223261 14.941 0.0180118 0.0355124 -0.021749 0.11923 296 5
353.409 -2.2902 0.023767 14.9443 0.018981 0.04071 0.0121149 0.117353 297 7
354.604 -2.25997 0.0252855 14.9536 0.0158732 0.116503 -0.0388479 0.121743 298 4
355.8 -2.22821 0.0265553 14.9574 0.014214 0.046742 -0.020739 0.14188 299 5
356.996 -2.19508 0.0276925 14.9573 0.0152791 -0.00119209 0.0133129 0.119198 300 7
358.192 -2.16048 0.0289148 14.9581 0.0122593 0.010848 -0.0377475 0.11731 301 4
359.388 -2.12471 0.0298955 14.9674 0.0107276 0.115168 -0.0191463 0.119373 302 5
360.585 -2.08789 0.0307537 14.9738 0.0105978 0.0802875 -0.0016225 0.119146 303 6
361.782 -2.05005 0.0316016 14.9777 0.0117384 0.0487924 0.0142575 0.11806 304 7
362.98 -2.01106 0.0325406 14.9876 0.0113635 0.123501 -0.00468558 0.116073 305 6
364.178 -1.97096 0.0334497 14.9837 0.0108884 -0.0477433 -0.00593854 0.118322 306 6
365.376 -1.92983 0.0343208 14.993 0.0104399 0.115991 -0.005607 0.115983 307 6
366.575 -1.88767 0.035156 14.9969 0.00726634 0.0490427 -0.0396693 0.118648 308 4
367.774 -1.8448 0.0357373 14.9971 0.00568168 0.0017643 -0.0198082 0.119066 309 5
368.973 -1.80139 0.0361918 14.9923 0.00549944 -0.0595093 -0.00227798 0.116427 310 6
370.171 -1.75747 0.0366318 14.9991 0.0040199 0.0842094 -0.0184943 0.118139 311 5
371.37 -1.71314 0.0369534 15.0002 -6.09523e-05 0.0142694 -0.0510106 0.119357 312 3
372.57 -1.66881 0.0369485 14.9976 -0.00109318 -0.0327945 -0.0129029 0.123133 313 5
373.769 -1.62459 0.036861 15.0065 0.000650073 0.111461 0.0217907 0.120878 314 7
374.968 -1.58029 0.036913 15.0035 -0.00186763 -0.0377059 -0.0314713 0.122607 315 4
376.168 -1.53617 0.0367636 15.0096 -0.00146417 0.0762582 0.00504332 0.12233 316 6
377.368 -1.49218 0.0366465 15.0125 -0.00246864 0.036478 -0.0125559 0.119894 317 5
378.568 -1.44841 0.036449 15.0113 -0.00338471 -0.0153542 -0.0114508 0.120453 318 5
379.768 -1.40497 0.0361782 15.0057 -0.00288771 -0.069499 0.00621251 0.122027 319 6
380.968 -1.36183 0.0359472 15.0119 -0.00377295 0.0770688 -0.0110656 0.12218 320 5
382.168 -1.31903 0.0356454 15.014 -0.00458701 0.026226 -0.0101757 0.12111 321 5
383.368 -1.27666 0.0352784 15.0127 -0.00399732 -0.015986 0.00737109 0.121126 322 6
384.569 -1.23469 0.0349586 15.0168 -0.00213335 0.0508904 0.0232997 0.119749 323 7
385.769 -1.1929 0.034788 15.0174 -0.00181537 0.00858307 0.0039747 0.120643 324 6
386.97 -1.15129 0.0346427 15.0141 -0.00157435 -0.0421166 0.00301282 0.120732 325 6
388.17 -1.10984 0.0345168 15.0186 -0.00402602 0.0565529 -0.0306459 0.12075 326 4
389.371 -1.06877 0.0341947 15.0151 -0.00625229 -0.0439644 -0.0278285 0.120917 327 4
390.572 -1.0283 0.0336945 15.0114 -0.00690603 -0.0462532 -0.00817163 0.117998 328 5
391.772 -0.988505 0.033142 15.0123 -0.00748327 0.0118256 -0.00721558 0.122156 329 5
392.972 -0.949428 0.0325434 15.0154 -0.00932406 0.0383854 -0.0230098 0.120204 330 4
394.173 -0.911238 0.0317975 15.0133 -0.00695867 -0.0262737 0.0295673 0.121543 331 7
395.373 -0.873722 0.0312408 15.0109 -0.00750075 -0.0301838 -0.00677599 0.121261 332 5
396.574 -0.836933 0.0306407 15.0159 -0.00526323 0.0630021 0.0279689 0.120935 333 7
397.774 -0.800636 0.0302196 15.0138 -0.00863652 -0.0262737 -0.0421661 0.135517 334 3
398.975 -0.765174 0.0295287 15.0084 -0.00631342 -0.0674248 0.0290388 0.122053 335 7
400.175 -0.730331 0.0290236 15.0042 -0.00689517 -0.0524998 -0.00727196 0.12287 336 5
