1.12 10 0 14.0438 -0.00400715 0.547397 -0.0500893 0.068981 1 5
2.2435 9.99964 -0.000320572 14.0856 -0.00624414 0.522804 -0.0279625 0.079475 2 6
3.37035 9.99872 -0.000820103 14.1261 -0.0109195 0.505686 -0.0584421 0.079285 3 4
4.50044 9.9968 -0.00169366 14.1651 -0.0123793 0.487399 -0.0182476 0.077069 4 6
5.63364 9.99376 -0.00268401 14.2024 -0.0163326 0.467098 -0.0494159 0.074744 5 4
6.76982 9.98923 -0.00399062 14.2372 -0.0171115 0.434029 -0.00973607 0.073809 6 6
7.90878 9.98312 -0.00535954 14.2699 -0.019079 0.408888 -0.0245942 0.076082 7 5
9.05034 9.97526 -0.00688586 14.3018 -0.0207617 0.399101 -0.0210337 0.075612 8 5
10.1944 9.96548 -0.00854679 14.3322 -0.0194672 0.380099 0.016182 0.07589 9 7
11.341 9.9539 -0.0101042 14.3606 -0.0195484 0.354934 -0.00101589 0.074786 10 6
12.4897 9.94049 -0.011668 14.3893 -0.0195161 0.358212 0.000403938 0.075446 11 6
13.6408 9.92526 -0.0132293 14.4156 -0.0207439 0.329053 -0.0153473 0.07513 12 5
14.7939 9.90809 -0.0148888 14.4411 -0.0190347 0.318432 0.0213647 0.075159 13 7
15.949 9.88914 -0.0164116 14.465 -0.0254141 0.299895 -0.0797424 0.07559 14 2
17.106 9.86779 -0.0184447 14.4893 -0.0256996 0.303018 -0.00356804 0.07504 15 5
18.2649 9.84403 -0.0205007 14.5116 -0.0244788 0.27864 0.0152597 0.074725 16 6
19.4256 9.81796 -0.022459 14.5333 -0.0232483 0.27163 0.0153808 0.07404 17 6
20.5879 9.78969 -0.0243189 14.5546 -0.0233615 0.266147 -0.0014144 0.077388 18 5
21.7518 9.7592 -0.0261878 14.5747 -0.0206457 0.251472 0.0339464 0.072212 19 7
22.9174 9.72674 -0.0278395 14.5935 -0.0194367 0.234556 0.0151127 0.075755 20 6
24.0843 9.69243 -0.0293944 14.6111 -0.0182315 0.220191 0.0150656 0.076428 21 6
25.2527 9.65637 -0.0308529 14.6287 -0.0183848 0.22049 -0.00191713 0.076783 22 5
26.4224 9.61855 -0.0323237 14.6458 -0.0184145 0.212765 -0.000371179 0.078573 23 5
27.5934 9.57896 -0.0337969 14.6602 -0.0156272 0.180447 0.0348412 0.075558 24 7
28.7654 9.53786 -0.035047 14.6743 -0.0170526 0.176418 -0.0178166 0.074884 25 4
29.9386 9.49513 -0.0364112 14.6875 -0.0209054 0.164664 -0.0481599 0.072599 26 3
31.1128 9.45039 -0.0380837 14.7001 -0.0188813 0.157988 0.0253014 0.074979 27 6
32.2878 9.40384 -0.0395942 14.7134 -0.0182881 0.166321 0.00741465 0.073983 28 5
33.4639 9.35553 -0.0410572 14.7253 -0.0189766 0.14801 -0.00860603 0.075462 29 4
34.6409 9.30539 -0.0425753 14.7374 -0.016803 0.151706 0.0271695 0.074715 30 6
35.8187 9.25362 -0.0439196 14.7489 -0.0147219 0.144267 0.0260133 0.075283 31 6
36.9975 9.20043 -0.0450973 14.7606 -0.0140935 0.145841 0.007855 0.077787 32 5
38.177 9.14587 -0.0462248 14.7708 -0.0107417 0.127137 0.0418981 0.076396 33 7
39.3574 9.09025 -0.0470842 14.7816 -0.00763984 0.134766 0.0387731 0.073671 34 7
40.5386 9.03387 -0.0476953 14.7914 -0.00611095 0.123096 0.0191111 0.074361 35 6
41.7205 8.97687 -0.0481842 14.8007 -0.00332479 0.116551 0.0348271 0.075621 36 7
42.9032 8.91953 -0.0484502 14.8095 -0.000787543 0.110054 0.0317156 0.077911 37 7
44.0866 8.86207 -0.0485132 14.8163 0.000215945 0.0850558 0.0125436 0.075043 38 6
45.2705 8.80461 -0.0484959 14.8248 -0.000195448 0.106311 -0.00514241 0.074591 39 5
46.4551 8.7471 -0.0485116 14.8317 -0.00185817 0.0857115 -0.0207841 0.074556 40 4
47.6402 8.68939 -0.0486602 14.8392 -0.0019867 0.0932217 -0.00160653 0.073714 41 5
48.8259 8.63146 -0.0488192 14.8468 -0.000701291 0.0950575 0.0160675 0.075494 42 6
50.0122 8.57343 -0.0488753 14.8534 0.000497806 0.082612 0.0149887 0.074615 43 6
51.1991 8.51542 -0.0488354 14.8599 0.00161381 0.080967 0.0139501 0.075465 44 6
52.3865 8.45754 -0.0487063 14.8653 0.00399505 0.068593 0.0297655 0.074167 45 7
53.5743 8.40002 -0.0483867 14.8726 0.00480458 0.0904083 0.0101191 0.074726 46 6
54.7627 8.34293 -0.0480024 14.8782 0.00555143 0.0708461 0.00933562 0.073831 47 6
55.9516 8.28635 -0.0475582 14.8835 0.00623282 0.0658155 0.00851739 0.075093 48 6
57.141 8.23033 -0.0470596 14.8899 0.00818822 0.0798225 0.0244425 0.074605 49 7
58.3309 8.17508 -0.0464046 14.8951 0.00861078 0.0647306 0.00528202 0.075391 50 6
59.5213 8.12062 -0.0457157 14.8988 0.00765151 0.0462532 -0.0119909 0.077359 51 5
60.712 8.06688 -0.0451036 14.9054 0.006768 0.0832319 -0.0110439 0.074305 52 5
61.9032 8.01376 -0.0445621 14.9084 0.00466109 0.037086 -0.0263364 0.075837 53 4
63.0947 7.96107 -0.0441893 14.913 0.00544924 0.0580192 0.00985194 0.075967 54 6
64.2866 7.90889 -0.0437533 14.9165 0.0048301 0.0428796 -0.00773923 0.075069 55 5
65.4788 7.85716 -0.0433669 14.9205 0.00295078 0.0498891 -0.0234915 0.075164 56 4
66.6713 7.80569 -0.0431308 14.9266 0.00261261 0.0761986 -0.00422708 0.075912 57 5
67.8644 7.75445 -0.0429218 14.93 0.00100248 0.043416 -0.0201267 0.077516 58 4
69.0577 7.7033 -0.0428416 14.9332 0.00226302 0.0394583 0.0157568 0.072459 59 6
70.2512 7.65235 -0.0426606 14.9373 0.0020701 0.0509739 -0.00241155 0.07767 60 5
71.4451 7.60158 -0.042495 14.9385 0.000585871 0.0156164 -0.0185528 0.07434 61 4
72.6392 7.55087 -0.0424481 14.9412 0.000625108 0.0342369 0.000490456 0.073894 62 5
73.8334 7.50021 -0.0423981 14.9443 0.000686679 0.0377655 0.000769641 0.079611 63 5
75.0278 7.4496 -0.0423432 14.9486 0.00077885 0.054419 0.00115214 0.077646 64 5
76.2227 7.39905 -0.0422809 14.9506 0.00089061 0.0250816 0.001397 0.075206 65 5
77.4177 7.34858 -0.0422096 14.9519 0.00102692 0.015831 0.00170389 0.074803 66 5
78.6127 7.2982 -0.0421275 14.9534 0.00250506 0.0191689 0.0184767 0.074724 67 6
79.808 7.24806 -0.0419271 14.9558 0.00386137 0.0299454 0.0169539 0.075776 68 6
81.0034 7.19828 -0.0416182 14.9565 0.00509936 0.00866652 0.0154748 0.077378 69 6
82.1989 7.14899 -0.0412102 14.9807 0.0025744 0.302231 -0.031562 0.075569 70 2
83.3963 7.09986 -0.0410043 14.9859 -0.000274676 0.0650525 -0.0356134 0.07539 71 3
84.5942 7.05069 -0.0410262 14.9869 0.001443 0.01297 0.0214709 0.075808 72 6
85.7922 7.00165 -0.0409108 14.9859 0.00301471 -0.0132799 0.0196464 0.074987 73 6
86.99 6.95291 -0.0406696 14.985 0.00174983 -0.0115752 -0.015811 0.07511 74 4
88.1879 6.90433 -0.0405296 14.9836 0.000649097 -0.0165105 -0.0137591 0.074816 75 4
89.3856 6.85583 -0.0404777 14.983 0.00103881 -0.00751019 0.0048714 0.076704 76 5
90.5832 6.80742 -0.0403946 14.9825 0.00274638 -0.00631809 0.0213446 0.075447 77 6
91.7809 6.75928 -0.0401749 14.9823 0.00161943 -0.00226498 -0.0140868 0.075222 78 4
92.9785 6.7113 -0.0400453 14.9822 0.000641139 -0.00197887 -0.0122287 0.076109 79 4
94.1761 6.66337 -0.039994 14.9804 -0.000206504 -0.022459 -0.0105955 0.076277 80 4
95.3736 6.61544 -0.0400106 14.9823 0.000396489 0.0235558 0.00753741 0.074006 81 5
96.5712 6.56753 -0.0399788 14.9803 0.00365048 -0.0241041 0.0406749 0.074604 82 7
97.7687 6.51998 -0.0396868 14.9844 -0.000125175 0.0509977 -0.0471957 0.077467 83 3
98.9665 6.47241 -0.0396968 14.9852 -0.000798125 0.00958443 -0.00841187 0.07599 84 4
100.164 6.42475 -0.0397607 14.9906 -0.00382466 0.0682354 -0.0378317 0.075413 85 2
101.363 6.37672 -0.0400666 15.021 -0.00366513 0.379002 0.00199407 0.074591 86 1
102.563 6.32823 -0.0403598 15.0202 -0.00249683 -0.00977516 0.0146038 0.074792 87 5
103.764 6.27951 -0.0405596 15.0256 -0.00276942 0.067389 -0.00340735 0.075503 88 4
104.965 6.2305 -0.0407811 15.0258 -0.00464632 0.00302792 -0.0234613 0.073746 89 3
106.166 6.18104 -0.0411528 15.0256 -0.00651777 -0.00275373 -0.0233932 0.074322 90 3
107.367 6.13096 -0.0416743 15.0247 -0.00621186 -0.011301 0.00382384 0.074531 91 4
108.568 6.08029 -0.0421712 15.0202 -0.00451964 -0.0562072 0.0211528 0.075694 92 5
109.769 6.0292 -0.0425328 15.0195 -0.00430105 -0.00936985 0.0027324 0.074958 93 4
110.969 5.97769 -0.0428769 15.0181 -0.00405026 -0.0171423 0.0031349 0.075701 94 4
112.169 5.92581 -0.0432009 15.0158 -0.00376162 -0.0289202 0.00360795 0.075775 95 4
113.369 5.87357 -0.0435018 15.0167 -0.0088102 0.0121832 -0.0631073 0.075686 96 1
114.57 5.82048 -0.0442066 15.0179 -0.0132635 0.0145912 -0.0556657 0.075068 97 1
115.77 5.76611 -0.0452677 15.0193 -0.0171564 0.017333 -0.0486617 0.077095 98 1
116.97 5.71009 -0.0466402 15.0193 -0.0205285 0.000190735 -0.0421508 0.074034 99 1
118.17 5.6521 -0.0482825 15.0209 -0.0247531 0.0203848 -0.0528083 0.073883 100 0
119.37 5.59172 -0.0502628 15.0192 -0.0270763 -0.0211835 -0.0290397 0.075205 101 1
120.57 5.52876 -0.0524289 15.0175 -0.0236656 -0.0214219 0.0426335 0.075273 102 4
121.77 5.46353 -0.0543221 15.0209 -0.0257829 0.0424862 -0.0264657 0.090867 103 1
122.97 5.39581 -0.0563847 15.0196 -0.0221822 -0.016439 0.0450078 0.074864 104 4
124.169 5.32596 -0.0581593 15.0199 -0.0188005 0.00386238 0.0422721 0.073595 105 4
125.369 5.25432 -0.0596634 15.0199 -0.0156297 0.00025034 0.0396346 0.076558 106 4
126.568 5.18117 -0.0609137 15.023 -0.0180079 0.0387669 -0.0297271 0.075092 107 1
127.767 5.10628 -0.0623544 15.024 -0.0199948 0.0114799 -0.024837 0.072909 108 1
128.967 5.02946 -0.063954 15.0298 -0.0216802 0.0735283 -0.0210665 0.074486 109 1
130.167 4.95053 -0.0656884 15.0272 -0.021689 -0.0331283 -0.000110734 0.076183 110 2
131.366 4.86954 -0.0674235 15.0295 -0.0215744 0.0290632 0.00143207 0.07662 111 2
132.566 4.78646 -0.0691494 15.0326 -0.0226417 0.0382662 -0.013341 0.077498 112 1
133.765 4.7012 -0.0709608 15.0323 -0.023401 -0.003016 -0.00949106 0.074746 113 1
134.965 4.61369 -0.0728329 15.0321 -0.0239175 -0.00346899 -0.0064563 0.076761 114 1
136.164 4.52388 -0.0747463 15.0338 -0.0242089 0.0222206 -0.00364271 0.076301 115 1
137.363 4.43175 -0.076683 15.0342 -0.0256502 0.00500679 -0.0180164 0.074993 116 0
138.562 4.33715 -0.078735 15.0305 -0.0253622 -0.0464439 0.00360063 0.07591 117 1
139.761 4.24014 -0.080764 15.0235 -0.0197014 -0.087738 0.0707604 0.077409 118 5
140.958 4.14129 -0.0823401 15.0187 -0.0143584 -0.0606537 0.0667868 0.076394 119 4
142.156 4.04109 -0.0834887 15.0175 -0.00944983 -0.014472 0.0613573 0.076109 120 4
143.353 3.94 -0.0842447 15.013 -0.0046486 -0.056386 0.0600155 0.076416 121 5
144.55 3.8385 -0.0846166 15.0099 -0.000486512 -0.0384808 0.0520261 0.076002 122 4
145.746 3.73696 -0.0846555 15.0115 0.00366533 0.0203013 0.0518981 0.074711 123 5
146.943 3.63577 -0.0843623 15.0104 0.00755116 -0.0139832 0.0485728 0.074234 124 5
148.139 3.53531 -0.0837582 15.0097 0.0106053 -0.00953674 0.0381762 0.074272 125 4
149.336 3.43587 -0.0829098 15.0107 0.0141827 0.0128984 0.0447176 0.074653 126 5
150.533 3.33778 -0.0817752 15.0101 0.0175397 -0.00683069 0.0419631 0.075065 127 5
151.73 3.24137 -0.080372 15.0121 0.020642 0.0240803 0.0387783 0.075015 128 5
152.927 3.14692 -0.0787207 15.0106 0.0234987 -0.0179648 0.0357091 0.075695 129 5
154.124 3.05474 -0.0768408 15.0071 0.0249008 -0.0438452 0.017526 0.073896 130 4
155.322 2.96496 -0.0748487 15.0066 0.0273389 -0.00607967 0.030476 0.073912 131 5
156.519 2.87781 -0.0726616 15.0051 0.0294984 -0.0197411 0.026994 0.073511 132 5
157.716 2.79349 -0.0703017 15.0013 0.0306209 -0.0471354 0.0140315 0.074269 133 4
158.914 2.71212 -0.0678521 15.0009 0.0325572 -0.00452995 0.0242037 0.07406 134 4
160.111 2.63387 -0.0652475 14.9949 0.033985 -0.0751376 0.017848 0.079979 135 5
161.308 2.55891 -0.0625287 14.9935 0.0351551 -0.0176311 0.0146261 0.073674 136 5
162.506 2.48733 -0.0597163 14.9922 0.0360736 -0.0156999 0.0114813 0.074331 137 5
163.703 2.4192 -0.0568304 14.9905 0.0365239 -0.0218987 0.00562808 0.071558 138 5
164.901 2.35459 -0.0539085 14.9918 0.0380404 0.0164747 0.0189569 0.074436 139 4
166.098 2.29361 -0.0508652 14.9737 0.0285608 -0.226033 -0.118495 0.074689 140 0
167.295 2.23544 -0.0485804 14.9529 0.0198196 -0.260413 -0.109266 0.075221 141 0
168.49 2.17924 -0.0469948 14.9305 0.0116755 -0.280428 -0.101801 0.074272 142 0
169.683 2.12424 -0.0460608 14.8886 0.00302723 -0.523794 -0.108103 0.074675 143 0
170.873 2.06969 -0.0458186 14.8056 -0.00673632 -1.03655 -0.122044 0.073527 144 0
172.056 2.0148 -0.0463575 14.8241 0.000251473 0.231254 0.0873474 0.072969 145 3
173.241 1.95987 -0.0463374 14.8373 0.00282753 0.164032 0.0322007 0.075955 146 4
174.426 1.90515 -0.0461112 14.8469 0.005342 0.120223 0.0314309 0.07259 147 3
175.613 1.85091 -0.0456838 14.8544 0.00746769 0.0936866 0.0265712 0.074395 148 3
176.8 1.79735 -0.0450864 14.8628 0.0116193 0.105095 0.0518946 0.074454 149 2
177.988 1.74486 -0.0441568 14.8743 0.0130082 0.143838 0.0173613 0.072618 150 3
179.177 1.69357 -0.0431162 14.8783 0.0141707 0.0500679 0.0145321 0.073609 151 3
180.366 1.64362 -0.0419825 14.8904 0.0166759 0.151896 0.0313152 0.070417 152 2
181.556 1.59521 -0.0406485 14.8931 0.0163098 0.0332117 -0.00457652 0.075391 153 3
182.747 1.54835 -0.0393437 14.8963 0.0170203 0.0399351 0.00888072 0.072825 154 3
183.938 1.50309 -0.0379821 14.9086 0.0177887 0.154495 0.00960585 0.072147 155 4
185.13 1.4595 -0.036559 14.9142 0.0184537 0.0696898 0.0083125 0.072645 156 4
186.322 1.41765 -0.0350827 14.9189 0.0190591 0.0585794 0.00756716 0.072004 157 4
187.515 1.37761 -0.0335579 14.9216 0.0202267 0.0341058 0.0145951 0.073462 158 4
188.708 1.33948 -0.0319398 14.9293 0.0208222 0.0957847 0.00744353 0.07403 159 4
189.902 1.30333 -0.030274 14.9295 0.0212074 0.00209808 0.00481533 0.072649 160 4
191.096 1.26921 -0.0285774 14.9356 0.0216182 0.0772595 0.00513485 0.072437 161 4
192.29 1.23713 -0.026848 14.9493 0.0242808 0.170505 0.0332818 0.071963 162 3
193.486 1.20735 -0.0249055 14.9581 0.0245298 0.109768 0.00311311 0.071461 163 5
194.682 1.1799 -0.0229431 14.9628 0.0242376 0.0592232 -0.00365321 0.072928 164 4
195.879 1.15475 -0.0210041 14.9643 0.0241262 0.0187516 -0.00139214 0.071931 165 4
197.076 1.13192 -0.019074 14.9636 0.0241635 -0.0082612 0.000466593 0.071367 166 4
198.272 1.1114 -0.0171409 14.9713 0.0246649 0.0959516 0.00626764 0.071524 167 5
199.47 1.09324 -0.0151677 14.9812 0.0265401 0.12331 0.0234402 0.073486 168 7
200.668 1.0776 -0.0130445 14.9864 0.0265881 0.0653148 0.000599446 0.070826 169 5
201.867 1.06452 -0.0109175 14.9902 0.0259996 0.0478864 -0.00735661 0.071463 170 4
203.066 1.05392 -0.00883751 14.9886 0.0257313 -0.020802 -0.00335313 0.070942 171 4
204.266 1.04579 -0.006779 14.986 0.0268478 -0.0321269 0.0139563 0.070698 172 6
205.464 1.04024 -0.00463118 14.9872 0.0277315 0.0154376 0.0110459 0.070648 173 6
206.663 1.03734 -0.00241266 14.99 0.0258552 0.0349998 -0.023454 0.072042 174 4
207.863 1.03693 -0.000344242 14.9877 0.0239609 -0.0297785 -0.0236785 0.072053 175 4
209.062 1.03882 0.00157263 14.9858 0.0247784 -0.0234842 0.0102188 0.069533 176 6
210.26 1.04308 0.0035549 14.9874 0.0227704 0.0207424 -0.0250997 0.072183 177 4
211.459 1.04953 0.00537654 14.9898 0.0221443 0.0299215 -0.00782649 0.069025 178 5
212.659 1.0581 0.00714808 14.989 0.0201531 -0.0110865 -0.0248906 0.071259 179 4
213.858 1.0686 0.00876033 14.9884 0.0182648 -0.00675917 -0.0236036 0.071395 180 4
215.057 1.08086 0.0102215 14.9867 0.0164664 -0.0219226 -0.0224793 0.06903 181 4
216.256 1.09469 0.0115388 14.9857 0.0147548 -0.0125051 -0.0213961 0.070947 182 4
217.454 1.10994 0.0127192 14.9898 0.0144707 0.052321 -0.00355074 0.070125 183 5
218.653 1.12658 0.0138769 14.9879 0.0127939 -0.0237942 -0.0209598 0.070703 184 4
219.852 1.14445 0.0149004 14.9931 0.00883539 0.0639439 -0.0494814 0.073614 185 3
221.052 1.16316 0.0156072 14.9952 0.00760574 0.0273705 -0.0153707 0.070887 186 4
222.251 1.18262 0.0162157 14.9996 0.00392527 0.0543952 -0.0460058 0.07181 187 3
223.451 1.20245 0.0165297 15.0046 0.000525287 0.0631213 -0.0424998 0.073071 188 3
224.651 1.22234 0.0165717 15.0043 3.3411e-05 -0.00481606 -0.00614845 0.071743 189 4
225.851 1.24224 0.0165744 15.0039 -0.00306409 -0.00419617 -0.0387188 0.071292 190 3
227.051 1.26184 0.0163293 15.0051 -0.00716106 0.0144124 -0.051212 0.072786 191 2
228.252 1.28075 0.0157564 15.0077 -0.00953387 0.0325561 -0.0296602 0.069341 192 3
229.452 1.29875 0.0149937 15.0123 -0.00763434 0.0577688 0.0237442 0.071575 193 5
230.653 1.31602 0.0143829 15.0096 -0.00590126 -0.0333786 0.0216635 0.071189 194 5
231.854 1.33273 0.0139108 15.0131 -0.00834551 0.0434756 -0.0305532 0.06965 195 3
233.055 1.34863 0.0132432 15.0133 -0.0105124 0.00187159 -0.0270861 0.070886 196 3
234.255 1.36353 0.0124022 15.0128 -0.00706686 -0.0059247 0.0430693 0.06953 197 6
235.456 1.37774 0.0118368 15.014 -0.00527675 0.0153422 0.0223764 0.07152 198 5
236.657 1.39145 0.0114147 15.0102 -0.00768144 -0.0474453 -0.0300586 0.071287 199 3
237.858 1.40442 0.0108002 15.0092 -0.00447831 -0.0131011 0.0400392 0.070957 200 6
239.059 1.41696 0.0104419 15.0079 -0.00691579 -0.015831 -0.0304686 0.089174 201 3
240.259 1.42883 0.00988865 15.0052 -0.0050698 -0.0338554 0.0230749 0.071847 202 5
241.46 1.44021 0.00948306 15.0034 -0.00205434 -0.0223279 0.0376933 0.071953 203 6
242.66 1.4514 0.00931872 14.9966 -0.0046993 -0.0854254 -0.033062 0.069537 204 3
243.86 1.46213 0.00894277 14.998 -0.00706566 0.0176311 -0.0295796 0.072106 205 3
245.06 1.47218 0.00837752 15.0012 -0.00648047 0.0400662 0.00731492 0.072329 206 4
246.26 1.48161 0.00785908 15.0044 -0.00861563 0.0403762 -0.0266895 0.071211 207 3
247.46 1.49022 0.00716983 15.0051 -0.0104935 0.00858307 -0.023473 0.069861 208 3
248.66 1.49782 0.00633036 15.0058 -0.00946272 0.00895262 0.0128844 0.070611 209 4
249.861 1.50451 0.00557334 15.0119 -0.00715689 0.0761986 0.0288229 0.069518 210 5
251.062 1.51051 0.00500079 15.0162 -0.00505631 0.0531793 0.0262572 0.070276 211 5
252.263 1.51603 0.00459628 15.0181 -0.00716515 0.0240326 -0.0263604 0.072294 212 3
253.464 1.52087 0.00402307 15.0172 -0.00635043 -0.0118256 0.010184 0.071704 213 4
254.666 1.52509 0.00351504 15.017 -0.00827268 -0.00189543 -0.0240281 0.08619 214 3
255.867 1.52852 0.00285322 15.0184 -0.00995679 0.0177622 -0.0210514 0.072191 215 3
257.069 1.53099 0.00205668 15.0194 -0.00741805 0.0120163 0.0317342 0.07235 216 5
258.27 1.53275 0.00146323 15.0224 -0.0064386 0.0373483 0.0122431 0.07222 217 4
259.472 1.53389 0.000948147 15.0287 -0.00553151 0.079596 0.0113386 0.090237 218 4
260.674 1.53449 0.000505625 15.0297 -0.00334146 0.0115752 0.0273756 0.07129 219 5
261.877 1.53478 0.000238308 15.0331 -0.00270413 0.0424385 0.00796663 0.072318 220 4
263.079 1.53481 2.19775e-05 15.0353 0.000564772 0.028646 0.0408613 0.071039 221 6
264.282 1.53489 6.71593e-05 15.0364 -0.00319733 0.0128865 -0.0470262 0.071675 222 2
265.485 1.53466 -0.000188627 15.0376 -0.00120826 0.0147223 0.0248633 0.071675 223 5
266.688 1.53432 -0.000285288 15.0293 -0.00698275 -0.102949 -0.0721811 0.073676 224 1
267.89 1.5333 -0.000843908 15.0133 -0.0133327 -0.200593 -0.0793742 0.075455 225 0
269.091 1.53101 -0.00191052 14.9411 -0.0232188 -0.901926 -0.123576 0.072171 226 1
270.287 1.52651 -0.00376803 14.856 -0.0351024 -1.06459 -0.148545 0.073415 227 2
271.475 1.51869 -0.00657622 14.8498 -0.0260601 -0.0766754 0.113029 0.072907 228 7
272.663 1.5084 -0.00866102 14.8058 -0.0100788 -0.549793 0.199766 0.071903 229 3
273.847 1.49719 -0.00946732 14.732 0.00199992 -0.92274 0.150984 0.073007 230 5
275.026 1.48622 -0.00930733 14.6457 0.0144437 -1.07957 0.155547 0.075416 231 5
276.198 1.47667 -0.00815183 14.5605 0.0286754 -1.06401 0.177896 0.071711 232 5
277.362 1.46984 -0.0058578 14.4991 0.0408488 -0.768459 0.152168 0.089135 233 4
278.522 1.46684 -0.0025899 14.4297 0.0499615 -0.867283 0.113908 0.072378 234 5
279.677 1.46846 0.00140702 14.3673 0.0598503 -0.779569 0.123611 0.074652 235 4
280.826 1.47558 0.00619504 14.3014 0.0664236 -0.823319 0.0821652 0.073638 236 5
281.97 1.48875 0.0115089 14.2582 0.0737257 -0.540996 0.0912772 0.074136 237 4
283.111 1.50861 0.017407 14.2176 0.0795547 -0.506806 0.0728617 0.074122 238 4
284.248 1.53564 0.0237714 14.1849 0.0809012 -0.409126 0.0168312 0.073445 239 6
285.382 1.56996 0.0302435 14.1512 0.0828699 -0.421226 0.0246089 0.073345 240 5
286.513 1.61169 0.036873 14.12 0.0836721 -0.38985 0.010028 0.073738 241 5
287.642 1.66089 0.0435668 14.0944 0.0852296 -0.319815 0.0194685 0.073036 242 4
288.768 1.71768 0.0503852 14.091 0.0821563 -0.0431299 -0.0384164 0.072234 243 6
289.893 1.78185 0.0569577 14.0948 0.0784345 0.0474215 -0.0465227 0.074948 244 6
291.019 1.8531 0.0632324 14.113 0.0725623 0.228596 -0.0734026 0.073784 245 7
292.145 1.93098 0.0690374 14.1433 0.0667505 0.377727 -0.0726476 0.073134 246 7
293.273 2.01506 0.0743775 14.1647 0.0608853 0.267482 -0.0733142 0.074835 247 7
294.403 2.10477 0.0792483 14.1877 0.0550902 0.28758 -0.0724388 0.072931 248 7
295.534 2.19961 0.0836555 14.2189 0.0493886 0.390911 -0.0712707 0.081804 249 7
296.667 2.29914 0.0876066 14.2456 0.0436088 0.333047 -0.0722475 0.071656 250 7
297.802 2.40281 0.0910953 14.2796 0.0383042 0.425768 -0.0663067 0.071847 251 7
298.939 2.51022 0.0941596 14.3106 0.033212 0.387526 -0.063653 0.073438 252 7
300.079 2.62088 0.0968166 14.3276 0.0287361 0.212145 -0.0559483 0.072898 253 7
301.22 2.7343 0.0991155 14.3415 0.0246158 0.173378 -0.0515042 0.07411 254 7
302.361 2.85008 0.101085 14.349 0.0211014 0.0940442 -0.0439304 0.071968 255 7
303.503 2.96785 0.102773 14.3609 0.0174207 0.148165 -0.0460081 0.074258 256 7
304.645 3.08731 0.104167 14.3888 0.0131585 0.348902 -0.053277 0.071358 257 7
305.79 3.2082 0.105219 14.412 0.00900998 0.290418 -0.051857 0.073248 258 7
306.937 3.33012 0.10594 14.4376 0.00515471 0.319254 -0.048191 0.074173 259 7
308.085 3.45273 0.106352 14.4694 0.00161859 0.398254 -0.0442015 0.07272 260 7
309.236 3.57575 0.106482 14.4912 -0.00302639 0.272846 -0.0580623 0.072605 261 6
310.389 3.69868 0.10624 14.5141 -0.00731017 0.286293 -0.0535472 0.070721 262 6
311.544 3.82113 0.105655 14.533 -0.0125835 0.235987 -0.0659166 0.073999 263 5
312.7 3.94258 0.104648 14.5504 -0.0173791 0.217736 -0.0599445 0.073683 264 5
313.858 4.06256 0.103258 14.6123 -0.0243388 0.773656 -0.0869967 0.084277 265 6
315.021 4.18079 0.101311 14.6709 -0.0305266 0.732005 -0.0773471 0.089184 266 6
316.189 4.29664 0.0988687 14.687 -0.0347002 0.201309 -0.0521699 0.073153 267 4
317.358 4.40937 0.0960927 14.7016 -0.0343982 0.182331 0.00377446 0.074174 268 7
318.529 4.51899 0.0933408 14.7206 -0.0339818 0.238204 0.00520432 0.075559 269 7
319.702 4.62557 0.0906223 14.7345 -0.0375597 0.172901 -0.0447232 0.073067 270 4
320.876 4.72872 0.0876175 14.7561 -0.036665 0.269973 0.011184 0.071785 271 7
322.053 4.82857 0.0846843 14.7675 -0.035758 0.142968 0.0113377 0.071252 272 7
323.23 4.92513 0.0818237 14.7782 -0.037518 0.133979 -0.0220008 0.073182 273 5
324.409 5.01822 0.0788222 14.7931 -0.0362861 0.186098 0.0153988 0.072316 274 7
325.589 5.10798 0.0759193 14.7971 -0.039134 0.0495911 -0.035599 0.088082 275 4
326.769 5.19407 0.0727886 14.8064 -0.0388656 0.11673 0.00335546 0.072944 276 6
327.951 5.27654 0.0696794 14.8143 -0.0385224 0.0983 0.0042907 0.072275 277 6
329.133 5.35541 0.0665976 14.8183 -0.0380986 0.0499964 0.00529727 0.073289 278 6
330.316 5.43069 0.0635497 14.8294 -0.0375717 0.138688 0.00658548 0.071864 279 6
331.501 5.50247 0.060544 14.8398 -0.0383114 0.130844 -0.00924626 0.072607 280 5
332.686 5.57067 0.057479 14.8427 -0.0361868 0.0350237 0.0265581 0.071709 281 7
333.871 5.63546 0.0545841 14.8453 -0.0381486 0.0336885 -0.024522 0.088436 282 4
335.058 5.69663 0.0515322 14.8494 -0.0384381 0.0510693 -0.00361945 0.082709 283 5
336.244 5.75417 0.0484572 14.853 -0.0372248 0.044477 0.0151667 0.072572 284 6
337.431 5.80819 0.0454792 14.8593 -0.0359826 0.0795007 0.015527 0.072449 285 6
338.619 5.85882 0.0426006 14.8625 -0.036069 0.0396013 -0.00107968 0.073862 286 5
339.807 5.90603 0.0397151 14.8646 -0.0373541 0.0264764 -0.0160643 0.072015 287 4
340.995 5.94969 0.0367267 14.8723 -0.035684 0.096333 0.0208765 0.071698 288 6
342.184 5.98999 0.033872 14.8791 -0.0340322 0.0844717 0.0206475 0.07164 289 6
343.374 6.02706 0.0311494 14.8825 -0.032423 0.0419855 0.0201148 0.073317 290 6
344.564 6.06105 0.0285556 14.8877 -0.0321941 0.0655174 0.00286116 0.072244 291 5
345.755 6.09199 0.02598 14.8913 -0.0318521 0.0444174 0.00427584 0.078035 292 5
346.946 6.1199 0.0234319 14.8941 -0.0300746 0.0359774 0.0222182 0.071233 293 6
348.137 6.14495 0.0210259 14.9058 -0.0296887 0.14534 0.00482372 0.071305 294 5
349.329 6.16719 0.0186508 14.9167 -0.0278781 0.136507 0.0226326 0.071922 295 6
350.522 6.18679 0.0164206 14.9147 -0.0288184 -0.0242591 -0.011754 0.069676 296 4
351.716 6.20363 0.0141151 14.9252 -0.026855 0.130296 0.0245425 0.073037 297 6
352.909 6.21792 0.0119667 14.9347 -0.0249752 0.119042 0.0234984 0.073397 298 6
354.104 6.22983 0.00996868 14.9345 -0.0258551 -0.00209808 -0.0109998 0.072447 299 4
355.299 6.23926 0.00790027 14.9433 -0.0238576 0.110292 0.0249692 0.072224 300 6
356.494 6.24643 0.00599166 14.9487 -0.0246305 0.0672579 -0.00966154 0.073071 301 4
357.69 6.25124 0.00402122 14.9525 -0.0225298 0.047636 0.0262586 0.072613 302 6
358.886 6.25389 0.00221883 14.9607 -0.0218825 0.102389 0.00809229 0.072865 303 5
360.083 6.25445 0.000468233 14.9724 -0.0212111 0.145996 0.00839231 0.072488 304 5
361.281 6.25298 -0.00122865 14.9776 -0.0218215 0.0648737 -0.0076307 0.07342 305 4
362.479 6.24942 -0.00297438 14.9876 -0.0222919 0.125647 -0.00587967 0.07315 306 4
363.678 6.24371 -0.00475773 14.9897 -0.0226025 0.0255108 -0.0038825 0.073382 307 4
364.877 6.23584 -0.00656593 14.9938 -0.0214178 0.0509739 0.014809 0.07196 308 5
366.077 6.22591 -0.00827935 14.9967 -0.0202482 0.0371695 0.01462 0.072544 309 5
367.277 6.21403 -0.00989921 14.9966 -0.0190952 -0.0022769 0.0144123 0.071118 310 5
368.476 6.20032 -0.0114268 14.9953 -0.0179631 -0.0156522 0.0141512 0.087023 311 5
369.676 6.18489 -0.0128639 14.9918 -0.0141637 -0.0436544 0.047492 0.072438 312 7
370.875 6.1681 -0.013997 14.9966 -0.0133545 0.0598311 0.0101157 0.082451 313 5
372.075 6.15003 -0.0150653 14.9948 -0.0112052 -0.0229239 0.0268664 0.073066 314 6
373.274 6.13088 -0.0159617 14.9956 -0.0105582 0.00991821 0.0080869 0.071589 315 5
374.473 6.11072 -0.0168064 14.9937 -0.0112426 -0.0236273 -0.00855508 0.074844 316 4
375.673 6.08949 -0.0177058 14.9908 -0.00911464 -0.0356078 0.0265999 0.076055 317 6
376.872 6.06738 -0.018435 14.9994 -0.00986078 0.107872 -0.00932681 0.074222 318 4
378.072 6.04431 -0.0192238 14.9968 -0.00774732 -0.0335932 0.0264183 0.072653 319 6
379.271 6.02051 -0.0198436 14.9937 -0.00849265 -0.0377417 -0.00931661 0.075193 320 4
380.47 5.99589 -0.020523 14.996 -0.00509814 0.0284553 0.0424313 0.072937 321 7
381.67 5.97078 -0.0209309 14.9896 -0.00332091 -0.0802517 0.0222154 0.074879 322 6
382.869 5.94537 -0.0211966 14.9873 -0.00169148 -0.0282168 0.0203679 0.073797 323 6
384.067 5.91979 -0.0213319 14.9924 -0.00156254 0.0628233 0.00161171 0.075872 324 5
385.266 5.89406 -0.0214569 14.9873 -0.00139993 -0.063169 0.00203263 0.074352 325 5
386.465 5.8682 -0.0215689 14.9819 -0.002555 -0.0681281 -0.0144383 0.072426 326 4
387.663 5.8421 -0.0217733 14.99 -0.00362997 0.102019 -0.0134371 0.075052 327 4
388.862 5.81565 -0.0220637 14.9868 -0.00317144 -0.0397921 0.00573167 0.074703 328 5
390.061 5.78889 -0.0223174 14.9834 -0.00271315 -0.0432491 0.00572861 0.07458 329 5
391.259 5.76188 -0.0225344 14.9869 0.000378861 0.0440836 0.0386501 0.073668 330 7
392.458 5.73491 -0.0225041 14.9893 0.00318653 0.0299931 0.0350959 0.07379 331 7
393.657 5.70823 -0.0222492 14.9782 0.0057083 -0.13845 0.031522 0.07398 332 7
394.855 5.68212 -0.0217926 14.9803 0.00393828 0.0258207 -0.0221252 0.074162 333 4
396.053 5.65638 -0.0214775 14.9872 0.00638052 0.0868917 0.0305281 0.075304 334 7
397.252 5.63124 -0.020967 14.9857 0.00854942 -0.0188828 0.0271112 0.073802 335 7
398.45 5.60693 -0.0202831 14.9896 0.0104795 0.0486851 0.0241255 0.075989 336 7
399.649 5.58361 -0.0194447 14.9953 0.0108424 0.0714302 0.00453669 0.07331 337 6
400.849 5.56133 -0.0185773 15.0004 0.00979005 0.0633836 -0.0131543 0.073698 338 5
