1.12 10 0 14.0256 1.8037e-19 0.319827 2.25463e-18 1.11312 1 10
2.24205 10 1.44296e-20 14.0504 3.49549e-19 0.310206 2.11473e-18 0.508452 2 10
3.36608 10 4.23935e-20 14.0745 5.10599e-19 0.300896 2.01313e-18 0.430463 3 10
4.49204 10 8.32415e-20 14.0978 6.66497e-19 0.291836 1.94873e-18 0.445067 4 10
5.61986 10 1.36561e-19 14.1205 8.08617e-19 0.283086 1.7765e-18 0.446889 5 10
6.7495 10 2.01251e-19 14.1424 9.40775e-19 0.274563 1.65197e-18 0.421585 6 10
7.88089 10 2.76513e-19 14.1637 1.08519e-18 0.266325 1.8052e-18 0.415563 7 10
9.01399 10 3.63328e-19 14.1844 1.26163e-18 0.258327 2.20547e-18 0.458868 8 10
10.1487 10 4.64258e-19 14.2044 1.40764e-18 0.250554 1.82513e-18 0.437039 9 10
11.2851 10 5.7687e-19 14.2239 1.49307e-18 0.243032 1.06784e-18 0.432598 10 10
12.423 10 6.96315e-19 14.2427 1.53752e-18 0.235713 5.5563e-19 0.419348 11 10
13.5624 10 8.19316e-19 14.261 1.56228e-18 0.228643 3.09527e-19 0.468145 12 10
14.7033 10 9.44299e-19 14.2788 1.57804e-18 0.221777 1.97051e-19 0.42389 13 10
15.8456 10 1.07054e-18 14.2959 -0.000797401 0.214565 -0.00996751 0.443202 14 9
16.9893 9.99993 -6.37921e-05 14.3126 -0.00153145 0.208271 -0.0091756 0.417736 15 9
18.1343 9.99971 -0.000186308 14.3287 -0.00300204 0.20082 -0.0183823 0.444424 16 8
19.2806 9.99922 -0.000426471 14.3444 -0.00355425 0.196385 -0.00690262 0.441847 17 9
20.4281 9.99841 -0.000710811 14.3596 -0.0040543 0.190604 -0.00625073 0.430249 18 9
21.5769 9.99722 -0.00103515 14.3744 -0.00450473 0.184977 -0.00563033 0.438088 19 9
22.7269 9.99562 -0.00139553 14.3888 -0.00490797 0.179517 -0.00504044 0.44579 20 9
23.878 9.99356 -0.00178817 14.4026 -0.00686124 0.172293 -0.024416 0.427716 21 7
25.0302 9.99086 -0.00233707 14.4161 -0.00784826 0.169313 -0.0123377 0.559852 22 8
26.1835 9.98744 -0.00296493 14.4293 -0.0087372 0.164616 -0.0111117 0.612173 23 8
27.3378 9.98322 -0.00366391 14.442 -0.00873391 0.159431 4.10946e-05 0.635114 24 9
28.4932 9.97818 -0.00436262 14.4543 -0.00790583 0.152826 0.010351 0.595267 25 10
29.6495 9.9724 -0.00499509 14.4663 -0.00871764 0.150788 -0.0101476 0.551249 26 8
30.8068 9.96581 -0.0056925 14.4781 -0.00944117 0.146568 -0.0090441 0.552984 27 8
31.965 9.95834 -0.00644779 14.4895 -0.0100809 0.142455 -0.00799688 0.605499 28 8
33.1241 9.94993 -0.00725426 14.5004 -0.00984129 0.1369 0.0029954 0.62826 29 9
34.2841 9.94061 -0.00804157 14.5112 -0.0103904 0.134408 -0.00686338 0.515786 30 8
35.445 9.93031 -0.0088728 14.5216 -0.0108654 0.130594 -0.00593765 0.72446 31 8
36.6066 9.91899 -0.00974203 14.5318 -0.0112703 0.126851 -0.00506215 0.774283 32 8
37.7691 9.90661 -0.0106437 14.5416 -0.0116092 0.123203 -0.00423514 0.729352 33 8
38.9324 9.89315 -0.0115724 14.551 -0.0110847 0.117016 0.00655513 0.693282 34 9
40.0963 9.87865 -0.0124592 14.5601 -0.0105654 0.113451 0.0064912 0.738749 35 9
41.261 9.86315 -0.0133044 14.5691 -0.010853 0.112772 -0.00359381 0.705161 36 8
42.4265 9.84663 -0.0141726 14.5778 -0.0110827 0.109482 -0.00287235 0.705234 37 8
43.5925 9.82907 -0.0150593 14.5861 -0.0104568 0.10308 0.00782382 0.95431 38 9
44.7593 9.81052 -0.0158958 14.5943 -0.0106454 0.103188 -0.00235742 0.671683 39 8
45.9267 9.79097 -0.0167474 14.6023 -0.0107832 0.100136 -0.00172261 0.736171 40 8
47.0947 9.7704 -0.0176101 14.6101 -0.0108734 0.0971437 -0.00112692 0.575073 41 8
48.2633 9.7488 -0.01848 14.6177 -0.0109189 0.0942349 -0.000568945 0.549851 42 8
49.4325 9.72617 -0.0193535 14.6252 -0.0117235 0.0940681 -0.0100569 0.655908 43 7
50.6022 9.70243 -0.0202914 14.6325 -0.0124249 0.0910759 -0.00876746 0.65152 44 7
51.7726 9.67752 -0.0212853 14.6393 -0.0122281 0.0857472 0.00245924 0.563552 45 8
52.9434 9.65145 -0.0222636 14.6456 -0.0112011 0.0783205 0.0128376 0.748916 46 9
54.1148 9.62431 -0.0231597 14.6517 -0.0102126 0.0759602 0.0123561 0.767607 47 9
55.2866 9.59621 -0.0239767 14.6579 -0.0100645 0.0784636 0.00185175 0.95656 48 8
56.4588 9.56716 -0.0247818 14.6636 -0.00908657 0.0711203 0.0122238 0.84426 49 9
57.6316 9.53724 -0.0255088 14.6692 -0.00814792 0.0689983 0.0117331 0.836151 50 9
58.8047 9.50654 -0.0261606 14.6749 -0.00805053 0.0718117 0.0012174 0.877953 51 8
59.9783 9.47507 -0.0268047 14.6801 -0.00712357 0.0645876 0.011587 0.84272 52 9
61.1522 9.44293 -0.0273745 14.6855 -0.0070393 0.0676155 0.00105341 0.80366 53 8
62.3266 9.41011 -0.0279377 14.6903 -0.00612641 0.0604868 0.011411 0.718291 54 9
63.5014 9.37671 -0.0284278 14.6954 -0.00605747 0.0636816 0.000861817 0.694134 55 8
64.6765 9.34272 -0.0289124 14.7003 -0.00596398 0.0616789 0.00116866 0.844279 56 8
65.852 9.30816 -0.0293895 14.7051 -0.00584785 0.0597477 0.00145156 0.870629 57 8
67.0279 9.27304 -0.0298573 14.7098 -0.00571093 0.0578642 0.00171156 0.799762 58 8
68.2041 9.23738 -0.0303142 14.7142 -0.00555495 0.0560284 0.00194965 0.841468 59 8
69.3807 9.20117 -0.0307586 14.7189 -0.00618436 0.0585318 -0.00786756 0.675399 60 7
70.5577 9.16438 -0.0312534 14.7235 -0.00673374 0.0567913 -0.00686726 0.681796 61 7
71.7349 9.12694 -0.0317921 14.7275 -0.00640461 0.0503659 0.00411411 0.629009 62 8
72.9125 9.08888 -0.0323044 14.7318 -0.0068715 0.0535369 -0.00583616 0.769829 63 7
74.0904 9.05017 -0.0328541 14.7355 -0.00646521 0.0469327 0.00507872 0.644485 64 8
75.2686 9.01084 -0.0333714 14.7392 -0.0060572 0.0454068 0.00510004 0.617924 65 8
76.4471 8.97093 -0.0338559 14.7431 -0.00645175 0.0490189 -0.0049318 0.6177 66 7
77.6258 8.93039 -0.0343721 14.7469 -0.00678218 0.0474811 -0.00413044 0.682534 67 7
78.8048 8.88921 -0.0349147 14.7506 -0.00705232 0.045979 -0.00337671 0.643573 68 7
79.9842 8.84735 -0.0354788 14.7537 -0.00646233 0.038898 0.00737484 0.736671 69 8
81.1637 8.80488 -0.0359958 14.7567 -0.0058836 0.0376582 0.00723416 0.673502 70 8
82.3434 8.76184 -0.0364665 14.7596 -0.00531657 0.0364423 0.00708785 0.876034 71 8
83.5234 8.71829 -0.0368918 14.7624 -0.00476166 0.035286 0.00693643 0.724358 72 8
84.7036 8.67428 -0.0372728 14.7652 -0.00421922 0.0341535 0.00678045 0.691238 73 8
85.8839 8.62986 -0.0376103 14.7678 -0.00368959 0.0330687 0.00662041 0.780793 74 8
87.0645 8.58509 -0.0379055 14.7704 -0.00317304 0.0320196 0.00645681 0.660269 75 8
88.2453 8.54001 -0.0381593 14.7728 -0.00266983 0.0309944 0.00629011 0.632176 76 8
89.4262 8.49467 -0.0383729 14.7752 -0.00218017 0.0300169 0.00612077 0.605629 77 8
90.6074 8.44912 -0.0385473 14.7776 -0.00170424 0.0290632 0.00594919 0.610919 78 8
91.7887 8.4034 -0.0386837 14.7803 -0.00204629 0.0336051 -0.00427564 0.674361 79 7
92.9702 8.35748 -0.0388474 14.7829 -0.00233788 0.0324607 -0.00364493 0.727404 80 7
94.152 8.31133 -0.0390344 14.7844 -0.000973313 0.0188351 0.0170571 0.672431 81 9
95.3338 8.26508 -0.0391123 14.7789 0.00128963 -0.0677109 0.0282868 0.940497 82 10
96.5152 8.21897 -0.0390091 14.7749 0.00323963 -0.0508547 0.024375 0.703162 83 10
97.6963 8.17318 -0.0387499 14.7776 0.00260922 0.0342846 -0.00788009 0.959215 84 7
98.8777 8.12762 -0.0385412 14.7803 0.00203897 0.0331283 -0.00712808 0.660583 85 7
100.059 8.08226 -0.0383781 14.7828 0.00152569 0.0320077 -0.0064161 0.698918 86 7
101.241 8.03703 -0.038256 14.7849 0.00187063 0.025928 0.00431179 0.779303 87 8
102.423 7.99196 -0.0381064 14.7869 0.00220199 0.0251174 0.00414205 0.753681 88 8
103.605 7.94711 -0.0379302 14.7889 0.00251986 0.0243425 0.00397331 0.85897 89 8
104.787 7.90248 -0.0377286 14.7907 0.00282432 0.0236034 0.00380581 0.841659 90 8
105.97 7.85811 -0.0375027 14.7918 0.00311498 0.013423 0.00363318 0.899784 91 8
107.152 7.81404 -0.0372535 14.7971 0.00241544 0.0663042 -0.00874423 0.894206 92 6
108.335 7.77018 -0.0370602 14.7987 0.00275897 0.0202179 0.00429411 0.789662 93 8
109.518 7.72657 -0.0368395 14.7984 0.00469676 -0.00429153 0.0242224 0.906597 94 10
110.701 7.68342 -0.0364638 14.7932 0.00651585 -0.0652313 0.0227386 0.988777 95 10
111.884 7.64089 -0.0359425 14.7823 0.00510165 -0.136399 -0.0176775 0.728521 96 6
113.066 7.59888 -0.0355344 14.7865 0.00201922 0.0528097 -0.0385304 0.818403 97 2
114.248 7.55704 -0.0353728 14.7841 0.00404262 -0.0304461 0.0252926 0.812513 98 10
115.43 7.5156 -0.0350494 14.7948 0.000314886 0.134337 -0.0465967 0.808249 99 1
116.613 7.47415 -0.0350242 14.8073 -0.00289397 0.155878 -0.0401107 0.931949 100 1
117.797 7.4324 -0.0352557 14.8162 -0.00591666 0.111449 -0.0377837 0.850903 101 1
118.981 7.39006 -0.0357291 14.816 -0.00776216 -0.00290871 -0.0230687 0.894224 102 2
120.166 7.34698 -0.0363501 14.7775 -0.00804008 -0.480235 -0.00347404 0.976567 103 6
121.347 7.30326 -0.0369933 14.7657 -0.0103485 -0.148058 -0.0288556 0.942044 104 2
122.528 7.25859 -0.0378211 14.7793 -0.0126383 0.169563 -0.0286217 0.83637 105 1
123.709 7.21269 -0.0388322 14.7667 -0.0145918 -0.156653 -0.0244195 0.837185 106 2
124.889 7.16545 -0.0399996 14.7666 -0.0109836 -0.00150204 0.0451028 0.824373 107 10
126.07 7.11717 -0.0408782 14.7669 -0.00760658 0.00367165 0.0422128 0.919954 108 10
127.25 7.06817 -0.0414868 14.7666 -0.0102619 -0.00420809 -0.0331915 1.14831 109 2
128.43 7.01821 -0.0423077 14.7671 -0.0126897 0.00699759 -0.0303472 1.07061 110 2
129.611 6.96705 -0.0433229 14.777 -0.0151869 0.123119 -0.0312149 1.16482 111 1
130.792 6.91441 -0.0445378 14.7879 -0.017349 0.136626 -0.0270268 1.13226 112 1
131.973 6.8601 -0.0459258 14.7972 -0.0193562 0.116634 -0.0250902 0.982511 113 1
133.156 6.80392 -0.0474743 14.7944 -0.0207849 -0.035131 -0.0178587 0.97071 114 2
134.338 6.74579 -0.0491371 14.8036 -0.0222748 0.115323 -0.0186232 1.0966 115 1
135.521 6.68551 -0.050919 14.8121 -0.0236868 0.106251 -0.0176503 0.996713 116 1
136.704 6.62296 -0.052814 14.8182 -0.0249826 0.0754833 -0.0161975 1.04806 117 1
137.888 6.55801 -0.0548126 14.8181 -0.0262733 -0.00128746 -0.0161331 1.05644 118 1
139.071 6.49058 -0.0569145 14.8224 -0.027787 0.0541329 -0.0189213 1.15152 119 0
140.255 6.4205 -0.0591374 14.8218 -0.0298495 -0.0079751 -0.0257817 1.01584 120 0
141.438 6.34759 -0.0615254 14.8055 -0.0329465 -0.203705 -0.0387124 0.991543 121 1
142.62 6.27165 -0.0641611 14.815 -0.0369899 0.1194 -0.050542 1.00302 122 1
143.803 6.19216 -0.0671203 14.8054 -0.0400492 -0.120795 -0.0382414 0.993092 123 0
144.985 6.10893 -0.0703242 14.8102 -0.0433288 0.0598907 -0.0409957 1.04349 124 0
146.166 6.02158 -0.0737905 14.828 -0.0453739 0.223351 -0.0255629 1.01135 125 0
147.349 5.92983 -0.0774204 14.8454 -0.0473918 0.217688 -0.0252246 0.95008 126 0
148.533 5.83349 -0.0812118 14.8669 -0.0491423 0.267899 -0.0218803 1.02574 127 0
149.718 5.73235 -0.0851431 14.8871 -0.0506873 0.252426 -0.0193134 1.0098 128 0
150.904 5.62626 -0.0891981 14.8867 -0.0547725 -0.00413656 -0.0510643 0.911218 129 1
152.09 5.51497 -0.0935799 14.9029 -0.0583095 0.202024 -0.0442128 1.07463 130 1
153.276 5.39803 -0.0982447 14.918 -0.0601303 0.188255 -0.0227598 0.994881 131 1
154.463 5.27526 -0.103055 14.9232 -0.0610864 0.0652313 -0.0119516 0.957607 132 2
155.65 5.14664 -0.107942 14.928 -0.0609177 0.0601411 0.0021087 0.918454 133 2
156.837 5.0122 -0.112815 14.9383 -0.0586995 0.128484 0.0277272 0.849505 134 0
158.023 4.87209 -0.117511 14.9494 -0.0565596 0.139451 0.0267493 1.03737 135 0
159.211 4.7265 -0.122036 14.9624 -0.0548348 0.16216 0.0215595 0.968787 136 1
160.398 4.57557 -0.126423 14.9782 -0.0529221 0.197804 0.023909 0.828133 137 0
161.586 4.41946 -0.130657 14.9995 -0.051014 0.266254 0.0238511 0.826742 138 0
162.775 4.25827 -0.134738 15.0279 -0.0487384 0.355005 0.0284451 1.07428 139 0
163.966 4.09213 -0.138637 15.0607 -0.0464774 0.409174 0.0282629 1.19613 140 0
165.158 3.92119 -0.142355 15.0884 -0.0444152 0.346506 0.0257776 1.12053 141 0
166.353 3.74569 -0.145908 15.1146 -0.0424145 0.328076 0.0250087 1.10615 142 0
167.548 3.56583 -0.149301 15.1381 -0.0409179 0.294065 0.0187069 1.20284 143 0
168.745 3.38177 -0.152575 15.1685 -0.0400317 0.379908 0.0110783 1.07578 144 0
169.944 3.1935 -0.155777 15.1888 -0.0402274 0.253189 -0.00244607 1.19147 145 0
171.144 3.00112 -0.158996 15.2026 -0.041683 0.172663 -0.0181961 1.08548 146 0
172.344 2.80455 -0.16233 15.2084 -0.0439161 0.071919 -0.027913 1.31959 147 0
173.544 2.6037 -0.165844 14.9508 -0.0237541 -3.21957 0.252025 1.24738 148 6
174.723 2.40401 -0.167744 14.6939 -0.00529912 -3.21091 0.230687 1.16655 149 6
175.882 2.20726 -0.168168 14.4868 0.0125253 -2.58844 0.222805 1.25496 150 3
177.025 2.01442 -0.167166 14.3294 0.0324391 -1.96799 0.248923 1.32858 151 7
178.156 1.82661 -0.164571 14.2001 0.047006 -1.61599 0.182086 1.29537 152 10
179.277 1.64472 -0.16081 14.0493 0.0602035 -1.88589 0.164969 1.60157 153 3
180.388 1.4701 -0.155994 13.9335 0.0739384 -1.44711 0.171686 1.29026 154 9
181.49 1.30344 -0.150079 13.8166 0.0864381 -1.46061 0.156246 1.16852 155 9
182.584 1.14574 -0.143164 13.7181 0.0970033 -1.23162 0.132065 1.16331 156 9
183.671 0.99759 -0.135404 13.6392 0.105747 -0.986874 0.109299 0.965893 157 10
184.754 0.85945 -0.126944 13.5197 0.115236 -1.49373 0.118616 1.33195 158 8
185.828 0.732415 -0.117725 13.4414 0.122318 -0.978124 0.0885233 1.641 159 10
186.897 0.616572 -0.107939 13.3681 0.128963 -0.916541 0.0830525 1.95147 160 8
187.961 0.512336 -0.0976224 13.2935 0.136083 -0.932837 0.0890117 2.16841 161 7
189.021 0.42021 -0.0867357 13.2279 0.141212 -0.820148 0.064107 1.98933 162 8
190.076 0.340454 -0.0754387 13.1594 0.147721 -0.855875 0.0813646 2.11772 163 7
191.126 0.273522 -0.063621 13.1094 0.152063 -0.624621 0.0542708 2.12375 164 8
192.174 0.219582 -0.051456 13.048 0.15722 -0.767279 0.0644591 2.224 165 8
193.217 0.179009 -0.0388784 13.0153 0.152124 -0.408793 -0.0636937 2.44007 166 2
194.258 0.151203 -0.0267085 13.0034 0.146392 -0.14863 -0.0716571 2.47704 167 1
195.298 0.135602 -0.0149972 12.9999 0.14064 -0.0443578 -0.0718886 2.46685 168 1
196.338 0.131706 -0.00374595 12.9943 0.134327 -0.0698447 -0.0789212 2.41969 169 1
197.377 0.138983 0.00700019 12.995 0.128386 0.00926256 -0.0742594 2.52648 170 1
198.417 0.156937 0.0172711 12.9132 0.132014 -1.02336 0.0453454 2.49441 171 8
199.449 0.185686 0.0278322 12.8689 0.123389 -0.553834 -0.107807 2.49902 172 2
200.478 0.224492 0.0377033 12.8652 0.115734 -0.0462174 -0.0956886 2.86309 173 1
201.506 0.272809 0.046962 12.8723 0.107721 0.0889421 -0.100157 2.56217 174 0
202.535 0.330014 0.0555797 12.8457 0.100487 -0.331724 -0.0904275 2.64575 175 0
203.56 0.395348 0.0636187 12.7765 0.102926 -0.865662 0.0304863 2.74801 176 9
204.58 0.468727 0.0718528 12.745 0.103866 -0.393486 0.0117444 2.4797 177 9
205.596 0.550373 0.080162 12.7392 0.103547 -0.0731587 -0.00398019 2.33232 178 9
206.611 0.640394 0.0884458 12.7418 0.102506 0.0327587 -0.0130199 2.27375 179 9
207.626 0.738756 0.0966463 12.7501 0.100776 0.103402 -0.0216256 2.27271 180 9
208.64 0.845364 0.104708 12.7501 0.0986218 0.00113249 -0.0269227 2.28749 181 9
209.654 0.959973 0.112598 12.7553 0.0959464 0.0644088 -0.033443 2.1884 182 9
210.667 1.08241 0.120274 12.633 0.0768028 -1.52857 -0.239296 0.999301 183 7
211.669 1.20983 0.126418 12.5539 0.0611705 -0.989127 -0.195403 0.801896 184 0
212.665 1.34133 0.131312 12.4468 0.0436776 -1.33852 -0.218661 0.711842 185 7
213.652 1.47516 0.134806 12.3444 0.0293553 -1.2802 -0.179029 0.716956 186 4
214.63 1.61018 0.137154 12.2794 0.0135004 -0.812626 -0.198187 0.752493 187 8
215.603 1.74554 0.138234 12.2211 -0.00173641 -0.728869 -0.19046 1.27262 188 8
216.571 1.88013 0.138095 12.1647 -0.0146615 -0.70436 -0.161563 1.45239 189 7
217.535 2.01296 0.136922 12.1474 -0.024722 -0.216866 -0.125757 1.58281 190 7
218.498 2.1437 0.134945 12.1463 -0.034905 -0.0127077 -0.127288 1.78743 191 8
219.462 2.27174 0.132152 12.1894 -0.0438952 0.537634 -0.112377 1.96253 192 9
220.429 2.39684 0.128641 12.2153 -0.0528181 0.323725 -0.111537 2.11278 193 19
221.398 2.51811 0.124415 12.2496 -0.0601949 0.429404 -0.0922099 2.13722 194 19
222.371 2.63503 0.1196 12.2826 -0.0669198 0.411952 -0.0840614 2.29281 195 10
223.347 2.74705 0.114246 12.2909 -0.0733759 0.104117 -0.080701 2.16702 196 9
224.325 2.8534 0.108376 12.3545 -0.0775797 0.795031 -0.0525468 2.14273 197 19
225.308 2.9542 0.10217 12.3872 -0.0826978 0.409007 -0.0639769 2.13566 198 10
226.295 3.04875 0.0955538 12.3812 -0.0864253 -0.0750184 -0.046594 2.05134 199 8
227.281 3.13644 0.0886398 12.4067 -0.0901296 0.319064 -0.0463035 2.04039 200 9
228.27 3.21717 0.0814294 12.4084 -0.0919274 0.0204444 -0.0224728 1.90529 201 4
229.26 3.29063 0.0740752 12.4412 -0.0933681 0.41008 -0.0180078 1.88762 202 8
230.254 3.35688 0.0666058 12.4775 -0.0942314 0.453985 -0.0107919 2.03265 203 8
231.25 3.4158 0.0590673 12.5252 -0.0936149 0.596392 0.00770614 2.0191 204 7
232.251 3.46746 0.0515781 12.5807 -0.0937241 0.693703 -0.00136523 2.07953 205 8
233.256 3.51181 0.0440802 12.6504 -0.0928264 0.871599 0.0112214 2.12715 206 1
234.267 3.5489 0.036654 12.7353 -0.0912581 1.06094 0.0196036 1.97369 207 0
235.286 3.5788 0.0293534 12.8157 -0.0889775 1.00484 0.0285084 2.02983 208 1
236.311 3.6016 0.0222352 12.892 -0.0868045 0.954151 0.0271616 2.13996 209 1
237.342 3.61737 0.0152908 12.9614 -0.0840024 0.867534 0.0350269 2.04182 210 2
238.379 3.62625 0.00857064 13.0276 -0.0813032 0.827658 0.0337397 2.06725 211 2
239.421 3.62841 0.00206638 13.0921 -0.0794424 0.805569 0.0232603 0.843278 212 1
240.469 3.62391 -0.00428901 13.1526 -0.0775967 0.756466 0.0230713 0.703985 213 1
241.521 3.61287 -0.0104967 13.2091 -0.075122 0.7061 0.030933 0.667969 214 2
242.577 3.59543 -0.0165065 13.2668 -0.0732531 0.7213 0.0233621 0.70953 215 1
243.638 3.57169 -0.0223667 13.3202 -0.0698085 0.667655 0.043057 0.97938 216 3
244.704 3.54191 -0.0279514 13.3732 -0.0680139 0.662541 0.022432 0.8092 217 1
245.773 3.50619 -0.0333925 13.4191 -0.0661162 0.5741 0.0237215 0.894494 218 2
246.846 3.46467 -0.0386818 13.4643 -0.0657243 0.564528 0.00489866 1.07961 219 0
247.922 3.41736 -0.0439398 13.5025 -0.0657155 0.477827 0.000110734 1.11799 220 0
249.001 3.36424 -0.049197 13.5375 -0.0656734 0.436592 0.000526197 1.33663 221 0
250.082 3.3053 -0.0544509 13.5722 -0.0652697 0.43385 0.00504525 1.26687 222 0
251.166 3.24055 -0.0596725 13.6082 -0.0645226 0.450134 0.00933912 1.09682 223 0
252.252 3.17001 -0.0648343 13.6422 -0.0636289 0.425577 0.0111714 1.99005 224 0
253.341 3.09376 -0.0699246 13.675 -0.0626038 0.409842 0.0128141 2.05641 225 0
254.432 3.01186 -0.0749329 13.355 -0.0457614 -4 0.210529 2.05722 226 4
255.497 2.92798 -0.0785938 13.035 -0.0297884 -4 0.199663 2.09762 227 2
256.536 2.84363 -0.0809769 13.0836 -0.0311535 0.607014 -0.0170635 1.99409 228 0
257.579 2.75636 -0.0834692 13.1289 -0.0325372 0.566387 -0.0172956 1.90139 229 0
258.626 2.66607 -0.0860721 13.1736 -0.0336037 0.558782 -0.0133314 1.54482 230 0
259.676 2.57265 -0.0887604 13.2164 -0.0336948 0.534642 -0.00113901 0.674385 231 1
260.728 2.47609 -0.091456 13.2947 -0.0314051 0.978625 0.0286217 1.10133 232 9
261.787 2.37629 -0.0939684 13.3361 -0.0311766 0.518656 0.00285567 0.676377 233 1
262.849 2.27354 -0.0964625 13.377 -0.0307709 0.510907 0.00507159 0.503399 234 1
263.914 2.16785 -0.0989242 13.4175 -0.0301667 0.506043 0.00755251 1.56472 235 1
264.982 2.05926 -0.101338 13.459 -0.0300948 0.518703 0.000898633 2.29687 236 0
266.053 1.94775 -0.103745 13.4962 -0.0288283 0.465465 0.0158316 2.03733 237 2
267.127 1.83346 -0.106051 13.5336 -0.0287805 0.466514 0.000597513 2.10473 238 0
268.203 1.71638 -0.108354 13.5687 -0.0273979 0.439405 0.0172819 2.13445 239 2
269.282 1.59663 -0.110546 13.6052 -0.0262325 0.456703 0.0145677 2.09094 240 1
270.363 1.47428 -0.112644 13.6452 -0.0250717 0.499737 0.0145104 2.12595 241 0
271.448 1.3494 -0.11465 13.6839 -0.0238844 0.483584 0.0148405 2.00118 242 0
272.535 1.22209 -0.116561 13.7213 -0.0226748 0.467873 0.0151199 1.98719 243 0
273.625 1.09245 -0.118375 13.7576 -0.0214467 0.452662 0.015351 2.20637 244 0
274.718 0.960597 -0.12009 13.7926 -0.0202038 0.437903 0.0155363 2.0551 245 0
275.813 0.826636 -0.121707 13.8265 -0.0189496 0.423598 0.0156781 2.09587 246 0
276.911 0.690682 -0.123223 13.8607 -0.0180745 0.427341 0.0109382 2.30439 247 0
278.011 0.5528 -0.124669 13.5407 0.00435674 -4 0.280391 2.28498 248 3
279.086 0.418477 -0.12432 13.2207 0.0227009 -4 0.229301 2.41581 249 5
280.136 0.289234 -0.122504 12.9264 0.0408406 -3.6788 0.226747 2.4033 250 3
281.162 0.166222 -0.119237 12.6516 0.0562973 -3.43469 0.193209 2.31616 251 4
282.168 0.0503523 -0.114733 12.7184 0.0502813 0.835097 -0.0752003 2.59191 252 0
283.179 -0.0620625 -0.110711 12.6855 0.0368976 -0.410581 -0.167296 4.38736 253 6
284.188 -0.171209 -0.107759 12.7551 0.0325028 0.869846 -0.0549346 2.44328 254 3
285.203 -0.278316 -0.105159 12.9063 0.0274364 1.8894 -0.0633307 2.78169 255 7
286.23 -0.384439 -0.102964 12.9887 0.0231263 1.02962 -0.0538762 4.68294 256 2
287.264 -0.489326 -0.101114 13.0565 0.0196516 0.8479 -0.0434333 3.22391 257 4
288.303 -0.593127 -0.0995414 12.7365 0.0437739 -4 0.301528 2.44716 258 0
289.317 -0.690834 -0.0960395 12.4165 0.0597347 -4 0.199511 2.51374 259 5
290.306 -0.781359 -0.0912607 12.1251 0.0797758 -3.64251 0.250513 2.37145 260 0
291.273 -0.863593 -0.0848787 11.8304 0.0918086 -3.68394 0.15041 2.40184 261 3
292.216 -0.9369 -0.077534 11.5623 0.102988 -3.35054 0.139739 2.43328 262 4
293.139 -1.00095 -0.069295 11.6159 0.089566 0.669515 -0.16777 2.34321 263 0
294.067 -1.05864 -0.0621297 11.6718 0.0771725 0.698423 -0.154919 2.25482 264 0
294.999 -1.11086 -0.0559559 11.725 0.0655132 0.665951 -0.145741 1.96098 265 0
295.936 -1.15841 -0.0507148 11.7779 0.0545968 0.660706 -0.136456 1.87291 266 0
296.877 -1.20207 -0.0463471 11.828 0.0442707 0.625813 -0.129076 1.86109 267 0
297.822 -1.24256 -0.0428054 11.8782 0.0347553 0.627708 -0.118943 2.19833 268 0
298.772 -1.28058 -0.040025 11.5582 0.0579855 -4 0.290377 2.82925 269 10
299.696 -1.3133 -0.0353862 11.5986 0.0454698 0.505018 -0.156446 2.71377 270 6
300.623 -1.34275 -0.0317486 11.2786 0.0623643 -4 0.211181 2.49243 271 4
301.525 -1.36689 -0.0267594 10.9586 0.0736746 -4 0.141378 2.34712 272 7
302.402 -1.38518 -0.0208655 10.6386 0.090338 -4 0.208294 2.2728 273 0
303.253 -1.39679 -0.0136384 10.3186 0.0981785 -4 0.0980051 2.56057 274 10
304.078 -1.40157 -0.00578414 10.0141 0.1124 -3.80589 0.177764 2.57905 275 18
304.879 -1.399 0.00320783 9.79303 0.124703 -2.76345 0.153792 2.51305 276 0
305.663 -1.38867 0.0131841 9.58477 0.129394 -2.6033 0.0586331 2.62203 277 7
306.429 -1.37062 0.0235355 9.40775 0.134747 -2.21269 0.066922 2.59235 278 6
307.182 -1.3448 0.0343153 9.2318 0.139895 -2.19936 0.0643505 2.60747 279 6
