1.12 10 0 14.0436 -0.00129954 0.545609 -0.0162443 0.272168 1 9
2.24349 9.99988 -0.000103963 14.086 -0.00381862 0.52886 -0.0314885 0.328124 2 8
3.37037 9.99942 -0.000409453 14.1254 -0.0100953 0.49361 -0.0784591 0.289753 3 5
4.5004 9.99805 -0.00121708 14.1639 -0.0130107 0.480223 -0.0364425 0.293356 4 7
5.63351 9.99549 -0.00225794 14.2001 -0.0128755 0.453484 0.00169054 0.293836 5 9
6.76951 9.99175 -0.00328798 14.2352 -0.0113336 0.437725 0.0192736 0.293263 6 10
7.90832 9.98698 -0.00419467 14.2692 -0.0139528 0.424957 -0.0327404 0.292413 7 7
9.04983 9.98091 -0.0053109 14.3014 -0.0175763 0.403166 -0.0452936 0.293334 8 6
10.1939 9.97323 -0.00671701 14.3323 -0.0207498 0.385845 -0.0396679 0.290975 9 6
11.3405 9.96362 -0.00837699 14.3609 -0.0274785 0.357366 -0.0841088 0.28747 10 3
12.4893 9.95147 -0.0105753 14.3882 -0.0253814 0.341368 0.0262131 0.292318 11 9
13.6402 9.93696 -0.0126058 14.4144 -0.0260719 0.328231 -0.00863101 0.292593 12 7
14.7933 9.92002 -0.0146915 14.4404 -0.0252083 0.324452 0.0107953 0.294073 13 8
15.9483 9.90072 -0.0167082 14.4648 -0.025647 0.305653 -0.00548363 0.297733 14 7
17.1053 9.87901 -0.01876 14.4881 -0.0259031 0.291002 -0.0032017 0.309828 15 7
18.2641 9.85487 -0.0208322 14.5104 -0.0233057 0.278544 0.0324672 0.293369 16 9
19.4246 9.82853 -0.0226967 14.5322 -0.0194948 0.27287 0.0476368 0.290529 17 10
20.5869 9.80033 -0.0242562 14.552 -0.0186509 0.247443 0.0105491 0.289825 18 8
21.7507 9.77036 -0.0257483 14.5711 -0.0177726 0.238645 0.0109784 0.293466 19 8
22.9159 9.73869 -0.0271701 14.5901 -0.0155551 0.237429 0.027718 0.289111 20 9
24.0827 9.70553 -0.0284145 14.6088 -0.0161558 0.234091 -0.00750839 0.290928 21 7
25.2509 9.67081 -0.029707 14.6256 -0.0125459 0.209117 0.0451245 0.291851 22 10
26.4203 9.63489 -0.0307107 14.6426 -0.011923 0.212789 0.00778546 0.291226 23 8
27.5912 9.5978 -0.0316645 14.6577 -0.0112757 0.188386 0.00809091 0.296165 24 8
28.7632 9.55962 -0.0325666 14.6733 -0.0146435 0.194979 -0.042097 0.291108 25 5
29.9364 9.52002 -0.033738 14.6879 -0.0135473 0.183308 0.0137026 0.29178 26 8
31.1107 9.47912 -0.0348218 14.7005 -0.011129 0.157452 0.030229 0.292619 27 9
32.286 9.43713 -0.0357121 14.7141 -0.0102191 0.169551 0.0113736 0.294017 28 8
33.4623 9.39414 -0.0365297 14.7271 -0.0133439 0.162351 -0.03906 0.287491 29 5
34.6396 9.34985 -0.0375972 14.7384 -0.012046 0.142109 0.0162237 0.292966 30 8
35.8178 9.30439 -0.0385609 14.7491 -0.0107906 0.133705 0.0156921 0.293681 31 8
36.9969 9.25789 -0.0394241 14.7603 -0.0109331 0.138855 -0.00178054 0.296344 32 7
38.1767 9.21032 -0.0402988 14.7708 -0.00962836 0.131845 0.0163088 0.294074 33 8
39.3574 9.1618 -0.041069 14.7814 -0.00971965 0.132549 -0.00114111 0.287228 34 7
40.5389 9.11233 -0.0418466 14.7913 -0.00838487 0.124133 0.0166847 0.292151 35 8
41.7211 9.06203 -0.0425174 14.8008 -0.00711509 0.118077 0.0158722 0.292601 36 8
42.9041 9.01103 -0.0430866 14.8094 -0.00724352 0.107765 -0.0016053 0.296257 37 7
44.0877 8.95932 -0.0436661 14.8184 -0.00863733 0.112391 -0.0174226 0.29436 38 6
45.272 8.90675 -0.0443571 14.8266 -0.00712865 0.101995 0.0188584 0.293211 39 8
46.4569 8.85348 -0.0449274 14.8326 -0.00435641 0.0759125 0.034653 0.293378 40 9
47.6423 8.79977 -0.0452759 14.8407 -0.00583221 0.100315 -0.0184474 0.28858 41 6
48.8283 8.74548 -0.0457424 14.8475 -0.00575821 0.0850678 0.000924943 0.293552 42 7
50.0149 8.69062 -0.0462031 14.8544 -0.00294154 0.0865102 0.0352084 0.287363 43 9
51.2019 8.63546 -0.0464384 14.8611 -0.0016969 0.0841975 0.015558 0.310281 44 8
52.3895 8.58011 -0.0465742 14.867 -0.0018842 0.0738263 -0.00234116 0.288154 45 7
53.5776 8.52455 -0.0467249 14.8725 -0.00199054 0.0679255 -0.00132934 0.290853 46 7
54.7661 8.46879 -0.0468842 14.8779 -0.00204642 0.0677228 -0.000698474 0.291701 47 7
55.955 8.41281 -0.0470479 14.8845 -0.00205482 0.0833988 -0.000104943 0.296176 48 7
57.1444 8.35662 -0.0472123 14.8895 0.000671759 0.0616431 0.0340822 0.293986 49 9
58.3343 8.30046 -0.0471585 14.8933 0.00316505 0.0479937 0.0311661 0.296176 50 9
59.5244 8.2446 -0.0469053 14.8985 0.00541766 0.064373 0.0281576 0.29328 51 9
60.715 8.18923 -0.0464719 14.9023 0.00746571 0.0477791 0.0256006 0.291572 52 9
61.9059 8.13456 -0.0458746 14.9069 0.00661688 0.057888 -0.0106104 0.29267 53 7
63.0973 8.0805 -0.0453453 14.9123 0.00316901 0.066781 -0.0430983 0.294004 54 5
64.289 8.02672 -0.0450918 14.9172 0.00277919 0.0612736 -0.00487284 0.293109 55 7
65.4812 7.9732 -0.0448694 14.9192 0.00380384 0.0260353 0.0128082 0.293656 56 8
66.6736 7.92002 -0.0445651 14.9232 0.00338406 0.0491381 -0.0052473 0.293774 57 7
67.8662 7.86716 -0.0442944 14.9259 0.00303264 0.0335455 -0.00439279 0.292424 58 7
69.0592 7.81458 -0.0440518 14.9289 0.00274207 0.0374317 -0.00363207 0.292712 59 7
70.2523 7.76224 -0.0438324 14.9891 0.00268085 0.752831 -0.000765309 0.292918 60 14
71.4503 7.70996 -0.043618 14.988 0.00380649 -0.0137687 0.0140706 0.286983 61 8
72.6482 7.65804 -0.0433134 14.9884 0.00349528 0.00571013 -0.00389014 0.290704 62 7
73.8462 7.60645 -0.0430338 14.9879 0.00323551 -0.00633001 -0.00324712 0.298534 63 7
75.0441 7.55518 -0.042775 15.0454 0.00319608 0.717795 -0.000492952 0.29354 64 14
76.2467 7.50402 -0.0425193 15.0997 -0.00300992 0.679624 -0.0775749 0.29247 65 0
77.4535 7.45238 -0.0427601 15.152 -0.00862841 0.654066 -0.0702311 0.294017 66 0
78.6645 7.39973 -0.0434504 15.1448 -0.00482766 -0.0908613 0.0475094 0.299311 67 9
79.875 7.34663 -0.0438366 15.1945 -0.00510649 0.62089 -0.00348543 0.295654 68 13
81.0893 7.29287 -0.0442451 15.1854 -0.0055656 -0.113535 -0.00573883 0.295622 69 6
82.3029 7.2386 -0.0446903 15.2001 -0.00676166 0.184047 -0.0149508 0.299664 70 3
83.5177 7.18361 -0.0452313 15.1915 -0.00826438 -0.107443 -0.018784 0.290795 71 5
84.7318 7.12786 -0.0458924 15.2396 -0.00671162 0.601554 0.0194095 0.292708 72 14
85.9496 7.07127 -0.0464293 15.2861 -0.00649096 0.580692 0.00275825 0.293784 73 13
87.1711 7.01388 -0.0469486 15.277 -0.00785206 -0.113678 -0.0170137 0.293766 74 3
88.3919 6.95576 -0.0475768 15.2627 -0.00359931 -0.179052 0.0531593 0.292582 75 9
89.6115 6.89734 -0.0478647 15.252 -0.005064 -0.133324 -0.0183086 0.289224 76 5
90.8303 6.83846 -0.0482699 15.2413 -0.00765014 -0.133872 -0.0323268 0.291548 77 4
92.0481 6.77888 -0.0488819 15.2285 -0.00321884 -0.159204 0.0553913 0.292451 78 9
93.2649 6.71904 -0.0491394 15.2181 -0.0032011 -0.130081 0.000221655 0.292214 79 6
94.4809 6.65893 -0.0493955 15.2089 -0.00446556 -0.115478 -0.0158057 0.297685 80 5
95.6961 6.59842 -0.0497527 15.2012 -0.00687308 -0.0957012 -0.030094 0.286849 81 4
96.9107 6.53727 -0.0503026 15.1997 -0.00974899 -0.0189543 -0.0359489 0.292684 82 2
98.1251 6.47518 -0.0510825 15.1903 -0.00879311 -0.118053 0.0119485 0.292436 83 6
99.3387 6.41228 -0.0517859 15.1807 -0.00651174 -0.119722 0.0285171 0.292342 84 7
100.551 6.34879 -0.0523069 15.1707 -0.00706513 -0.125432 -0.00691742 0.295666 85 5
101.763 6.28465 -0.0528721 15.162 -0.00347595 -0.108695 0.0448647 0.293151 86 8
102.975 6.22021 -0.0531501 15.2097 -0.00140648 0.596333 0.0258684 0.291446 87 14
104.19 6.15543 -0.0532627 15.1983 0.00038876 -0.142443 0.0224405 0.293234 88 7
105.404 6.09074 -0.0532316 15.1901 -0.000638904 -0.102913 -0.0128458 0.321858 89 5
106.617 6.02602 -0.0532827 15.1834 -0.00152214 -0.0828266 -0.0110404 0.292312 90 5
107.83 5.96118 -0.0534044 15.1725 0.0031008 -0.13603 0.0577867 0.28912 91 9
109.042 5.89669 -0.0531564 15.1634 0.00727935 -0.114155 0.052232 0.288338 92 9
110.254 5.83294 -0.052574 15.1574 0.00702681 -0.0752926 -0.00315682 0.289461 93 6
111.465 5.7699 -0.0520119 15.1488 0.00681166 -0.107849 -0.00268938 0.30342 94 6
112.675 5.70756 -0.051467 15.1425 0.00662506 -0.0787497 -0.00233246 0.290963 95 6
113.885 5.64588 -0.050937 15.147 0.00164535 0.0571847 -0.0622463 0.295499 96 1
115.095 5.58434 -0.0508053 15.1428 -0.00460496 -0.0524879 -0.0781289 0.292706 97 1
116.305 5.52238 -0.0511737 15.1345 0.00181298 -0.103688 0.0802242 0.293085 98 10
117.514 5.46062 -0.0510287 15.1294 -0.00436695 -0.0643492 -0.077249 0.289827 99 1
118.723 5.39846 -0.051378 15.1238 -0.00322096 -0.0696182 0.0143248 0.2925 100 6
119.931 5.33602 -0.0516357 15.1195 -0.00747793 -0.0540257 -0.0532122 0.292324 101 2
121.139 5.27286 -0.0522339 15.1147 -0.0112173 -0.0595689 -0.0467423 0.292185 102 2
122.346 5.20865 -0.0531313 15.1304 -0.015792 0.19573 -0.0571838 0.293233 103 0
123.555 5.14284 -0.0543947 15.1275 -0.0198069 -0.0363112 -0.0501855 0.337831 104 1
124.763 5.07513 -0.0559792 15.1204 -0.0166113 -0.0889301 0.039944 0.291109 105 6
125.971 5.00585 -0.0573082 15.115 -0.013628 -0.0669241 0.0372914 0.292411 106 6
127.178 4.93527 -0.0583984 15.1107 -0.0161738 -0.0539064 -0.0318218 0.295645 107 2
128.385 4.86315 -0.0596923 15.1015 -0.00898052 -0.115657 0.0899157 0.286437 108 9
129.591 4.79022 -0.0604107 15.0984 -0.0117881 -0.038147 -0.0350946 0.296182 109 2
130.796 4.71615 -0.0613538 15.0956 -0.0142208 -0.0355721 -0.0304086 0.29436 110 2
132.002 4.64074 -0.0624915 15.0932 -0.014964 -0.0292778 -0.00928986 0.28841 111 3
133.207 4.56389 -0.0636886 15.0917 -0.0168364 -0.0188231 -0.0234056 0.299545 112 2
134.412 4.48542 -0.0650355 15.0881 -0.0196987 -0.0447273 -0.0357784 0.296285 113 1
135.616 4.40508 -0.0666114 15.085 -0.0221283 -0.0392437 -0.0303708 0.290483 114 1
136.82 4.32262 -0.0683816 15.0854 -0.0228442 0.00478029 -0.00894854 0.292825 115 2
138.024 4.23796 -0.0702092 15.0847 -0.0246531 -0.00905991 -0.0226104 0.299257 116 1
139.227 4.15093 -0.0721814 15.0822 -0.024756 -0.0308275 -0.0012872 0.296428 117 2
140.431 4.06153 -0.0741619 15.0751 -0.0194415 -0.0880003 0.0664322 0.293545 118 7
141.633 3.9703 -0.0757172 15.0712 -0.0144188 -0.0491738 0.0627839 0.295318 119 6
142.835 3.87771 -0.0768707 15.0659 -0.00972278 -0.0660777 0.0586997 0.325603 120 7
144.037 3.78421 -0.0776486 15.0624 -0.00543861 -0.0436425 0.0535521 0.289504 121 6
145.238 3.69022 -0.0780836 15.058 -0.00118029 -0.0551581 0.0532291 0.285357 122 7
146.439 3.59614 -0.0781781 15.056 0.00286205 -0.0251532 0.0505292 0.296597 123 7
147.64 3.50235 -0.0779491 15.0556 0.00666901 -0.00523329 0.047587 0.292308 124 7
148.841 3.4092 -0.0774156 15.0535 0.0095286 -0.0258923 0.0357448 0.287509 125 6
150.042 3.31697 -0.0766533 15.0493 0.0130553 -0.052774 0.0440842 0.292401 126 7
151.242 3.22603 -0.0756089 15.0445 0.0163559 -0.0596762 0.0412574 0.290742 127 7
152.442 3.13669 -0.0743004 15.0414 0.0193994 -0.0390291 0.0380434 0.292768 128 7
153.643 3.04923 -0.0727484 15.0385 0.0221768 -0.0368834 0.0347174 0.282623 129 7
154.843 2.96391 -0.0709743 15.0356 0.0246763 -0.0359058 0.0312439 0.289608 130 7
156.043 2.88098 -0.0690002 15.0327 0.0268964 -0.0354767 0.0277518 0.288225 131 7
157.242 2.80065 -0.0668485 15.0279 0.0288503 -0.0610232 0.0244226 0.285245 132 7
158.442 2.72311 -0.0645405 15.026 0.0305306 -0.0231862 0.0210046 0.290734 133 7
159.642 2.64851 -0.062098 15.024 0.0319475 -0.0245333 0.0177115 0.290379 134 7
160.842 2.57699 -0.0595422 15.0198 0.0343483 -0.0529885 0.0300093 0.291037 135 6
162.041 2.50878 -0.0567943 15.0159 0.0351783 -0.0483632 0.0103747 0.286343 136 7
163.241 2.44397 -0.0539801 15.0134 0.0364669 -0.0311136 0.0161082 0.288108 137 6
164.44 2.38266 -0.0510627 15.012 0.0374782 -0.0183821 0.0126409 0.286281 138 6
165.64 2.32496 -0.0480645 15.0111 0.0383357 -0.010705 0.0107184 0.279221 139 6
166.84 2.27094 -0.0449976 15.0189 0.0400932 0.0968695 0.0219692 0.287533 140 5
168.04 2.22075 -0.0417902 15.0091 0.0440816 -0.122046 0.0498546 0.287097 141 10
169.24 2.17481 -0.0382636 14.9805 0.0324292 -0.357842 -0.145654 0.286181 142 0
170.438 2.13207 -0.0356693 14.9175 0.0201593 -0.786901 -0.153374 0.284979 143 0
171.63 2.09144 -0.0340565 14.9283 0.0222454 0.134873 0.026076 0.282358 144 5
172.824 2.0529 -0.0322769 14.9456 0.0229469 0.216401 0.00876847 0.279669 145 4
174.019 2.01651 -0.0304412 14.9507 0.0218482 0.0632882 -0.0137335 0.279251 146 4
175.215 1.98219 -0.0286933 14.9549 0.0199707 0.0526309 -0.0234683 0.281624 147 5
176.411 1.94978 -0.0270956 14.9585 0.0185922 0.0451446 -0.0172312 0.280361 148 4
177.607 1.91914 -0.0256083 14.9634 0.0171105 0.0609159 -0.0185216 0.277084 149 6
178.804 1.89013 -0.0242394 14.9667 0.0157728 0.0411272 -0.0167209 0.282722 150 6
180.001 1.86262 -0.0229776 14.9689 0.0144189 0.0281096 -0.0169238 0.279578 151 4
181.198 1.83648 -0.0218241 14.9704 0.0130019 0.0183582 -0.0177137 0.280209 152 5
182.395 1.81159 -0.0207839 14.9718 0.0116794 0.0171423 -0.0165304 0.28123 153 5
183.593 1.78782 -0.0198496 14.9728 0.0104494 0.0126362 -0.0153752 0.277154 154 5
184.79 1.76505 -0.0190136 14.9872 0.0114263 0.180364 0.012211 0.276582 155 3
185.989 1.74335 -0.0180995 14.9938 0.0115274 0.0825286 0.00126353 0.277561 156 4
187.188 1.72274 -0.0171773 14.9956 0.0117367 0.0227928 0.00261646 0.276426 157 5
188.388 1.70326 -0.0162384 14.9956 0.0115392 3.57628e-05 -0.00246812 0.279094 158 6
189.587 1.68489 -0.0153153 15.0085 0.0101866 0.161433 -0.0169079 0.273211 159 7
190.788 1.66748 -0.0145003 15.0134 0.0104364 0.0608802 0.00312239 0.278956 160 5
191.989 1.65107 -0.0136654 15.0262 0.0118228 0.159562 0.0173303 0.272314 161 4
193.191 1.63578 -0.0127196 15.0296 0.0116252 0.0421405 -0.00247009 0.278253 162 5
194.393 1.62161 -0.0117896 15.0285 0.0113848 -0.0131488 -0.00300567 0.273672 163 5
195.595 1.60853 -0.0108788 15.0287 0.0110227 0.00209808 -0.0045259 0.27809 164 5
196.798 1.59651 -0.00999698 15.0298 0.0108065 0.014019 -0.00270219 0.273789 165 5
198 1.58553 -0.00913246 15.0261 0.0131653 -0.0466347 0.0294853 0.274771 166 8
199.202 1.57581 -0.00807923 15.0244 0.0139329 -0.0208378 0.00959391 0.273788 167 7
200.404 1.56744 -0.0069646 15.0242 0.0132251 -0.00221729 -0.00884675 0.275153 168 6
201.606 1.56034 -0.00590659 15.0263 0.0122106 0.0264287 -0.0126816 0.273124 169 5
202.808 1.55442 -0.00492974 15.0235 0.0142382 -0.0348091 0.0253447 0.272303 170 8
204.01 1.54986 -0.00379069 15.0248 0.0134684 0.0158906 -0.00962248 0.273718 171 5
205.212 1.5466 -0.00271322 15.0216 0.0125696 -0.0398874 -0.0112352 0.279199 172 6
206.414 1.54455 -0.00170765 15.0232 0.0130507 0.0192642 0.00601492 0.277002 173 7
207.615 1.54375 -0.000663594 15.0212 0.0120807 -0.0250101 -0.0121253 0.279793 174 6
208.817 1.54412 0.000302864 15.0179 0.00984842 -0.040555 -0.0279037 0.276357 175 5
210.019 1.54543 0.00109074 15.0221 0.00689687 0.0517845 -0.0368944 0.279369 176 4
211.22 1.5474 0.00164249 15.0212 0.00641163 -0.0103951 -0.00606552 0.270023 177 6
212.422 1.54999 0.00215542 15.0229 0.00594513 0.0208974 -0.00583118 0.272765 178 6
213.624 1.55315 0.00263103 15.0208 0.00415519 -0.0266075 -0.0223743 0.27295 179 5
214.826 1.55671 0.00296344 15.0218 0.00138461 0.0131965 -0.0346323 0.26885 180 4
216.027 1.56041 0.00307421 15.0211 2.22544e-05 -0.00903606 -0.0170294 0.271492 181 5
217.229 1.5641 0.00307599 15.0243 -0.0024454 0.039959 -0.0308457 0.274237 182 4
218.431 1.56757 0.00288036 15.0226 -0.00207549 -0.0217915 0.00462388 0.277391 183 6
219.633 1.57083 0.00271432 15.021 -0.00173706 -0.0198126 0.00423041 0.271975 184 6
220.834 1.57392 0.00257536 15.0219 -8.18872e-05 0.0120163 0.0206896 0.274382 185 7
222.036 1.57701 0.00256881 15.0209 -0.00261542 -0.0127316 -0.0316691 0.271648 186 4
223.238 1.57985 0.00235957 15.0246 -0.00354354 0.0459313 -0.0116016 0.27513 187 5
224.44 1.58234 0.00207609 15.0268 -0.00571526 0.0281334 -0.0271465 0.271454 188 4
225.642 1.58429 0.00161887 15.0221 -0.00360878 -0.0592589 0.026331 0.26681 189 7
226.844 1.58589 0.00133017 15.0219 -0.00572512 -0.00272989 -0.0264543 0.273838 190 4
228.045 1.58693 0.000872156 15.0229 -0.00491888 0.0125408 0.0100781 0.278319 191 6
229.247 1.58751 0.000478646 15.0243 -0.00685406 0.0172257 -0.0241897 0.279244 192 4
230.449 1.58742 -6.96783e-05 15.0234 -0.00453904 -0.0104666 0.0289377 0.27235 193 7
231.651 1.5869 -0.000432802 15.0219 -0.00511794 -0.019002 -0.00723625 0.27001 194 5
232.853 1.58589 -0.000842237 15.0197 -0.00159253 -0.0275612 0.0440677 0.27214 195 8
234.054 1.58473 -0.000969639 15.0207 0.000245429 0.0125885 0.0229745 0.272416 196 7
235.256 1.58359 -0.000950005 15.0167 -0.00212597 -0.0507355 -0.0296425 0.278456 197 4
236.457 1.58224 -0.00112008 15.0133 -0.00290643 -0.0413179 -0.00975576 0.278657 198 5
237.658 1.58062 -0.0013526 15.0145 -0.00627235 0.0148296 -0.042074 0.271076 199 3
238.86 1.57839 -0.00185439 15.0132 -0.00524681 -0.0165939 0.0128193 0.270243 200 6
240.061 1.57566 -0.00227413 15.013 -0.00697802 -0.00232458 -0.0216402 0.27591 201 4
241.262 1.57226 -0.00283237 15.0145 -0.00716132 0.0190377 -0.00229118 0.271445 202 5
242.463 1.56816 -0.00340528 15.0124 -0.00863043 -0.0263691 -0.0183639 0.271393 203 4
243.664 1.56325 -0.00409571 15.0131 -0.00991074 0.00855923 -0.0160039 0.270803 204 4
244.865 1.55737 -0.00488857 15.0114 -0.0069926 -0.0209332 0.0364768 0.273061 205 7
246.066 1.55083 -0.00544798 15.0106 -0.00432399 -0.0110507 0.0333576 0.268837 206 7
247.267 1.54387 -0.0057939 15.01 -0.00458406 -0.00759363 -0.00325076 0.272046 207 5
248.467 1.53648 -0.00616062 15.0104 -0.0034511 0.00506639 0.014162 0.273024 208 6
249.668 1.52875 -0.00643671 15.01 -0.00106247 -0.00399351 0.0298578 0.272067 209 7
250.869 1.52092 -0.00652171 15.0063 0.00109203 -0.0464439 0.0269313 0.27642 210 7
252.069 1.51319 -0.00643435 15.0054 0.00034207 -0.011754 -0.00937454 0.279918 211 5
253.27 1.5055 -0.00640698 15.0035 0.00367983 -0.0237226 0.041722 0.282171 212 8
254.47 1.49816 -0.00611259 15.0027 0.0053413 -0.00959635 0.0207685 0.275577 213 7
255.67 1.49134 -0.00568529 15.0008 0.0054773 -0.0234246 0.0017 0.265183 214 6
256.87 1.48504 -0.00524711 15.0014 0.00825759 0.00677109 0.0347536 0.276585 215 8
258.07 1.47954 -0.0045865 15.0047 0.00804175 0.0411987 -0.00269802 0.276144 216 6
259.271 1.47481 -0.00394316 15.0056 0.00647362 0.0110149 -0.0196017 0.279879 217 5
260.471 1.47069 -0.00342527 15.0025 0.00771915 -0.0378847 0.0155691 0.277122 218 7
261.671 1.46732 -0.00280774 15.0036 0.00611911 0.0137091 -0.0200005 0.27647 219 5
262.872 1.46454 -0.00231821 14.9997 0.00867704 -0.0494242 0.0319741 0.27645 220 8
264.072 1.46259 -0.00162404 14.9971 0.00691444 -0.0326633 -0.0220326 0.273461 221 5
265.271 1.46131 -0.00107089 14.9996 0.0026317 0.0314713 -0.0535343 0.279087 222 3
266.471 1.46028 -0.000860352 14.9914 -0.00435471 -0.102818 -0.0873301 0.279996 223 1
267.671 1.45883 -0.00120873 14.9902 -0.0101486 -0.0149846 -0.0724236 0.281266 224 1
268.87 1.4564 -0.00202062 14.9927 -0.016632 0.0320673 -0.0810419 0.281029 225 0
270.069 1.45238 -0.00335117 14.9479 -0.0249272 -0.560486 -0.10369 0.27754 226 0
271.265 1.44599 -0.00534535 14.871 -0.0114796 -0.960875 0.168094 0.282536 227 6
272.455 1.43854 -0.00626372 14.8673 -0.00493998 -0.0465393 0.0817456 0.272737 228 9
273.644 1.43062 -0.00665892 14.8256 0.00350278 -0.521219 0.105534 0.28062 229 9
274.83 1.42305 -0.00637869 14.7581 0.0127483 -0.843775 0.115569 0.285825 230 9
276.011 1.41673 -0.00535883 14.6728 0.0245861 -1.06565 0.147973 0.281918 231 7
277.185 1.41275 -0.00339194 14.5783 0.0384261 -1.1812 0.173 0.286004 232 7
278.351 1.41238 -0.000317847 14.4967 0.0483273 -1.02055 0.123765 0.286853 233 7
279.511 1.41649 0.00354834 14.4179 0.0557542 -0.985229 0.092836 0.289935 234 8
280.664 1.42573 0.00800868 14.343 0.0638274 -0.93652 0.100915 0.284261 235 7
281.811 1.44078 0.0131149 14.2765 0.0704856 -0.830209 0.0832271 0.287039 236 7
282.953 1.46219 0.0187537 14.2243 0.0778392 -0.653017 0.09192 0.292353 237 6
284.091 1.49062 0.0249809 14.18 0.085965 -0.55387 0.101572 0.285974 238 5
285.225 1.52675 0.0318581 14.1452 0.091689 -0.435448 0.0715504 0.28088 239 5
286.355 1.57109 0.0391932 14.1408 0.0887161 -0.054121 -0.0371609 0.283309 240 9
287.486 1.62344 0.0462905 14.1119 0.089797 -0.361383 0.0135112 0.282899 241 6
288.613 1.68378 0.0534742 14.1262 0.0845756 0.178444 -0.0652682 0.28319 242 9
289.741 1.75182 0.0602403 14.139 0.0790638 0.160062 -0.0688968 0.279402 243 9
290.87 1.82705 0.0665654 14.1567 0.073365 0.220776 -0.0712357 0.278663 244 9
291.999 1.90902 0.0724346 14.1791 0.0674788 0.279999 -0.073577 0.276056 245 9
293.13 1.99722 0.0778329 14.1997 0.0616144 0.258553 -0.073305 0.278588 246 9
294.262 2.09112 0.082762 14.2232 0.055743 0.293243 -0.0733921 0.27951 247 9
295.396 2.19024 0.0872215 14.251 0.0498879 0.347984 -0.0731886 0.277899 248 9
296.531 2.29409 0.0912125 14.2745 0.0441198 0.292897 -0.0721017 0.276885 249 9
297.668 2.40212 0.0947421 14.299 0.0385039 0.306034 -0.0701984 0.281606 250 9
298.806 2.51384 0.0978224 14.3257 0.0331297 0.334454 -0.0671778 0.283339 251 9
299.947 2.6288 0.100473 14.3517 0.027992 0.324428 -0.0642206 0.28272 252 9
301.089 2.74652 0.102712 14.3779 0.024175 0.328302 -0.0477133 0.282549 253 10
302.233 2.86666 0.104646 14.3988 0.020929 0.26139 -0.0405748 0.282808 254 10
303.378 2.9889 0.10632 14.4141 0.0176298 0.190413 -0.0412393 0.332599 255 10
304.524 3.11289 0.107731 14.4435 0.0133827 0.368059 -0.0530895 0.278186 256 10
305.673 3.23836 0.108801 14.4627 0.00915432 0.240326 -0.0528546 0.284231 257 9
306.823 3.36484 0.109534 14.5001 0.00528814 0.466466 -0.0483272 0.286502 258 10
307.976 3.49213 0.109957 14.5358 0.00195895 0.446892 -0.0416149 0.283683 259 10
309.132 3.61992 0.110114 14.5522 -0.002989 0.205326 -0.0618493 0.285568 260 8
310.289 3.74758 0.109874 14.5689 -0.0075146 0.208783 -0.05657 0.277151 261 8
311.448 3.87469 0.109273 14.5874 -0.0117309 0.230265 -0.0527036 0.273114 262 8
312.608 4.00086 0.108335 14.5534 -0.0265695 -0.424945 -0.185483 0.286202 263 0
313.766 4.12429 0.106209 14.5269 -0.0400257 -0.331163 -0.168202 0.276708 264 0
314.921 4.24379 0.103007 14.5462 -0.042151 0.241995 -0.0265668 0.275579 265 7
316.079 4.35954 0.0996351 14.5674 -0.0439508 0.264442 -0.0224968 0.285428 266 7
317.239 4.47138 0.0961191 14.5826 -0.0454583 0.190413 -0.0188445 0.28658 267 7
318.401 4.57912 0.0924824 14.5993 -0.0453286 0.208902 0.00162176 0.279116 268 8
319.564 4.68276 0.0888561 14.6171 -0.0450475 0.222349 0.00351369 0.285858 269 8
320.73 4.78233 0.0852523 14.6336 -0.0446526 0.205815 0.00493657 0.28274 270 8
321.896 4.87785 0.0816801 14.6488 -0.0441484 0.190306 0.00630212 0.282936 271 8
323.065 4.96934 0.0781482 14.6658 -0.0408572 0.212669 0.0411403 0.282311 272 10
324.235 5.05711 0.0748797 14.681 -0.0391277 0.190341 0.0216188 0.278699 273 9
325.406 5.14131 0.0717494 14.6927 -0.0387926 0.145674 0.0041882 0.282162 274 8
326.579 5.22193 0.068646 14.704 -0.0383745 0.141585 0.00522616 0.27845 275 8
327.753 5.29901 0.0655761 14.7164 -0.0364939 0.154495 0.0235079 0.293492 276 9
328.928 5.37273 0.0626566 14.7256 -0.0347014 0.114954 0.022406 0.28182 277 9
330.103 5.44323 0.0598805 14.7358 -0.035646 0.127876 -0.0118079 0.277665 278 7
331.28 5.51042 0.0570288 14.7478 -0.0350354 0.149417 0.00763256 0.283455 279 8
332.458 5.57437 0.0542259 14.7562 -0.0357272 0.10488 -0.0086477 0.281331 280 7
333.637 5.63498 0.0513678 14.7647 -0.0375596 0.107169 -0.0229045 0.280323 281 6
334.817 5.69209 0.048363 14.775 -0.0363822 0.128746 0.0147176 0.280281 282 8
335.998 5.74579 0.0454524 14.7826 -0.0378683 0.0950098 -0.0185765 0.278172 283 6
337.18 5.79595 0.042423 14.7929 -0.0350234 0.127995 0.0355609 0.301335 284 9
338.362 5.84282 0.0396211 14.8043 -0.0350266 0.143397 -3.9069e-05 0.275742 285 7
339.546 5.88642 0.036819 14.8121 -0.0348963 0.0972033 0.00162879 0.282021 286 7
340.73 5.92673 0.0340273 14.8186 -0.0319566 0.0810623 0.0367456 0.279221 287 9
341.915 5.96404 0.0314707 14.8311 -0.0318708 0.155568 0.00107232 0.273233 288 7
343.101 5.99835 0.0289211 14.8405 -0.0330032 0.117528 -0.0141552 0.279531 289 6
344.288 6.02954 0.0262808 14.8478 -0.03121 0.0917912 0.0224157 0.274711 290 8
345.475 6.05779 0.023784 14.8551 -0.0308134 0.0914216 0.00495685 0.27929 291 7
346.663 6.08313 0.0213189 14.8661 -0.0263242 0.136828 0.0561151 0.282784 292 10
347.852 6.10597 0.019213 14.8733 -0.0261912 0.0908375 0.00166246 0.279455 293 7
349.042 6.12634 0.0171177 14.8836 -0.0259661 0.127935 0.00281367 0.28118 294 7
350.233 6.14425 0.0150404 14.886 -0.0243052 0.030756 0.0207612 0.278949 295 8
351.423 6.15984 0.013096 14.8929 -0.0253986 0.0858903 -0.0136663 0.276299 296 6
352.615 6.17303 0.0110641 14.9037 -0.0209093 0.135267 0.0561162 0.276148 297 10
353.807 6.18422 0.00939136 14.9113 -0.0181174 0.0951767 0.0348982 0.282254 298 9
355 6.1937 0.00794197 14.9125 -0.0182146 0.0150681 -0.00121507 0.281517 299 7
356.193 6.20143 0.0064848 14.9173 -0.0195482 0.0598907 -0.0166696 0.277211 300 6
357.386 6.20731 0.00492094 14.9221 -0.0153131 0.0594139 0.0529384 0.273138 301 10
358.58 6.21172 0.0036959 14.9277 -0.0141195 0.0697255 0.01492 0.285488 302 8
359.774 6.21478 0.00256634 14.9328 -0.0102926 0.0637174 0.0478366 0.280955 303 10
360.969 6.21686 0.00174293 14.936 -0.00948586 0.0409007 0.0100839 0.278557 304 8
362.164 6.21804 0.000984061 14.9428 -0.0100514 0.0851274 -0.00706899 0.274778 305 7
363.359 6.21826 0.00017995 14.9479 -0.0105301 0.0636935 -0.00598438 0.281307 306 7
364.555 6.21746 -0.00066246 14.9493 -0.0122375 0.0171065 -0.0213421 0.279427 307 6
365.751 6.2155 -0.00164146 14.9517 -0.0137119 0.0294328 -0.0184301 0.27536 308 6
366.947 6.21222 -0.00273841 14.9533 -0.00962778 0.0207901 0.0510515 0.281785 309 10
368.143 6.20803 -0.00350863 14.9586 -0.00992697 0.0654817 -0.00373995 0.275394 310 7
369.34 6.20288 -0.00430279 14.9605 -0.0074644 0.024271 0.0307822 0.275769 311 9
370.537 6.19701 -0.00489994 14.9627 -0.0105752 0.0276923 -0.0388847 0.28023 312 5
371.734 6.19014 -0.00574596 14.9676 -0.00795761 0.0615597 0.0327196 0.288152 313 9
372.931 6.18249 -0.00638257 14.9694 -0.00422154 0.0218868 0.0467009 0.287588 314 10
374.129 6.17445 -0.00672029 14.9735 -0.004855 0.0513673 -0.00791821 0.285379 315 7
375.326 6.16593 -0.00710869 14.9762 -0.00673603 0.0342608 -0.023513 0.29004 316 6
376.525 6.15677 -0.00764757 14.9776 -0.00570526 0.0168443 0.0128847 0.283919 317 8
377.723 6.14706 -0.00810399 14.979 -0.00474656 0.017786 0.0119837 0.286067 318 8
378.921 6.13689 -0.00848372 14.9843 -0.00117353 0.0662446 0.0446629 0.281697 319 10
380.12 6.12661 -0.0085776 14.9833 -0.000629193 -0.0128746 0.00680419 0.286824 320 8
381.318 6.11627 -0.00862794 14.986 -0.00414048 0.033474 -0.0438911 0.283605 321 5
382.517 6.10553 -0.00895918 14.9863 -0.00326093 0.00408888 0.0109944 0.288715 322 8
383.716 6.09447 -0.00922005 14.9905 -0.0024546 0.0525594 0.0100791 0.288666 323 8
384.915 6.08318 -0.00941642 14.991 -0.00170655 0.00636578 0.00935061 0.280498 324 8
386.114 6.07172 -0.00955294 14.9927 -0.00236043 0.0207901 -0.00817348 0.282825 325 7
387.314 6.06004 -0.00974178 14.9919 -0.00425051 -0.00991821 -0.0236259 0.280694 326 6
388.513 6.04795 -0.0100818 14.992 -0.0045896 0.00152588 -0.00423863 0.283126 327 7
389.712 6.03542 -0.010449 14.991 -0.00352045 -0.0125408 0.0133643 0.287061 328 8
390.911 6.02255 -0.0107306 14.9927 -0.00254718 0.0218034 0.0121658 0.288984 329 8
392.111 6.00943 -0.0109344 14.9906 -0.00431347 -0.026226 -0.0220786 0.288998 330 6
393.31 5.99591 -0.0112795 14.9929 -0.00320595 0.0280499 0.013844 0.288515 331 8
394.509 5.98207 -0.011536 14.9896 -0.00352364 -0.0405073 -0.00397101 0.284928 332 7
395.708 5.9679 -0.0118178 14.9907 -0.00513138 0.0128984 -0.0200969 0.28857 333 6
396.908 5.95323 -0.0122284 14.9918 -0.00385513 0.0142097 0.0159532 0.280431 334 8
398.107 5.9382 -0.0125368 14.9894 -0.00268188 -0.0306606 0.0146656 0.289124 335 8
399.306 5.92291 -0.0127513 14.9908 -0.00294381 0.0178695 -0.0032741 0.286417 336 7
400.505 5.90733 -0.0129868 14.9922 -0.00315866 0.0181675 -0.00268567 0.286792 337 7
