1.12 10 0 14.0256 1.8037e-19 0.319827 2.25463e-18 0.828091 1 10
2.24205 10 1.44296e-20 14.0504 3.49549e-19 0.310206 2.11473e-18 0.378042 2 10
3.36608 10 4.23935e-20 14.0745 5.10599e-19 0.300896 2.01313e-18 0.353625 3 10
4.49204 10 8.32415e-20 14.0978 6.66497e-19 0.291836 1.94873e-18 0.326394 4 10
5.61986 10 1.36561e-19 14.1205 8.08617e-19 0.283086 1.7765e-18 0.377773 5 10
6.7495 10 2.01251e-19 14.1424 9.40775e-19 0.274563 1.65197e-18 0.378316 6 10
7.88089 10 2.76513e-19 14.1637 1.08519e-18 0.266325 1.8052e-18 0.349825 7 10
9.01399 10 3.63328e-19 14.1844 1.26163e-18 0.258327 2.20547e-18 0.369527 8 10
10.1487 10 4.64258e-19 14.2044 1.40764e-18 0.250554 1.82513e-18 0.334106 9 10
11.2851 10 5.7687e-19 14.2239 1.49307e-18 0.243032 1.06784e-18 0.376258 10 10
12.423 10 6.96315e-19 14.2427 1.53752e-18 0.235713 5.5563e-19 0.354503 11 10
13.5624 10 8.19316e-19 14.261 1.56228e-18 0.228643 3.09527e-19 0.327746 12 10
14.7033 10 9.44299e-19 14.2787 -0.000797138 0.221241 -0.00996423 0.324244 13 9
15.8456 9.99993 -6.3771e-05 14.2958 -0.00232748 0.213254 -0.0191293 0.360166 14 8
16.9893 9.99964 -0.00024997 14.3125 -0.00293731 0.208604 -0.00762281 0.377414 15 9
18.1343 9.99909 -0.000484954 14.3286 -0.0042894 0.201452 -0.0169012 0.353901 16 8
19.2806 9.99814 -0.000828107 14.3443 -0.0047286 0.196624 -0.00548995 0.331226 17 9
20.4281 9.99675 -0.00120639 14.3594 -0.0067145 0.188637 -0.0248238 0.348776 18 7
21.5769 9.99475 -0.00174355 14.3742 -0.00852933 0.184143 -0.0226854 0.350829 19 7
22.7268 9.99196 -0.0024259 14.3885 -0.0101811 0.179684 -0.0206467 0.369132 20 7
23.8779 9.98823 -0.00324039 14.4026 -0.0116775 0.175309 -0.0187048 0.340007 21 7
25.0301 9.98342 -0.00417458 14.4162 -0.0122289 0.170803 -0.00689296 0.487488 22 8
26.1833 9.97748 -0.00515289 14.4295 -0.0135005 0.16638 -0.015895 0.475038 23 7
27.3377 9.97028 -0.00623293 14.4423 -0.013039 0.159359 0.00576912 0.508513 24 9
28.493 9.96188 -0.00727605 14.4548 -0.0133743 0.156605 -0.00419156 0.436886 25 8
29.6494 9.95222 -0.00834599 14.467 -0.0136444 0.152087 -0.00337712 0.364605 26 8
30.8067 9.9413 -0.00943755 14.4788 -0.0138532 0.147676 -0.00260975 0.362445 27 8
31.9649 9.92909 -0.0105458 14.4904 -0.0148028 0.145102 -0.011869 0.484269 28 7
33.1241 9.91549 -0.01173 14.5015 -0.0148357 0.139165 -0.000411738 0.528224 29 8
34.2841 9.90051 -0.0129169 14.5123 -0.0148207 0.135064 0.000187813 0.425482 30 8
35.445 9.88413 -0.0141025 14.5228 -0.0147608 0.131047 0.000747852 0.576789 31 8
36.6067 9.86638 -0.0152834 14.533 -0.0146592 0.127137 0.00126987 0.556779 32 8
37.7691 9.84725 -0.0164561 14.5429 -0.0145188 0.123334 0.00175535 0.501104 33 8
38.9324 9.82675 -0.0176176 14.5524 -0.0143424 0.119615 0.00220574 0.618888 34 8
40.0964 9.8049 -0.018765 14.5617 -0.0141326 0.116003 0.00262248 0.712998 35 8
41.2611 9.78173 -0.0198956 14.5707 -0.013892 0.112474 0.00300689 0.626372 36 8
42.4265 9.75724 -0.021007 14.5794 -0.0136232 0.109053 0.00336035 0.641354 37 8
43.5926 9.73147 -0.0220969 14.5879 -0.0133285 0.105715 0.00368415 0.729033 38 8
44.7593 9.70444 -0.0231631 14.5961 -0.0130101 0.102484 0.00397958 0.626848 39 8
45.9266 9.67618 -0.0242039 14.604 -0.0126703 0.0993252 0.00424789 0.618061 40 8
47.0946 9.64672 -0.0252176 14.6117 -0.012311 0.0962615 0.00449026 0.544433 41 8
48.2631 9.6161 -0.0262024 14.6192 -0.0119344 0.0932813 0.00470791 0.508396 42 8
49.4322 9.58434 -0.0271572 14.6268 -0.0123432 0.0947118 -0.00511059 0.686266 43 7
50.6019 9.55141 -0.0281447 14.6341 -0.0126741 0.0914812 -0.00413617 0.466259 44 7
51.7721 9.51728 -0.0291586 14.6411 -0.0129315 0.0881314 -0.00321649 0.508056 45 7
52.9429 9.48192 -0.0301931 14.6478 -0.0131183 0.0835776 -0.00233506 0.507952 46 7
54.1141 9.44532 -0.0312426 14.6541 -0.0124421 0.0786901 0.00845265 0.531575 47 8
55.2859 9.40753 -0.0322379 14.6603 -0.0125667 0.0775695 -0.00155857 0.572343 48 7
56.458 9.36855 -0.0332433 14.6664 -0.0126328 0.0756383 -0.000825652 0.674957 49 7
57.6307 9.32837 -0.0342539 14.672 -0.0126381 0.0698924 -6.67758e-05 0.775442 50 7
58.8037 9.28698 -0.0352649 14.6775 -0.0118008 0.0686169 0.010467 0.724202 51 8
59.9771 9.24447 -0.036209 14.6828 -0.0109795 0.0664473 0.0102659 0.677189 52 8
61.1509 9.20092 -0.0370874 14.6879 -0.0101748 0.0643492 0.0100582 0.626728 53 8
62.3251 9.1564 -0.0379013 14.6929 -0.00938728 0.0623226 0.00984452 0.529832 54 8
63.4997 9.11097 -0.0386523 14.6977 -0.00861723 0.0603437 0.00962561 0.553693 55 8
64.6746 9.06473 -0.0393417 14.7029 -0.00866763 0.0649333 -0.000629993 0.712602 56 7
65.8499 9.01765 -0.0400351 14.708 -0.00867203 0.0628352 -5.49248e-05 0.614893 57 7
67.0255 8.96974 -0.0407289 14.7128 -0.00863362 0.0607729 0.000480062 0.721143 58 7
68.2015 8.921 -0.0414196 14.7175 -0.00855549 0.0587821 0.00097662 0.599042 59 7
69.3779 8.87144 -0.042104 14.7221 -0.00844059 0.056839 0.00143633 0.69432 60 7
70.5546 8.82107 -0.0427793 14.7265 -0.00829173 0.0549674 0.00186076 0.486952 61 7
71.7316 8.76991 -0.0434426 14.7301 -0.00730853 0.0457883 0.0122899 0.536782 62 8
72.9089 8.71804 -0.0440273 14.7343 -0.00716412 0.0516772 0.00180509 0.496054 63 7
74.0864 8.66549 -0.0446004 14.7377 -0.00618733 0.0425458 0.0122099 0.52874 64 8
75.2643 8.61234 -0.0450954 14.7416 -0.00605148 0.0485897 0.0016982 0.547845 65 7
76.4424 8.5586 -0.0455795 14.7453 -0.00588831 0.0469327 0.00203956 0.608603 66 7
77.6207 8.5043 -0.0460506 14.7489 -0.00570016 0.0453353 0.00235192 0.504942 67 7
78.7994 8.44945 -0.0465066 14.7524 -0.00548923 0.0437737 0.0026366 0.560923 68 7
79.9783 8.39406 -0.0469457 14.7552 -0.00445405 0.0346065 0.0129398 0.771023 69 8
81.1574 8.33825 -0.0473021 14.7579 -0.00346458 0.0336289 0.0123683 0.550931 70 8
82.3367 8.28209 -0.0475792 14.759 -0.000912965 0.0144005 0.0318952 0.653788 71 10
83.516 8.22585 -0.0476523 14.7617 -0.000140716 0.0329018 0.0096531 0.689727 72 8
84.6956 8.16959 -0.0476635 14.7642 0.00059479 0.0319839 0.00919383 0.641888 73 8
85.8754 8.11337 -0.0476159 14.7667 0.00129441 0.031054 0.00874523 0.677584 74 8
87.0554 8.05726 -0.0475124 14.7691 0.00195899 0.0301838 0.00830733 0.681981 75 8
88.2356 8.00133 -0.0473557 14.7723 0.00188397 0.0396132 -0.000937803 0.537143 76 6
89.4161 7.94556 -0.0472049 14.7745 0.00253765 0.0279546 0.00817104 0.492332 77 8
90.5968 7.89003 -0.0470019 14.7767 0.00315629 0.0271797 0.00773297 0.490765 78 8
91.7776 7.83478 -0.0467494 14.7788 0.00374082 0.0264287 0.00730659 0.559456 79 8
92.9586 7.77989 -0.0464502 14.7809 0.00429217 0.0257015 0.00689189 0.578387 80 8
94.1399 7.72538 -0.0461068 14.7823 0.00561565 0.017786 0.0165435 0.738759 81 9
95.3212 7.67141 -0.0456575 14.7766 0.0078303 -0.0714421 0.0276831 0.7008 82 10
96.5021 7.6182 -0.0450311 14.7725 0.00971657 -0.0516891 0.0235784 0.636026 83 10
97.6828 7.56591 -0.0442538 14.7748 0.00981727 0.0295758 0.00125872 0.601717 84 8
98.8636 7.51455 -0.0434684 14.7779 0.00891453 0.0379801 -0.0112842 0.546916 85 6
100.045 7.46402 -0.0427552 14.779 0.0106764 0.0144124 0.0220229 0.638079 86 10
101.226 7.41449 -0.0419011 14.7812 0.0106849 0.027287 0.000106357 0.569254 87 8
102.408 7.36597 -0.0410463 14.7824 0.012292 0.0147581 0.0200892 0.686806 88 10
103.589 7.3186 -0.040063 14.7836 0.0137609 0.0155449 0.0183609 0.609512 89 10
104.771 7.27254 -0.0389621 14.7882 0.01267 0.0572324 -0.0136359 0.534382 90 6
105.953 7.22765 -0.0379485 14.7893 0.0140756 0.0142574 0.0175702 0.593725 91 10
107.136 7.18409 -0.0368225 14.7905 0.0153522 0.0149608 0.0159575 0.584713 92 10
108.318 7.14199 -0.0355943 14.7944 0.0139311 0.0476599 -0.0177637 0.577139 93 6
109.501 7.10119 -0.0344798 14.7946 0.015176 0.00264645 0.0155612 0.650863 94 10
110.684 7.06182 -0.0332657 14.7899 0.0163278 -0.0584364 0.0143973 0.733939 95 10
111.866 7.02401 -0.0319595 14.7789 0.0143855 -0.137711 -0.0242784 0.501789 96 6
113.048 6.98759 -0.0308087 14.7772 0.0155292 -0.0205994 0.0142958 0.52899 97 10
114.23 6.95265 -0.0295663 14.7757 0.016556 -0.0190377 0.0128347 0.591166 98 10
115.411 6.91927 -0.0282418 14.786 0.0118677 0.128794 -0.0586032 0.727408 99 1
116.594 6.88699 -0.0272924 14.7972 0.00771462 0.140083 -0.0519136 0.77794 100 1
117.777 6.85541 -0.0266753 14.8044 0.00383884 0.0903726 -0.0484474 0.705697 101 1
118.961 6.82419 -0.0263681 14.8032 0.00111156 -0.0161529 -0.034091 0.758381 102 2
120.145 6.79307 -0.0262792 14.796 -0.0018104 -0.0895739 -0.0365245 0.704281 103 2
121.328 6.7618 -0.0264241 14.7823 -0.00470908 -0.170636 -0.0362334 0.612465 104 2
122.51 6.73011 -0.0268008 14.7521 -0.00507158 -0.378394 -0.00453129 0.777023 105 6
123.69 6.698 -0.0272065 14.737 -0.00232213 -0.187683 0.0343682 0.628349 106 10
124.869 6.66571 -0.0273923 14.7391 0.000115005 0.0252724 0.0304641 0.627348 107 10
126.047 6.63343 -0.0273831 14.7495 -0.00368515 0.130105 -0.0475019 0.68477 108 1
127.227 6.60077 -0.0276779 14.7485 -0.00696349 -0.0123143 -0.0409793 0.901231 109 2
128.406 6.56746 -0.028235 14.7583 -0.0102566 0.122845 -0.0411641 0.856853 110 1
129.586 6.53316 -0.0290555 14.7672 -0.0133125 0.110912 -0.0381991 0.886325 111 1
130.767 6.49759 -0.0301205 14.7753 -0.0161304 0.100708 -0.0352235 0.98314 112 1
131.949 6.46046 -0.0314109 14.7838 -0.0186276 0.106931 -0.031215 0.730922 113 1
133.131 6.42156 -0.0329011 14.7988 -0.0210605 0.187075 -0.0304108 0.672249 114 0
134.314 6.38062 -0.034586 14.8075 -0.0229524 0.10972 -0.0236485 0.809069 115 1
135.498 6.33748 -0.0364222 14.8155 -0.0247103 0.0989079 -0.0219743 0.959735 116 1
136.682 6.29198 -0.038399 14.827 -0.0266696 0.143707 -0.0244915 0.736285 117 0
137.867 6.24392 -0.0405326 14.8372 -0.0284877 0.127804 -0.0227264 0.916515 118 0
139.053 6.19312 -0.0428116 14.8358 -0.0303764 -0.0177383 -0.0236078 0.877732 119 0
140.239 6.13944 -0.0452417 14.8325 -0.032676 -0.0407696 -0.0287453 0.83176 120 0
141.424 6.08268 -0.0478558 14.8273 -0.0355267 -0.0643969 -0.0356333 0.711296 121 1
142.609 6.02256 -0.0506979 14.8279 -0.0399702 0.00691414 -0.0555444 0.912351 122 1
143.793 5.95866 -0.0538955 14.7968 -0.0400777 -0.38842 -0.0013439 0.769999 123 7
144.975 5.89111 -0.0571017 14.7645 -0.0403646 -0.40406 -0.00358643 1.04638 124 7
146.154 5.81989 -0.0603309 14.7343 -0.0406306 -0.378108 -0.00332459 0.801545 125 7
147.33 5.74499 -0.0635814 14.6746 -0.0405087 -0.746 0.00152425 0.977148 126 7
148.502 5.6666 -0.0668221 14.669 -0.0458185 -0.0700593 -0.0663728 0.883885 127 1
149.672 5.58395 -0.0704875 14.6632 -0.0507579 -0.0722647 -0.0617423 0.802437 128 1
150.842 5.49659 -0.0745482 14.6947 -0.0542649 0.393462 -0.0438377 0.822068 129 1
152.014 5.40394 -0.0788894 14.6824 -0.0522329 -0.153828 0.0254002 0.906227 130 8
153.185 5.30648 -0.083068 14.7039 -0.053766 0.269699 -0.0191643 0.953237 131 0
154.356 5.20384 -0.0873693 14.7062 -0.0547016 0.0288606 -0.0116942 0.799724 132 1
155.528 5.09605 -0.0917454 14.7053 -0.0550159 -0.0116348 -0.00392869 0.877407 133 1
156.699 4.98312 -0.0961467 14.7184 -0.0553164 0.163412 -0.00375742 0.852974 134 2
157.871 4.8649 -0.100572 14.7305 -0.0556564 0.150979 -0.00424986 0.796028 135 2
159.042 4.74136 -0.105024 14.74 -0.0549191 0.119686 0.00921679 0.853397 136 0
160.215 4.61259 -0.109418 14.76 -0.053796 0.249994 0.0140387 0.917665 137 0
161.388 4.4786 -0.113722 14.7795 -0.053004 0.242758 0.00989996 0.908457 138 0
162.562 4.33945 -0.117962 14.8045 -0.0517574 0.313079 0.0155822 0.872333 139 0
163.738 4.19519 -0.122103 14.8403 -0.0504552 0.447035 0.016278 0.933152 140 0
164.915 4.04584 -0.126139 14.8715 -0.048992 0.390172 0.0182895 0.889789 141 0
166.095 3.89154 -0.130058 14.9011 -0.0476871 0.370312 0.0163109 0.897696 142 0
167.276 3.73243 -0.133873 14.9236 -0.0468331 0.281668 0.0106752 0.89927 143 0
168.459 3.56864 -0.13762 14.9547 -0.0470799 0.387883 -0.00308412 1.1228 144 1
169.643 3.40005 -0.141386 14.9691 -0.0479889 0.180721 -0.0113624 0.95695 145 0
170.828 3.22675 -0.145226 14.9944 -0.0502887 0.315487 -0.0287486 0.911653 146 1
172.015 3.04838 -0.149249 15.004 -0.0528037 0.119781 -0.0314375 0.889167 147 0
173.201 2.86489 -0.153473 14.7883 -0.0337398 -2.69541 0.238299 0.892055 148 5
174.369 2.68088 -0.156172 14.5882 -0.0163939 -2.50188 0.216824 0.864213 149 4
175.522 2.49784 -0.157484 14.377 0.000276104 -2.63902 0.208375 0.81393 150 6
176.658 2.31749 -0.157462 14.2213 0.0157526 -1.94712 0.193456 0.939719 151 3
177.782 2.1405 -0.156201 14.0862 0.0310734 -1.688 0.19151 1.13124 152 2
178.895 1.96796 -0.153715 13.9596 0.0469047 -1.58265 0.197892 1.12286 153 8
180 1.80111 -0.149963 13.8574 0.0583785 -1.2774 0.143422 0.99416 154 2
181.097 1.6406 -0.145293 13.7513 0.0710478 -1.32694 0.158366 0.850577 155 9
182.186 1.48752 -0.139609 13.651 0.0804421 -1.2538 0.117429 0.919876 156 2
183.268 1.34251 -0.133174 13.5532 0.0884408 -1.22172 0.0999838 0.842601 157 3
184.344 1.20615 -0.126098 13.4533 0.0994987 -1.24902 0.138223 0.985718 158 8
185.413 1.0793 -0.118138 13.3754 0.107675 -0.974298 0.102208 1.07363 159 9
186.476 0.962338 -0.109524 13.3083 0.113879 -0.838614 0.077545 1.59526 160 10
187.536 0.855611 -0.100414 13.2339 0.122161 -0.930345 0.10353 1.64225 161 7
188.59 0.75978 -0.0906412 13.1795 0.126981 -0.679433 0.060242 1.55187 162 9
189.641 0.675013 -0.0804828 13.1228 0.1329 -0.70889 0.0739908 1.61994 163 8
190.688 0.601742 -0.0698508 13.0765 0.137692 -0.57807 0.0598969 1.58372 164 9
191.733 0.540228 -0.0588354 13.031 0.143343 -0.569332 0.0706444 1.61517 165 8
192.774 0.490867 -0.047368 13.0042 0.139892 -0.335014 -0.0431437 1.82841 166 3
193.814 0.453239 -0.0361767 12.9885 0.135475 -0.196373 -0.0552086 1.92007 167 3
194.852 0.426913 -0.0253387 12.9287 0.129002 -0.74693 -0.080906 2.28293 168 4
195.887 0.41138 -0.0150185 12.9109 0.124008 -0.222373 -0.0624335 1.7662 169 2
196.919 0.406115 -0.00509783 12.8792 0.118989 -0.396776 -0.0627375 1.87161 170 2
197.95 0.41067 0.00442128 12.8566 0.114341 -0.282764 -0.0580971 1.80884 171 2
198.978 0.424625 0.0135686 12.8163 0.108322 -0.504041 -0.0752354 1.772 172 3
200.003 0.44742 0.0222343 12.8008 0.102982 -0.192773 -0.066749 1.76447 173 3
201.027 0.478622 0.0304729 12.7716 0.0979767 -0.365198 -0.0625704 1.73251 174 1
202.048 0.517756 0.0383111 12.7862 0.0931241 0.182343 -0.0606568 1.75391 175 1
203.07 0.564548 0.045761 12.7916 0.0864094 0.067544 -0.0839344 1.74932 176 0
204.091 0.618426 0.0526737 12.7492 0.0902238 -0.52979 0.0476808 1.81513 177 9
205.11 0.679475 0.0598916 12.7519 0.0925036 0.0335097 0.0284968 1.74814 178 8
206.127 0.748071 0.0672919 12.7463 0.0940178 -0.0704885 0.0189279 1.74054 179 9
207.144 0.824287 0.0748133 12.7439 0.0946924 -0.0289798 0.00843229 1.7808 180 9
208.16 0.908189 0.0823887 12.7357 0.0947199 -0.103486 0.000343658 1.78739 181 9
209.175 0.999728 0.0899663 12.7397 0.0940363 0.0503063 -0.0085447 1.68088 182 9
210.189 1.09893 0.0974892 12.5361 0.083302 -2.54453 -0.134178 2.20377 183 1
211.187 1.20319 0.104153 12.4829 0.0698163 -0.665844 -0.168571 0.899575 184 2
212.18 1.31256 0.109739 12.413 0.0537898 -0.873768 -0.200331 0.570375 185 7
213.166 1.42557 0.114042 12.3407 0.0376781 -0.903833 -0.201396 0.596618 186 7
214.147 1.54087 0.117056 12.2855 0.0229221 -0.68965 -0.18445 0.723522 187 7
215.122 1.65744 0.11889 12.2677 0.0104813 -0.222933 -0.15551 0.889015 188 7
216.097 1.77466 0.119728 12.2634 -0.00247578 -0.0529647 -0.161963 0.85489 189 8
217.071 1.89165 0.11953 12.2506 -0.0135035 -0.160551 -0.137846 1.00262 190 7
218.044 2.00747 0.11845 12.2443 -0.0220805 -0.0781655 -0.107213 1.25613 191 7
219.017 2.1215 0.116684 12.2632 -0.0307324 0.235796 -0.108149 1.43112 192 8
219.992 2.23332 0.114225 12.3182 -0.0386877 0.688016 -0.0994405 1.55114 193 9
220.971 2.34261 0.11113 12.3701 -0.0455709 0.648355 -0.0860407 1.62823 194 9
221.955 2.44877 0.107484 12.3541 -0.0520414 -0.2002 -0.0808807 1.80043 195 8
222.938 2.55071 0.103321 12.364 -0.0579934 0.123966 -0.0744009 1.71463 196 14
223.922 2.64816 0.0986816 12.3733 -0.0631052 0.115907 -0.0638976 1.71334 197 14
224.908 2.7407 0.0936331 12.3714 -0.0669497 -0.0233054 -0.0480552 1.6854 198 8
225.894 2.82796 0.0882772 12.35 -0.0703829 -0.267923 -0.0429159 1.6192 199 8
226.878 2.90952 0.0826465 12.3907 -0.0743568 0.509453 -0.0496739 1.67063 200 9
227.867 2.98547 0.076698 12.429 -0.0778017 0.478268 -0.0430604 1.58589 201 9
228.859 3.05549 0.0704738 12.4673 -0.0807348 0.478745 -0.0366645 1.56781 202 9
229.854 3.11929 0.0640151 12.5512 -0.0806377 1.04851 0.00121379 1.65332 203 0
230.856 3.17706 0.057564 12.6047 -0.0811277 0.669372 -0.00612447 1.5612 204 8
231.863 3.22854 0.0510738 12.6717 -0.0818885 0.836968 -0.00950964 1.5668 205 0
232.876 3.27366 0.0445228 12.7343 -0.0831117 0.782275 -0.0152909 1.63212 206 8
233.894 3.31223 0.0378738 12.8152 -0.0823692 1.01151 0.00928165 1.62915 207 0
234.919 3.3443 0.0312843 12.8955 -0.0813279 1.00393 0.0130165 1.54368 208 0
235.95 3.36986 0.024778 12.9698 -0.0788563 0.92833 0.0308947 1.57057 209 2
236.988 3.38902 0.0184695 13.0398 -0.0765456 0.87589 0.0288842 1.67633 210 2
238.031 3.4019 0.0123459 13.1043 -0.0743867 0.806153 0.026986 1.56431 211 2
239.079 3.40861 0.00639496 13.1667 -0.0730606 0.780332 0.0165765 1.51617 212 1
240.132 3.40919 0.000550114 13.227 -0.07171 0.752592 0.0168827 0.537696 213 1
241.19 3.4037 -0.00518668 13.285 -0.0703248 0.72614 0.0173147 0.56884 214 1
242.253 3.39221 -0.0108127 13.3402 -0.0681284 0.688922 0.0274551 0.581978 215 2
243.32 3.37485 -0.0162629 13.393 -0.0659536 0.660002 0.027184 0.526128 216 2
244.391 3.35178 -0.0215392 13.4435 -0.0637962 0.631213 0.0269683 0.752505 217 2
245.467 3.32313 -0.0266429 13.4933 -0.0632047 0.622773 0.00739321 0.735926 218 0
246.545 3.28891 -0.0316993 13.5365 -0.0631715 0.540733 0.000414997 0.82505 219 0
247.628 3.24912 -0.036753 13.5678 -0.0631729 0.391233 -1.71363e-05 1.01472 220 1
248.712 3.20376 -0.0418069 13.5991 -0.0635563 0.391138 -0.00479259 1.0873 221 0
249.799 3.15276 -0.0468914 13.6329 -0.0634894 0.421643 0.000836514 1.21517 222 0
250.888 3.09611 -0.0519705 13.6612 -0.0622138 0.353885 0.0159447 0.905162 223 2
251.979 3.0339 -0.0569476 13.6945 -0.0617037 0.416279 0.00637658 1.60243 224 0
253.073 2.96615 -0.0618839 13.722 -0.0606122 0.343537 0.0136431 1.59647 225 1
254.168 2.89295 -0.0667329 13.7527 -0.0598102 0.384426 0.0100256 1.64353 226 0
255.265 2.81433 -0.0715177 13.4327 -0.0431277 -4 0.208532 1.67572 227 3
256.337 2.73384 -0.0749679 13.4596 -0.0436323 0.336266 -0.00630845 1.55147 228 0
257.41 2.64945 -0.0784585 13.4942 -0.044077 0.432873 -0.00555855 1.53185 229 0
258.486 2.56104 -0.0819847 13.5303 -0.0441953 0.451028 -0.00147847 1.24913 230 0
259.565 2.46858 -0.0855203 13.565 -0.0433815 0.43292 0.0101732 0.630371 231 1
260.646 2.37214 -0.0889908 13.6008 -0.0430173 0.447798 0.0045523 0.463915 232 0
261.729 2.27171 -0.0924322 13.6366 -0.0423433 0.447285 0.0084246 0.480331 233 0
262.815 2.16734 -0.0958197 13.6702 -0.0408711 0.419903 0.0184029 0.494442 234 1
263.903 2.05915 -0.0990893 13.7019 -0.0392998 0.396812 0.0196409 1.30468 235 1
264.994 1.94728 -0.102233 13.7352 -0.0383328 0.416231 0.0120869 1.76733 236 0
266.086 1.83179 -0.1053 13.7668 -0.0373827 0.395441 0.011877 1.67551 237 0
267.181 1.71276 -0.108291 13.7981 -0.0363718 0.391352 0.0126363 1.70946 238 0
268.278 1.59026 -0.1112 13.8269 -0.0345781 0.358939 0.0224215 1.69563 239 1
269.377 1.46447 -0.113967 13.858 -0.0331047 0.389123 0.0184165 1.76289 240 0
270.478 1.33548 -0.116615 13.8898 -0.0312251 0.398111 0.0234958 1.75176 241 0
271.582 1.20343 -0.119113 13.9189 -0.0285712 0.363672 0.0331728 1.58923 242 1
272.687 1.06859 -0.121399 13.9488 -0.0267754 0.373399 0.0224479 1.6534 243 0
273.794 0.931078 -0.123541 13.976 -0.0242073 0.339568 0.032102 1.60193 244 1
274.904 0.791153 -0.125477 14.004 -0.022501 0.350237 0.0213279 1.70186 245 0
276.015 0.648946 -0.127277 14.0321 -0.0210735 0.351131 0.0178444 1.81116 246 0
277.128 0.504578 -0.128963 13.7121 0.00104741 -4 0.276511 1.94924 247 4
278.216 0.363592 -0.128879 13.3951 0.0230657 -3.96245 0.275229 1.9242 248 2
279.279 0.227828 -0.127034 13.0751 0.0387603 -4 0.196182 1.88804 249 5
280.317 0.0985243 -0.123933 12.7854 0.0566962 -3.62097 0.224199 1.82618 250 3
281.333 -0.0233095 -0.119398 12.5128 0.0716701 -3.40718 0.187175 1.76637 251 4
282.327 -0.136845 -0.113664 12.5788 0.0650914 0.824571 -0.0822347 3.22101 252 4
283.328 -0.245772 -0.108457 12.3889 0.0523024 -2.37336 -0.159862 2.58854 253 8
284.313 -0.348931 -0.104273 12.4759 0.0458921 1.08752 -0.0801282 1.64642 254 4
285.306 -0.449169 -0.100601 12.6571 0.038961 2.26494 -0.0866388 2.11434 255 7
286.314 -0.547722 -0.0974843 12.7234 0.0337315 0.828707 -0.0653692 3.0712 256 0
287.327 -0.644058 -0.0947857 12.4034 0.057748 -4 0.300206 3.39 257 6
288.316 -0.733406 -0.0901659 12.0888 0.0768356 -3.93292 0.238596 1.91674 258 1
289.279 -0.814565 -0.0840191 11.8459 0.0954284 -3.03596 0.23241 1.90771 259 0
290.224 -0.886882 -0.0763848 11.6372 0.1099 -2.60907 0.180895 1.77717 260 0
291.153 -0.949762 -0.0675928 11.4001 0.118725 -2.96339 0.110308 1.93838 261 3
