1.12 10 0 14.0442 -0.00129551 0.552225 -0.0161939 0.088815 1 8
2.24353 9.99988 -0.000103641 14.0862 -0.00110847 0.524962 0.00233806 0.105464 2 9
3.37043 9.99967 -0.000192319 14.1272 -0.00228368 0.512791 -0.0146902 0.094793 3 8
4.5006 9.99924 -0.000375013 14.1656 -0.00604292 0.479865 -0.0469905 0.094721 4 6
5.63385 9.99827 -0.000858447 14.2029 -0.00803454 0.466466 -0.0248952 0.092043 5 7
6.77008 9.99656 -0.00150121 14.2374 -0.00843601 0.431299 -0.00501836 0.091031 6 8
7.90907 9.99409 -0.00217609 14.2703 -0.00741726 0.410783 0.0127343 0.09081 7 9
9.05069 9.99092 -0.00276947 14.3021 -0.00781236 0.397718 -0.00493871 0.091584 8 8
10.1948 9.98704 -0.00339446 14.333 -0.00812991 0.38687 -0.00396937 0.091648 9 8
11.3415 9.9824 -0.00404485 14.3616 -0.00837446 0.356615 -0.00305687 0.091995 10 8
12.4904 9.97698 -0.00471481 14.3883 -0.0152416 0.334358 -0.0858395 0.089144 11 4
13.6414 9.97015 -0.00593414 14.4149 -0.01464 0.332034 0.00752038 0.091879 12 8
14.7946 9.96196 -0.00710534 14.4402 -0.0153869 0.316012 -0.00933602 0.092624 13 7
15.9498 9.95233 -0.00833629 14.4634 -0.0146292 0.290239 0.00947148 0.093889 14 8
17.1068 9.94133 -0.00950662 14.4873 -0.0125229 0.299025 0.0263282 0.093915 15 9
18.2657 9.92915 -0.0105085 14.5104 -0.0119113 0.288928 0.00764477 0.091883 16 8
19.4265 9.91585 -0.0114614 14.5311 -0.0179845 0.259066 -0.0759143 0.08994 17 4
20.5889 9.90085 -0.0129001 14.5518 -0.0193676 0.258183 -0.0172899 0.09134 18 6
21.7529 9.88403 -0.0144495 14.5727 -0.017808 0.261378 0.0194956 0.091468 19 8
22.9186 9.86553 -0.0158742 14.5902 -0.0203407 0.218582 -0.031659 0.092285 20 5
24.0856 9.8451 -0.0175014 14.6084 -0.0198265 0.227714 0.00642831 0.090429 21 7
25.2541 9.82279 -0.0190875 14.625 -0.0205988 0.207543 -0.00965381 0.089332 22 6
26.4238 9.79853 -0.0207354 14.6418 -0.0211809 0.209594 -0.00727633 0.088184 23 6
27.5948 9.77226 -0.0224299 14.6572 -0.0175709 0.193334 0.0451247 0.093004 24 9
28.7671 9.74432 -0.0238356 14.6706 -0.0169015 0.167131 0.00836784 0.091886 25 7
29.9404 9.71476 -0.0251877 14.6836 -0.014847 0.162017 0.0256803 0.090651 26 8
31.1147 9.68378 -0.0263755 14.6977 -0.0142718 0.175953 0.0071899 0.091533 27 7
32.29 9.65143 -0.0275172 14.711 -0.0136589 0.167 0.00766186 0.091779 28 7
33.4664 9.61776 -0.0286099 14.7215 -0.0143695 0.131071 -0.00888221 0.09298 29 6
34.6436 9.58272 -0.0297595 14.7352 -0.0162776 0.171137 -0.0238514 0.092542 30 5
35.8219 9.54611 -0.0310617 14.7472 -0.0138528 0.150669 0.0303096 0.092261 31 8
37.001 9.50816 -0.0321699 14.7588 -0.0142629 0.144482 -0.00512544 0.092718 32 6
38.1811 9.46884 -0.0333109 14.7705 -0.0158871 0.145674 -0.020303 0.090894 33 5
39.362 9.42798 -0.0345819 14.7835 -0.0145736 0.16309 0.0164192 0.094149 34 7
40.5439 9.38572 -0.0357478 14.7936 -0.0132815 0.126469 0.0161513 0.092546 35 7
41.7266 9.34216 -0.0368103 14.8021 -0.0106732 0.106084 0.032603 0.091645 36 8
42.91 9.29757 -0.0376642 14.8112 -0.00960987 0.113297 0.0132919 0.092062 37 7
44.094 9.25204 -0.038433 14.8165 -0.00588844 0.0666022 0.0465179 0.089951 38 9
45.2784 9.20594 -0.038904 14.8244 -0.00649669 0.0983715 -0.00760318 0.091616 39 6
46.4634 9.1592 -0.0394238 14.8301 -0.00565091 0.0721455 0.0105723 0.09445 40 7
47.6489 9.1119 -0.0398758 14.8387 -0.00348489 0.107217 0.0270752 0.09334 41 8
48.835 9.06425 -0.0401546 14.847 -0.00149682 0.103796 0.0248509 0.094674 42 8
50.0218 9.01642 -0.0402744 14.8552 -0.00102209 0.101757 0.00593419 0.091599 43 7
51.2093 8.96848 -0.0403561 14.8628 -0.00188744 0.0955939 -0.010817 0.090847 44 6
52.3973 8.92033 -0.0405071 14.8688 6.13713e-05 0.0743985 0.0243602 0.090865 45 8
53.5858 8.87216 -0.0405022 14.8746 0.000498394 0.0724316 0.00546278 0.090408 46 7
54.7748 8.82403 -0.0404624 14.8792 0.000923364 0.0584245 0.00531213 0.092072 47 7
55.9642 8.77596 -0.0403885 14.8845 2.78898e-06 0.0654221 -0.0115072 0.092618 48 6
57.154 8.72788 -0.0403883 14.8899 0.000530481 0.0674963 0.00659615 0.092658 49 7
58.3442 8.67984 -0.0403458 14.8955 0.00104416 0.0710607 0.00642102 0.092029 50 7
59.5349 8.63187 -0.0402623 14.9004 0.00153016 0.0600696 0.00607495 0.092886 51 7
60.726 8.58404 -0.0401399 14.9057 0.00198776 0.0665426 0.00571996 0.092404 52 7
61.9175 8.53637 -0.0399809 14.9108 -0.000255554 0.0644088 -0.0280414 0.092286 53 5
63.1094 8.48867 -0.0400013 14.9158 -0.000907622 0.0615001 -0.00815084 0.092857 54 6
64.3017 8.44086 -0.0400739 14.9206 0.00123775 0.0604868 0.0268172 0.091101 55 8
65.4944 8.39316 -0.0399749 14.9238 0.00453046 0.0401497 0.0411589 0.091438 56 9
66.6873 8.34588 -0.0396125 14.9299 0.00347236 0.0757098 -0.0132263 0.092069 57 6
67.8808 8.29891 -0.0393347 14.9314 0.00522895 0.0198841 0.0219574 0.092018 58 8
69.0744 8.25244 -0.0389164 14.9352 0.00681139 0.0467181 0.0197805 0.093428 59 8
70.2683 8.2066 -0.0383714 14.9361 0.00689725 0.0115156 0.00107329 0.092267 60 7
71.4624 8.16142 -0.0378197 14.9397 0.00562165 0.0443816 -0.0159451 0.091425 61 6
72.6567 8.11677 -0.0373699 14.9446 0.00447307 0.0613332 -0.0143571 0.091712 62 6
73.8515 8.07253 -0.0370121 14.9487 0.00344006 0.0511646 -0.0129126 0.094852 63 6
75.0466 8.0286 -0.0367369 14.9922 -0.00469538 0.544119 -0.101693 0.094206 64 1
76.2451 7.9841 -0.0371125 14.991 -0.00337371 -0.0154734 0.0165208 0.092578 65 7
77.4435 7.93928 -0.0373824 14.9911 -0.000803358 0.00163317 0.0321294 0.092483 66 8
78.642 7.89438 -0.0374467 14.992 0.000196654 0.0119805 0.0125002 0.092702 67 7
79.8405 7.8495 -0.0374309 14.9925 0.00112265 0.00524521 0.011575 0.091792 68 7
81.0391 7.80472 -0.0373411 14.992 0.000634576 -0.00581741 -0.00610097 0.093433 69 6
82.2376 7.76001 -0.0372904 14.9914 0.00292263 -0.00760555 0.0286007 0.092141 70 8
83.4361 7.71558 -0.0370566 14.9932 0.00095209 0.0223756 -0.0246317 0.093061 71 5
84.6347 7.67123 -0.0369804 14.9931 0.00324251 -0.000905991 0.0286303 0.090899 72 8
85.8334 7.6272 -0.036721 14.9949 -0.00139293 0.0229716 -0.0579431 0.091107 73 4
87.0321 7.58302 -0.0368324 14.993 -0.00149636 -0.0237823 -0.00129292 0.093329 74 6
88.2308 7.53871 -0.0369521 14.9925 -0.00289798 -0.00616312 -0.0175203 0.093636 75 5
89.4293 7.49412 -0.037184 14.9931 -9.18175e-05 0.00724792 0.0350771 0.094162 76 8
90.628 7.44952 -0.0371913 14.9933 0.00246352 0.0025034 0.0319417 0.092693 77 8
91.8266 7.40516 -0.0369942 14.9938 0.0047815 0.0056982 0.0289748 0.091165 78 8
93.0253 7.36125 -0.0366117 14.9938 0.00418427 0.000715256 -0.00746542 0.092663 79 6
94.224 7.31775 -0.036277 14.9924 0.00366164 -0.0182629 -0.00653285 0.091105 80 6
95.4226 7.2746 -0.035984 14.9911 0.00320526 -0.0158191 -0.00570477 0.091097 81 6
96.6212 7.23176 -0.0357276 14.9968 -0.00250575 0.0708461 -0.0713875 0.09156 82 2
97.8201 7.18867 -0.0359281 14.9978 -0.00630876 0.0132799 -0.0475377 0.091352 83 4
99.0192 7.14496 -0.0364328 14.9997 -0.00565391 0.0226259 0.00818564 0.092911 84 6
100.218 7.10071 -0.0368851 14.9994 -0.00635744 -0.00298023 -0.00879411 0.092039 85 5
101.417 7.05585 -0.0373937 15.0032 -0.00692886 0.0477552 -0.00714271 0.093683 86 5
102.617 7.01031 -0.037948 15.0057 -0.007386 0.0311375 -0.00571431 0.09255 87 5
103.816 6.96406 -0.0385389 15.004 -0.00638689 -0.0221729 0.0124889 0.092812 88 6
105.016 6.9172 -0.0390498 14.9999 -0.00541561 -0.0503421 0.0121411 0.092252 89 6
106.215 6.86983 -0.0394831 15.002 -0.00182119 0.026238 0.0449302 0.090246 90 8
107.414 6.82229 -0.0396288 15.003 -0.00257207 0.0123978 -0.00938599 0.092624 91 5
108.613 6.77449 -0.0398345 15.0004 -0.00318326 -0.0324845 -0.00763994 0.092566 92 5
109.812 6.72639 -0.0400892 15.0023 0.000327735 0.0239849 0.0438875 0.091772 93 8
111.012 6.67832 -0.040063 15.004 -0.00050782 0.0207901 -0.0104444 0.093694 94 5
112.211 6.6302 -0.0401036 15.0037 -0.00123002 -0.00368357 -0.00902749 0.091622 95 5
113.41 6.58196 -0.040202 15.0144 -0.00695116 0.133228 -0.0715143 0.090436 96 1
114.61 6.53301 -0.0407581 15.0163 -0.0135471 0.0239491 -0.0824497 0.093274 97 1
115.811 6.48276 -0.0418419 15.0124 -0.0127322 -0.0484109 0.0101863 0.091337 98 5
117.011 6.4313 -0.0428605 15.0117 -0.0119192 -0.00853539 0.0101625 0.090689 99 5
118.21 6.3787 -0.043814 15.0143 -0.0164385 0.0320435 -0.0564912 0.092684 100 2
119.41 6.32451 -0.0451291 15.0141 -0.0203871 -0.00194311 -0.0493568 0.093744 101 2
120.61 6.26837 -0.04676 15.0126 -0.0237681 -0.0186324 -0.0422629 0.092108 102 2
121.81 6.20995 -0.0486615 15.0156 -0.0267172 0.0374079 -0.0368636 0.094918 103 2
123.009 6.14895 -0.0507989 15.0127 -0.0238355 -0.0370026 0.0360217 0.093002 104 5
124.209 6.08568 -0.0527057 15.0124 -0.0211253 -0.00305176 0.0338766 0.091148 105 5
125.408 6.02039 -0.0543957 15.0144 -0.0185544 0.0252485 0.032137 0.090192 106 5
126.607 5.9533 -0.0558801 15.0125 -0.0120544 -0.0244379 0.0812501 0.092129 107 8
127.806 5.88507 -0.0568444 15.0147 -0.0167799 0.0270963 -0.0590696 0.091568 108 1
129.005 5.81521 -0.0581868 15.0199 -0.0183298 0.0660062 -0.0193733 0.093694 109 3
130.205 5.74358 -0.0596532 15.022 -0.0208896 0.0261188 -0.0319975 0.091481 110 2
131.404 5.66993 -0.0613244 15.0261 -0.0217726 0.0510693 -0.0110375 0.093439 111 3
132.604 5.59417 -0.0630662 15.0302 -0.0237011 0.0513077 -0.0241059 0.093518 112 2
133.804 5.51611 -0.0649623 15.0313 -0.0252362 0.0132084 -0.0191893 0.092418 113 2
135.004 5.43562 -0.0669812 15.0335 -0.0277805 0.0282407 -0.0318042 0.091569 114 1
136.204 5.35246 -0.0692036 15.0364 -0.0285828 0.0359535 -0.0100288 0.093331 115 2
137.403 5.26654 -0.0714902 15.0388 -0.0291485 0.0302315 -0.00707074 0.092845 116 2
138.603 5.1778 -0.0738221 15.0347 -0.0293564 -0.051403 -0.00259937 0.092546 117 2
139.803 5.08627 -0.0761706 15.0373 -0.0307394 0.0318885 -0.0172875 0.091619 118 1
141.002 4.99178 -0.0786298 15.0334 -0.0252531 -0.0487804 0.0685798 0.091856 119 5
142.201 4.89489 -0.08065 15.0302 -0.0200397 -0.039959 0.0651676 0.092731 120 5
143.399 4.7961 -0.0822532 15.0304 -0.0151788 0.00287294 0.0607605 0.090943 121 5
144.597 4.69585 -0.0834675 15.0273 -0.0107066 -0.038445 0.0559033 0.092415 122 5
145.795 4.5946 -0.084324 15.0216 -0.00701296 -0.0719428 0.0461698 0.092521 123 6
146.993 4.49271 -0.0848851 15.0171 -0.00351523 -0.0564575 0.0437217 0.091683 124 6
148.19 4.39052 -0.0851663 15.0166 1.8424e-05 -0.00578165 0.0441706 0.094173 125 5
149.387 4.28833 -0.0851648 15.0136 0.0033514 -0.037539 0.0416622 0.091879 126 6
150.583 4.18649 -0.0848967 15.0142 0.00653209 0.00720024 0.0397586 0.092658 127 6
151.78 4.08526 -0.0843741 15.0141 0.00959062 -0.000798702 0.0382317 0.093414 128 6
152.977 3.98496 -0.0836069 15.017 0.0125119 0.0364184 0.0365155 0.090159 129 6
154.174 3.88583 -0.0826059 15.0154 0.0147707 -0.020206 0.028236 0.091351 130 5
155.372 3.78813 -0.0814243 15.0191 0.0174039 0.0465035 0.0329144 0.09107 131 6
156.569 3.69207 -0.080032 15.0206 0.0198878 0.0190139 0.0310484 0.092003 132 6
157.767 3.59791 -0.0784409 14.9857 0.0115203 -0.436652 -0.104593 0.089582 133 1
158.962 3.50507 -0.0775193 14.9807 0.0153979 -0.062561 0.0484695 0.089821 134 5
160.157 3.41373 -0.0762875 14.989 0.0181015 0.103247 0.033796 0.091407 135 7
161.353 3.32407 -0.0748394 14.9852 0.0222503 -0.0475883 0.0518597 0.091411 136 5
162.549 3.23657 -0.0730593 14.9841 0.0256239 -0.0130534 0.0421695 0.091697 137 5
163.745 3.15152 -0.0710094 14.9824 0.0285888 -0.0214577 0.0370619 0.092337 138 5
164.94 3.06921 -0.0687223 14.9798 0.0312654 -0.0322342 0.0334566 0.091245 139 5
166.136 2.98991 -0.0662211 14.9806 0.0229948 0.00933409 -0.103382 0.094086 140 0
167.332 2.91281 -0.0643815 14.98 0.0154366 -0.00752211 -0.0944775 0.090298 141 0
168.528 2.83718 -0.0631466 14.9819 0.0221892 0.0248432 0.084407 0.092326 142 9
169.724 2.76367 -0.0613714 14.9226 0.0120827 -0.742018 -0.12633 0.088844 143 1
170.916 2.6916 -0.0604048 14.9495 0.0177516 0.336885 0.0708607 0.090781 144 4
172.11 2.6211 -0.0589847 14.9657 0.0208179 0.201643 0.0383284 0.089862 145 4
173.305 2.55251 -0.0573193 14.9716 0.0216424 0.0744104 0.0103067 0.088277 146 4
174.501 2.48597 -0.0555879 14.9732 0.0218272 0.0192046 0.0023098 0.088994 147 5
175.697 2.42151 -0.0538417 14.9726 0.0216392 -0.00667572 -0.00234942 0.089811 148 5
176.893 2.35912 -0.0521106 14.9786 0.0212766 0.0741482 -0.00453326 0.088564 149 5
178.09 2.29874 -0.0504084 14.9803 0.0210979 0.0220656 -0.0022332 0.089657 150 4
179.287 2.24037 -0.0487206 14.9866 0.0227898 0.0784397 0.0211482 0.088518 151 3
180.485 2.18417 -0.0468974 14.9908 0.021553 0.0523806 -0.0154592 0.088566 152 4
181.683 2.13001 -0.0451732 14.9908 0.0197459 0.000524521 -0.0225895 0.088447 153 4
182.881 2.07775 -0.0435935 14.9914 0.0194611 0.0071764 -0.00355935 0.087539 154 4
184.079 2.02735 -0.0420366 14.9971 0.0198673 0.0711679 0.00507769 0.086895 155 4
185.278 1.97883 -0.0404472 15.0007 0.0199665 0.0449181 0.00123903 0.087134 156 5
186.477 1.93222 -0.0388499 15.002 0.0200105 0.0169635 0.000550691 0.087841 157 5
187.676 1.88753 -0.0372491 15.0034 0.0201639 0.0167727 0.00191708 0.090382 158 5
188.876 1.84476 -0.035636 15.0058 0.0201509 0.0307679 -0.00016198 0.089022 159 5
190.076 1.80393 -0.0340239 15.0034 0.020021 -0.0303268 -0.00162451 0.088717 160 5
191.275 1.76502 -0.0324222 15.0056 0.0197668 0.0266194 -0.00317662 0.088647 161 5
192.475 1.728 -0.0308409 15.0174 0.0216474 0.148237 0.0235076 0.087457 162 4
193.676 1.69303 -0.0291091 15.0136 0.0213615 -0.0474453 -0.00357395 0.08874 163 5
194.877 1.66013 -0.0274001 15.0132 0.0223076 -0.00556707 0.0118264 0.086988 164 6
196.077 1.62937 -0.0256155 15.0144 0.0217912 0.0153065 -0.0064553 0.088187 165 5
197.278 1.6007 -0.0238722 15.0126 0.0212482 -0.0222325 -0.00678794 0.087975 166 5
198.479 1.57407 -0.0221724 15.0109 0.0206772 -0.0218272 -0.00713689 0.087856 167 5
199.679 1.54943 -0.0205182 15.0108 0.0214308 -0.00139475 0.00941958 0.087396 168 6
200.88 1.52685 -0.0188037 15.0121 0.0220133 0.0166535 0.00728094 0.087237 169 6
202.081 1.50638 -0.0170427 15.0111 0.0237937 -0.0127077 0.0222555 0.08659 170 7
203.282 1.4882 -0.0151392 15.01 0.0239647 -0.0138044 0.00213778 0.086769 171 6
204.482 1.47233 -0.013222 15.0125 0.0240143 0.0321269 0.000619516 0.086926 172 6
205.683 1.45876 -0.0113009 15.0097 0.0252927 -0.0348926 0.0159795 0.106828 173 7
206.884 1.44762 -0.00927744 15.0088 0.0236515 -0.0123978 -0.0205146 0.089785 174 5
208.085 1.43875 -0.00738532 15.0098 0.02475 0.0136614 0.0137318 0.084635 175 7
209.285 1.43226 -0.00540531 15.0061 0.0229442 -0.0470638 -0.0225735 0.087728 176 5
210.486 1.42797 -0.00356978 15.0091 0.0225655 0.0372171 -0.0047334 0.087112 177 6
211.687 1.42585 -0.00176454 15.0108 0.0221216 0.0218391 -0.00554852 0.088579 178 6
212.888 1.42586 5.18618e-06 15.0076 0.0216183 -0.0405312 -0.00629171 0.087851 179 6
214.088 1.42794 0.00173465 15.0098 0.0174198 0.0285506 -0.0524811 0.088662 180 4
215.289 1.4317 0.00312823 15.0118 0.0134833 0.0240684 -0.0492062 0.085103 181 4
216.49 1.43675 0.00420689 15.0077 0.0135983 -0.0507832 0.00143744 0.087086 182 6
217.69 1.44311 0.00529476 15.0134 0.00979249 0.0705242 -0.0475724 0.087251 183 4
218.891 1.45041 0.00607815 15.0104 0.00625754 -0.0370979 -0.0441869 0.087808 184 4
220.092 1.45831 0.00657876 15.0121 0.00300297 0.0213623 -0.0406822 0.086611 185 4
221.293 1.4665 0.006819 15.0144 0.00400197 0.0289917 0.0124875 0.086473 186 6
222.494 1.47507 0.00713915 15.0164 0.00353591 0.0244737 -0.00582565 0.083994 187 5
223.696 1.48399 0.00742203 15.0193 0.00309958 0.0361085 -0.00545412 0.086637 188 5
224.897 1.4932 0.00766999 15.0196 -0.00131248 0.00383854 -0.0551508 0.089396 189 3
226.099 1.50229 0.00756499 15.0208 -0.00396085 0.0151396 -0.0331047 0.086847 190 4
227.3 1.511 0.00724813 15.0233 -0.00231256 0.0320673 0.0206037 0.087506 191 6
228.502 1.51949 0.00706312 15.0238 -0.00216191 0.00553131 0.00188314 0.088299 192 5
229.704 1.52777 0.00689017 15.0273 0.00184215 0.0439286 0.0500508 0.086236 193 8
230.906 1.53623 0.00703754 15.0235 0.00289208 -0.0479221 0.0131241 0.086854 194 6
232.108 1.54497 0.00726891 15.0217 0.00515259 -0.0214934 0.0282563 0.087084 195 7
233.31 1.5542 0.00768112 15.0212 0.0044879 -0.00711679 -0.0083086 0.087179 196 5
234.511 1.56386 0.00804015 15.0201 0.00520394 -0.013411 0.00895057 0.089793 197 6
235.713 1.57402 0.00845646 15.0219 0.00047419 0.0222206 -0.0591219 0.088093 198 3
236.915 1.58423 0.0084944 15.0237 -0.00380138 0.022471 -0.0534446 0.085999 199 3
238.116 1.59408 0.00819029 15.0203 -0.00630965 -0.0424981 -0.0313534 0.086023 200 4
239.318 1.60331 0.00768552 15.0213 -0.00854299 0.0127912 -0.0279167 0.089419 201 4
240.52 1.61173 0.00700208 15.0213 -0.00782359 -0.000202656 0.00899242 0.083001 202 5
241.721 1.61939 0.00637619 15.0187 -0.0111861 -0.0320196 -0.0420309 0.086699 203 3
242.923 1.62597 0.0054813 15.0154 -0.0128023 -0.041604 -0.0202028 0.087283 204 4
244.124 1.63133 0.00445712 15.0148 -0.0101762 -0.00756979 0.0328261 0.086759 205 6
245.325 1.6357 0.00364302 15.0177 -0.0131288 0.0360847 -0.0369076 0.086281 206 3
246.527 1.63882 0.00259272 15.0228 -0.0144029 0.0642419 -0.0159256 0.086412 207 4
247.729 1.64055 0.00144049 15.0227 -0.0154685 -0.00184774 -0.01332 0.084256 208 4
248.93 1.64079 0.000203015 15.0239 -0.0136811 0.0157118 0.0223424 0.088408 209 5
250.132 1.63972 -0.000891469 15.0253 -0.0106637 0.0173807 0.0377169 0.083213 210 6
251.334 1.63762 -0.00174457 15.0244 -0.00655812 -0.011754 0.0513199 0.087702 211 7
252.536 1.6349 -0.00226922 15.0293 -0.00952563 0.0617981 -0.0370939 0.088684 212 3
253.739 1.63125 -0.00303127 15.0296 -0.010817 0.0033021 -0.0161423 0.088367 213 4
254.941 1.62657 -0.00389663 15.0292 -0.0146021 -0.0046134 -0.0473135 0.089437 214 2
256.143 1.62048 -0.00506479 15.0324 -0.0165986 0.0391841 -0.0249561 0.088617 215 3
257.346 1.61279 -0.00639268 15.0323 -0.0169716 -0.000631809 -0.00466255 0.088961 216 4
258.548 1.60347 -0.00775041 15.0325 -0.0131991 0.00253916 0.0471565 0.089109 217 6
259.751 1.59288 -0.00880633 15.0357 -0.0137546 0.0397801 -0.00694407 0.08679 218 4
260.954 1.58096 -0.0099067 15.0374 -0.00882364 0.0217795 0.0616368 0.088464 219 7
262.157 1.5682 -0.0106126 15.037 -0.0110427 -0.00530481 -0.0277385 0.086826 220 3
263.36 1.55437 -0.011496 15.0429 -0.0129848 0.0740051 -0.0242756 0.089371 221 3
264.563 1.53928 -0.0125348 15.0452 -0.0159923 0.0287294 -0.0375945 0.091939 222 2
265.766 1.52266 -0.0138142 15.0439 -0.0159411 -0.0169754 0.000640773 0.093164 223 4
266.97 1.5045 -0.0150895 15.0478 -0.0184994 0.0494719 -0.0319789 0.089275 224 2
268.173 1.48455 -0.0165694 15.0313 -0.0219923 -0.206935 -0.0436614 0.093113 225 2
269.376 1.46251 -0.0183288 14.9832 -0.0285089 -0.600481 -0.0814572 0.090416 226 2
270.574 1.43781 -0.0206095 14.9487 -0.0346508 -0.432193 -0.076774 0.092755 227 0
271.77 1.40985 -0.0233816 14.8627 -0.0458409 -1.07452 -0.139877 0.091195 228 2
272.958 1.37769 -0.0270488 14.823 -0.051015 -0.495684 -0.0646756 0.091528 229 0
274.144 1.34078 -0.03113 14.8173 -0.0528552 -0.0715733 -0.023002 0.092964 230 0
275.328 1.29888 -0.0353585 14.7947 -0.0526979 -0.283003 0.00196551 0.091418 231 2
276.511 1.25205 -0.0395743 14.8016 -0.0504116 0.0870228 0.0285795 0.092312 232 2
277.694 1.20043 -0.0436072 14.8137 -0.0492231 0.150788 0.0148551 0.092137 233 1
278.878 1.14411 -0.0475451 14.8172 -0.0479354 0.0439525 0.0160965 0.093357 234 1
280.061 1.08323 -0.0513799 14.8287 -0.046657 0.143766 0.0159805 0.095146 235 0
281.246 1.01788 -0.0551125 14.82 -0.0450799 -0.108433 0.0197132 0.093202 236 3
282.429 0.948307 -0.0587188 14.8031 -0.0445568 -0.211883 0.00653877 0.092334 237 4
283.611 0.874595 -0.0622834 14.7987 -0.0467566 -0.0548482 -0.0274975 0.094327 238 5
284.793 0.796487 -0.0660239 14.8 -0.0478625 0.0168443 -0.013824 0.093482 239 5
285.974 0.713848 -0.0698529 14.7956 -0.0445355 -0.0555515 0.0415886 0.092953 240 4
287.154 0.627027 -0.0734158 14.795 -0.0442985 -0.00773668 0.00296202 0.094412 241 5
288.334 0.536028 -0.0769596 14.7949 -0.0396012 -0.000536442 0.0587157 0.093653 242 4
289.514 0.441291 -0.0801277 14.7925 -0.0347086 -0.0311136 0.0611577 0.094173 243 4
290.694 0.343294 -0.0829044 14.79 -0.0298832 -0.0306845 0.0603185 0.092569 244 4
291.872 0.242495 -0.0852951 14.8013 -0.0250838 0.141644 0.0599917 0.094153 245 4
293.052 0.139252 -0.0873018 14.8053 -0.0201689 0.0500441 0.061436 0.092253 246 4
294.232 0.034077 -0.0889153 14.8115 -0.0153078 0.0766277 0.0607645 0.092152 247 4
295.412 -0.0725868 -0.0901399 14.815 -0.0104514 0.0442505 0.0607044 0.091156 248 4
296.592 -0.180263 -0.090976 14.8167 -0.00573772 0.0206947 0.0589212 0.093952 249 4
297.773 -0.288493 -0.0914351 14.8257 -0.00114096 0.113392 0.0574596 0.09174 250 4
298.954 -0.396897 -0.0915263 14.8279 0.00337329 0.0268221 0.0564281 0.094109 251 4
300.135 -0.504998 -0.0912565 14.827 0.00736952 -0.0109434 0.0499529 0.094254 252 4
301.316 -0.612396 -0.0906669 14.8305 0.0104021 0.0437856 0.0379071 0.093297 253 4
302.498 -0.718837 -0.0898347 14.8275 0.0138344 -0.038147 0.0429043 0.094135 254 4
303.679 -0.823947 -0.088728 14.817 0.0185443 -0.130832 0.0588728 0.092918 255 4
304.86 -0.927232 -0.0872445 14.8135 0.023548 -0.043726 0.0625471 0.092695 256 4
306.041 -1.02827 -0.0853606 14.8202 0.0277437 0.0842929 0.0524461 0.09304 257 4
307.223 -1.12673 -0.0831411 14.8242 0.031268 0.0498891 0.0440534 0.095612 258 4
308.405 -1.22226 -0.0806397 14.8207 0.0341136 -0.0435352 0.0355699 0.09448 259 4
309.587 -1.31454 -0.0779106 14.8222 0.0361703 0.0180721 0.0257085 0.093478 260 4
310.769 -1.40341 -0.075017 14.8288 0.0376813 0.0825286 0.0188886 0.094224 261 4
311.952 -1.48875 -0.0720025 14.8315 0.0392246 0.0337482 0.0192907 0.092899 262 4
313.136 -1.5704 -0.0688645 14.8379 0.0404875 0.0802994 0.0157866 0.092816 263 4
314.321 -1.64824 -0.0656255 14.8456 0.0426616 0.0960469 0.0271756 0.095992 264 5
315.506 -1.72208 -0.0622126 14.8515 0.0444664 0.0733376 0.0225607 0.092596 265 5
316.692 -1.79173 -0.0586552 14.86 0.0445334 0.106382 0.000836654 0.092853 266 4
317.879 -1.85719 -0.0550926 14.8633 0.0471896 0.041163 0.0332028 0.092908 267 6
319.066 -1.91818 -0.0513174 14.8661 0.0493647 0.0356436 0.0271892 0.094345 268 6
320.254 -1.9745 -0.0473682 14.8783 0.0511136 0.152123 0.021861 0.093076 269 6
321.444 -2.02599 -0.0432791 14.8797 0.0524877 0.0171304 0.0171759 0.092764 270 6
322.633 -2.0725 -0.0390801 14.8813 0.0495106 0.0208855 -0.0372135 0.089292 271 4
323.823 -2.1143 -0.0351193 14.8921 0.0466304 0.134027 -0.0360028 0.091455 272 4
325.014 -2.15169 -0.0313888 14.8977 0.0465184 0.0703216 -0.0013995 0.090714 273 5
326.205 -2.18466 -0.0276674 14.8966 0.0489072 -0.0132322 0.0298603 0.091304 274 7
327.396 -2.21297 -0.0237548 14.9035 0.0454983 0.0857353 -0.0426115 0.092078 275 4
328.588 -2.23695 -0.0201149 14.9067 0.0462503 0.0405788 0.00939989 0.090682 276 6
329.781 -2.25653 -0.0164149 14.9014 0.0467074 -0.0664473 0.00571408 0.093003 277 6
330.973 -2.27164 -0.0126783 14.9093 0.0455731 0.0990629 -0.0141789 0.092701 278 5
332.165 -2.28241 -0.00903245 14.9157 0.0457133 0.0790477 0.00175163 0.093235 279 6
333.359 -2.28883 -0.00537539 14.9132 0.0415889 -0.030458 -0.0515541 0.092614 280 4
334.552 -2.29127 -0.00204828 14.9176 0.0417212 0.0546932 0.0016538 0.091469 281 6
335.745 -2.28973 0.00128942 14.9196 0.0376222 0.0252008 -0.0512381 0.092598 282 4
336.939 -2.2846 0.0042992 14.9234 0.0337548 0.0468493 -0.0483428 0.090701 283 4
338.133 -2.27624 0.00699958 14.9327 0.0354467 0.116289 0.0211495 0.092455 284 7
339.327 -2.26449 0.00983532 14.9345 0.0354778 0.0231862 0.000387803 0.092054 285 6
340.522 -2.24935 0.0126735 14.9382 0.0339835 0.0466347 -0.018678 0.093193 286 5
341.717 -2.23096 0.0153922 14.9469 0.0351457 0.107706 0.0145275 0.094061 287 7
342.912 -2.20919 0.0182039 14.9491 0.0306836 0.0281453 -0.0557763 0.091707 288 4
344.108 -2.18449 0.0206586 14.9536 0.0305507 0.0559211 -0.00166157 0.090591 289 6
345.304 -2.15685 0.0231026 14.9566 0.0288876 0.0370622 -0.0207886 0.092687 290 5
346.5 -2.12645 0.0254136 14.9644 0.0246288 0.0976801 -0.0532345 0.087656 291 4
347.697 -2.09367 0.0273839 14.9656 0.0232704 0.0147581 -0.01698 0.090926 292 5
348.893 -2.05866 0.0292456 14.972 0.0219379 0.0808001 -0.0166564 0.102048 293 5
350.091 -2.02154 0.0310006 14.9731 0.020607 0.0138044 -0.0166362 0.099096 294 5
351.288 -1.98243 0.0326492 14.9776 0.0206112 0.0558257 5.20144e-05 0.091992 295 6
352.485 -1.94135 0.0342981 14.9821 0.0165487 0.056839 -0.0507807 0.089846 296 4
353.683 -1.89866 0.035622 14.9825 0.0153786 0.00509024 -0.0146268 0.091936 297 5
354.881 -1.8545 0.0368522 14.988 0.0142812 0.06845 -0.013718 0.088843 298 5
356.079 -1.80895 0.0379947 14.9911 0.0132026 0.0384808 -0.0134815 0.088261 299 5
357.277 -1.76213 0.0390509 14.991 0.013427 -0.00134707 0.00280502 0.086716 300 6
358.476 -1.71402 0.0401251 14.9924 0.0122074 0.0178814 -0.0152453 0.09077 301 5
359.674 -1.66474 0.0411017 14.9987 0.0137382 0.0791192 0.0191352 0.085535 302 7
360.873 -1.61412 0.0422008 14.9979 0.0123265 -0.0104427 -0.0176463 0.091194 303 5
362.072 -1.56232 0.0431869 15.0025 0.0136327 0.0570774 0.0163268 0.088519 304 7
363.271 -1.50919 0.0442775 15.0041 0.0120265 0.0198245 -0.0200776 0.08914 305 5
364.47 -1.45491 0.0452396 15.0034 0.0118031 -0.00873804 -0.0027924 0.087343 306 6
365.669 -1.39949 0.0461839 15.007 0.00751932 0.0457406 -0.0535468 0.088502 307 4
366.868 -1.34335 0.0467854 15.0135 0.00763126 0.0806928 0.00139921 0.088752 308 6
368.068 -1.28644 0.0473959 15.0056 0.00625474 -0.0988245 -0.0172065 0.089359 309 5
369.267 -1.22897 0.0478963 14.9981 0.000950452 -0.0935912 -0.0663036 0.08981 310 3
370.465 -1.17143 0.0479723 15.0023 0.00150476 0.0532269 0.00692888 0.0945 311 6
371.664 -1.11373 0.0480927 15.0022 0.00195782 -0.00133514 0.00566318 0.092412 312 6
372.863 -1.05585 0.0482493 15.0005 0.00228702 -0.0222206 0.00411503 0.089182 313 6
374.062 -0.997748 0.0484323 15.0043 0.00124332 0.0477314 -0.0130462 0.091026 314 5
375.26 -0.939516 0.0485318 15.001 0.00156311 -0.0403404 0.00399739 0.091549 315 6
376.459 -0.881147 0.0486568 14.9984 0.000497522 -0.0328064 -0.0133199 0.091728 316 5
377.658 -0.82274 0.0486966 15.0029 0.000842731 0.0558376 0.00431512 0.090106 317 6
378.856 -0.764235 0.048764 15.0002 -0.00292966 -0.0341892 -0.0471549 0.09189 318 4
380.055 -0.706022 0.0485297 15.0016 -0.00365947 0.017488 -0.0091227 0.089675 319 5
381.254 -0.648154 0.0482369 15.0082 -0.0030021 0.0826359 0.00821722 0.090984 320 6
382.453 -0.590549 0.0479967 15.0092 -0.00111311 0.0127792 0.0236123 0.0914 321 7
383.652 -0.533046 0.0479077 15.0108 -0.0047613 0.0204682 -0.0456023 0.088898 322 4
384.852 -0.475995 0.0475268 15.008 -0.00405068 -0.0358224 0.00888268 0.090572 323 6
386.051 -0.419342 0.0472027 15.0049 -0.00213416 -0.0388503 0.0239565 0.091354 324 7
387.25 -0.362907 0.047032 15.0017 -0.00575156 -0.0399828 -0.0452175 0.091037 325 4
388.449 -0.307034 0.0465719 15.0059 -0.00499495 0.0528097 0.00945753 0.090813 326 6
389.648 -0.251626 0.0461723 15.0051 -0.00300396 -0.00916719 0.0248875 0.089269 327 7
390.847 -0.196508 0.0459319 15.0055 -0.00659889 0.00491142 -0.0449367 0.091877 328 4
392.047 -0.142021 0.045404 15.0026 -0.00584744 -0.0362277 0.00939312 0.091709 329 6
393.246 -0.0881067 0.0449362 15.0046 -0.00381073 0.0246525 0.0254589 0.088237 330 7
394.445 -0.0345503 0.0446314 15.007 -0.00733891 0.0297546 -0.0441023 0.091397 331 4
395.644 0.0183103 0.0440443 15.0059 -0.0118701 -0.0136852 -0.0566405 0.091236 332 3
396.844 0.0700283 0.0430947 15.0037 -0.0145825 -0.0273466 -0.033904 0.091014 333 4
398.043 0.12034 0.0419281 15.009 -0.0183014 0.0659108 -0.0464862 0.095869 334 3
399.243 0.168912 0.040464 15.0117 -0.0216058 0.0345111 -0.0413053 0.089766 335 3
400.443 0.21542 0.0387355 15.0108 -0.0205034 -0.0121593 0.0137792 0.092062 336 5
