1.12 10 0 14.0438 -0.00535383 0.547683 -0.0669229 0.031458 1 1
2.24351 9.99952 -0.000428306 14.0856 -0.0128009 0.522184 -0.0930879 0.032809 2 0
3.37035 9.99788 -0.00145238 14.1259 -0.0167806 0.504363 -0.0497472 0.031532 3 1
4.50042 9.99472 -0.00279483 14.1647 -0.0202837 0.484812 -0.0437885 0.080454 4 1
5.63359 9.98972 -0.00441752 14.2012 -0.0260026 0.455642 -0.0714866 0.035875 5 0
6.76966 9.98234 -0.00649774 14.2358 -0.0283512 0.432789 -0.0293565 0.03004 6 1
7.90848 9.97235 -0.00876583 14.2679 -0.030328 0.401545 -0.0247106 0.027979 7 1
9.04984 9.95958 -0.0111921 14.3003 -0.0319655 0.405025 -0.0204686 0.02988 8 1
10.1938 9.94385 -0.0137493 14.3306 -0.0359397 0.37905 -0.0496779 0.051719 9 0
11.3401 9.92479 -0.0166245 14.3606 -0.0366652 0.374413 -0.00906885 0.029787 10 1
12.4887 9.90232 -0.0195577 14.388 -0.0398049 0.342345 -0.0392452 0.029569 11 0
13.6394 9.87615 -0.0227421 14.4141 -0.0424233 0.326121 -0.032731 0.031323 12 0
14.7922 9.84601 -0.026136 14.4395 -0.0445702 0.317299 -0.0268359 0.030117 13 0
15.9468 9.81171 -0.0297016 14.4644 -0.0462656 0.312078 -0.0211922 0.034474 14 0
17.1033 9.77306 -0.0334028 14.4886 -0.0475663 0.301707 -0.0162587 0.034972 15 0
18.2616 9.72995 -0.0372081 14.5129 -0.0484826 0.304592 -0.0114544 0.031413 16 0
19.4216 9.68226 -0.0410867 14.5351 -0.0463713 0.276601 0.026392 0.029998 17 1
20.5833 9.63019 -0.0447964 14.5571 -0.0468962 0.276113 -0.00656168 0.032679 18 0
21.7465 9.57367 -0.0485481 14.578 -0.044446 0.260377 0.0306274 0.031109 19 1
22.9111 9.51293 -0.0521038 14.5984 -0.0446762 0.254917 -0.00287713 0.031883 20 0
24.0772 9.44794 -0.0556779 14.6181 -0.0419513 0.247204 0.0340615 0.034512 21 1
25.2446 9.37894 -0.059034 14.637 -0.0419313 0.235426 0.000249827 0.030168 22 0
26.4133 9.30594 -0.0623885 14.6556 -0.0390084 0.232482 0.0365363 0.033729 23 1
27.5832 9.22919 -0.0655092 14.6719 -0.0361259 0.203848 0.0360312 0.033133 24 1
28.7542 9.14896 -0.0683993 14.6877 -0.0333177 0.197184 0.0351022 0.031614 25 1
29.9263 9.06553 -0.0710647 14.702 -0.0305713 0.178921 0.0343301 0.054627 26 1
31.0993 8.97915 -0.0735104 14.7166 -0.0279071 0.183141 0.0333028 0.033999 27 1
32.2732 8.89006 -0.0757429 14.7295 -0.0253293 0.160491 0.0322217 0.031612 28 1
33.448 8.79851 -0.0777693 14.7413 -0.02283 0.147963 0.0312414 0.033155 29 1
34.6236 8.70475 -0.0795957 14.7544 -0.0204213 0.163865 0.0301088 0.064666 30 1
35.8 8.60897 -0.0812294 14.7672 -0.0181086 0.160122 0.028909 0.033984 31 1
36.9774 8.51141 -0.0826781 14.7788 -0.0158522 0.144935 0.0282054 0.032625 32 1
38.1555 8.41227 -0.0839463 14.79 -0.0136747 0.139546 0.0272176 0.032656 33 1
39.3345 8.31178 -0.0850402 14.7988 -0.0115913 0.110328 0.0260435 0.050628 34 1
40.514 8.21012 -0.0859675 14.8074 -0.00959167 0.107801 0.0249951 0.032942 35 1
41.6941 8.10751 -0.0867349 14.8172 -0.00770291 0.121939 0.0236095 0.071122 36 1
42.875 8.0041 -0.0873511 14.8252 -0.00588287 0.0998139 0.0227504 0.032932 37 1
44.0564 7.90007 -0.0878217 14.8338 -0.00415864 0.107455 0.0215529 0.036799 38 1
45.2385 7.79559 -0.0881544 14.8417 -0.00252213 0.0991106 0.0204564 0.029498 39 1
46.4212 7.69082 -0.0883562 14.8476 -0.000954018 0.0742793 0.0196014 0.027018 40 1
47.6044 7.58592 -0.0884325 14.8542 0.00053317 0.0816941 0.0185899 0.029278 41 1
48.7881 7.48102 -0.0883899 14.8615 0.0019293 0.0921607 0.0174516 0.029862 42 1
49.9724 7.37625 -0.0882355 14.8669 0.00325605 0.0662804 0.0165845 0.033037 43 1
51.1571 7.27175 -0.087975 14.8718 0.00449611 0.0623822 0.0155008 0.032543 44 1
52.3423 7.16764 -0.0876153 14.8771 0.00566178 0.0658751 0.0145709 0.031533 45 1
53.528 7.06404 -0.0871624 14.8832 0.00674632 0.0762463 0.0135567 0.033165 46 1
54.7142 6.96103 -0.0866227 14.8879 0.00776119 0.0589013 0.0126859 0.031121 47 1
55.9008 6.85872 -0.0860018 14.8929 0.00870078 0.062561 0.0117448 0.032253 48 1
57.0879 6.75721 -0.0853057 14.8994 0.00958123 0.080502 0.0110057 0.033005 49 1
58.2756 6.65656 -0.0845392 14.9047 0.0103804 0.0672579 0.00999019 0.032241 50 1
59.4638 6.55687 -0.0837088 14.909 0.0111399 0.0529885 0.00949282 0.030415 51 1
60.6524 6.4582 -0.0828176 14.9139 0.0118189 0.0610709 0.0084876 0.033511 52 1
61.8415 6.36063 -0.0818721 14.9173 0.012459 0.0428438 0.00800159 0.033211 53 1
63.031 6.26422 -0.0808754 14.9206 0.0125371 0.0406504 0.000976026 0.031555 54 0
64.2209 6.16898 -0.0798724 14.9256 0.0130947 0.0631809 0.00696979 0.030083 55 1
65.4112 6.07496 -0.0788248 14.9308 0.0116912 0.0642777 -0.0175435 0.032802 56 0
66.602 5.98202 -0.0778895 14.9346 0.0123595 0.0485659 0.00835374 0.030637 57 1
67.7933 5.89023 -0.0769008 14.9393 0.010278 0.0585556 -0.026019 0.032332 58 0
68.985 5.79939 -0.0760785 14.9448 0.00842567 0.0689983 -0.0231539 0.031294 59 0
70.1772 5.70932 -0.0754045 14.9498 0.00679715 0.0622273 -0.0203564 0.031054 60 0
71.3698 5.61987 -0.0748607 14.9523 0.00802229 0.0314713 0.0153143 0.027679 61 1
72.5627 5.53118 -0.0742189 14.953 0.00915032 0.00805855 0.0141003 0.031068 62 1
73.7557 5.44335 -0.0734869 14.9547 0.0101826 0.0218749 0.0129036 0.030391 63 1
74.9489 5.35648 -0.0726723 14.9547 0.0111315 -0.000488758 0.0118613 0.029413 64 1
76.1422 5.27068 -0.0717818 14.9562 0.0119871 0.0192285 0.0106947 0.038836 65 1
77.3357 5.18601 -0.0708228 14.9582 0.0127594 0.024879 0.00965423 0.031306 66 1
78.5295 5.10255 -0.0698021 14.9582 0.0134502 -0.000369549 0.00863512 0.029598 67 1
79.7233 5.02037 -0.068726 14.9596 0.0140579 0.0174999 0.00759639 0.031758 68 1
80.9173 4.93953 -0.0676014 14.9614 0.0132688 0.0220418 -0.00986493 0.031463 69 0
82.1116 4.85994 -0.0665399 14.9736 0.0141604 0.152826 0.0111454 0.030696 70 0
83.3069 4.78165 -0.0654071 14.9867 0.0152942 0.164485 0.0141733 0.032728 71 0
84.5034 4.70475 -0.0641835 14.9879 0.0156634 0.0141263 0.00461489 0.031444 72 1
85.7 4.62934 -0.0629305 14.9873 0.0159742 -0.00737906 0.00388443 0.029974 73 1
86.8967 4.55547 -0.0616525 14.9974 0.0155521 0.126266 -0.00527577 0.029797 74 0
88.0943 4.48304 -0.0604084 14.9973 0.0158204 -0.00138283 0.00335301 0.031984 75 1
89.292 4.41212 -0.0591427 15.0002 0.0144951 0.0368595 -0.0165664 0.032371 76 0
90.49 4.34258 -0.0579831 15.0034 0.0129657 0.039959 -0.019117 0.032789 77 0
91.6884 4.27427 -0.0569459 15.0043 0.0114344 0.0106812 -0.0191408 0.032068 78 0
92.8868 4.20704 -0.0560311 15.0023 0.00969302 -0.0244141 -0.0217677 0.03394 79 0
94.0852 4.14076 -0.0552557 15.0024 0.0104787 0.00100136 0.00982056 0.050581 80 1
95.2836 4.07548 -0.0544174 15.0005 0.00854967 -0.0234127 -0.0241125 0.02905 81 0
96.4819 4.01103 -0.0537334 15.0012 0.00678209 0.00866652 -0.0220947 0.057776 82 0
97.6803 3.94723 -0.0531908 15.0022 0.00787712 0.0125289 0.0136879 0.02984 83 1
98.8788 3.88417 -0.0525607 15.0028 0.00886664 0.00751019 0.0123691 0.029652 84 1
100.077 3.82197 -0.0518513 15.0004 0.0097685 -0.0307322 0.0112732 0.028942 85 1
101.276 3.76071 -0.0510699 15.0002 0.0105667 -0.00169277 0.00997772 0.031832 86 1
102.474 3.70046 -0.0502245 15.0014 0.010384 0.0151634 -0.00228436 0.029521 87 0
103.673 3.64121 -0.0493938 15.002 0.0104056 0.007236 0.000271027 0.031175 88 0
104.872 3.58295 -0.0485613 15.0016 0.0111185 -0.00500679 0.00891021 0.029458 89 1
106.071 3.52576 -0.0476719 15.0001 0.0106596 -0.0184655 -0.00573635 0.032143 90 0
107.269 3.4696 -0.0468191 15.0017 0.0113197 0.0194788 0.00825175 0.029651 91 1
108.468 3.41451 -0.0459135 15.0017 0.0118976 0.000286102 0.00722393 0.030303 92 1
109.667 3.36057 -0.0449617 14.9996 0.0124004 -0.0265121 0.00628481 0.028843 93 1
110.866 3.30783 -0.0439697 14.9994 0.0128288 -0.00220537 0.00535552 0.030006 94 1
112.065 3.25631 -0.0429434 14.9997 0.0131882 0.0031352 0.00449199 0.031164 95 1
113.264 3.20606 -0.0418883 14.9984 0.0134907 -0.016427 0.00378155 0.02988 96 1
114.462 3.15711 -0.0408091 14.9987 0.0137261 0.00367165 0.00294206 0.030377 97 1
115.661 3.10947 -0.039711 14.9964 0.0139179 -0.0280976 0.00239768 0.03141 98 1
116.86 3.06318 -0.0385975 14.9953 0.014048 -0.0134468 0.00162594 0.033601 99 1
118.059 3.01824 -0.0374737 14.9945 0.0141304 -0.0106812 0.00102982 0.030959 100 1
119.258 2.97465 -0.0363433 14.9907 0.0141753 -0.0475287 0.000561948 0.030163 101 1
120.456 2.93243 -0.0352093 14.9901 0.0141733 -0.00734329 -2.47965e-05 0.033181 102 1
121.655 2.89158 -0.0340754 14.9899 0.0141279 -0.00172853 -0.000568351 0.030699 103 1
122.853 2.85208 -0.0329452 14.9896 0.0140516 -0.00447035 -0.00095357 0.047909 104 1
124.052 2.81393 -0.031821 14.9856 0.0139544 -0.0500917 -0.00121502 0.031269 105 1
125.25 2.77712 -0.0307047 14.9881 0.0138113 0.0316143 -0.00178851 0.028582 106 1
126.449 2.74163 -0.0295998 15.0079 0.0135837 0.246727 -0.00284485 0.0294 107 1
127.649 2.70741 -0.0285131 15.0156 0.0138032 0.0969291 0.0027441 0.033077 108 1
128.85 2.67448 -0.0274088 15.028 0.0118787 0.154781 -0.0240566 0.030759 109 0
130.051 2.64268 -0.0264585 15.0013 0.010096 -0.333929 -0.0222834 0.030356 110 0
131.251 2.6119 -0.0256508 14.9512 0.00846597 -0.626421 -0.0203759 0.030657 111 0
132.447 2.58203 -0.0249736 14.8961 0.00667499 -0.687814 -0.0223872 0.030171 112 0
133.638 2.55291 -0.0244396 14.8989 0.0082195 0.0345945 0.0193063 0.032219 113 1
134.83 2.52457 -0.023782 14.8994 0.00958001 0.0056386 0.0170064 0.032887 114 1
136.021 2.49714 -0.0230156 14.8953 0.0108257 -0.0509858 0.0155713 0.033664 115 1
137.213 2.47074 -0.0221495 14.8848 0.0118734 -0.131071 0.0130964 0.032751 116 1
138.403 2.4455 -0.0211997 14.8762 0.0120424 -0.106919 0.00211268 0.035635 117 1
139.593 2.42142 -0.0202363 14.8749 0.0121053 -0.0161052 0.000785221 0.036215 118 1
140.783 2.39849 -0.0192679 14.8799 0.0117407 0.0621915 -0.00455647 0.032082 119 1
141.973 2.37668 -0.0183286 14.8833 0.0113755 0.0424743 -0.00456615 0.033002 120 1
143.164 2.35594 -0.0174186 14.8886 0.0110019 0.0664234 -0.00466959 0.039185 121 1
144.355 2.33624 -0.0165384 14.8909 0.0106328 0.0277162 -0.00461392 0.031955 122 1
145.546 2.31755 -0.0156878 14.8892 0.011652 -0.0203848 0.0127397 0.031982 123 1
146.737 2.29998 -0.0147556 14.8954 0.0116703 0.0770092 0.000229734 0.032954 124 1
147.928 2.28351 -0.013822 14.9004 0.011108 0.0627995 -0.00702913 0.031743 125 1
149.12 2.26809 -0.0129334 14.9037 0.0108643 0.0413179 -0.00304607 0.030236 126 1
150.312 2.25371 -0.0120642 14.9108 0.010412 0.0884771 -0.00565426 0.030083 127 1
151.505 2.24031 -0.0112313 14.9108 0.0100573 -0.000476837 -0.00443304 0.030212 128 1
152.698 2.22787 -0.0104267 14.9184 0.00978625 0.0957012 -0.00338861 0.029994 129 1
153.891 2.21636 -0.00964377 14.9222 0.00921801 0.0468493 -0.00710294 0.030036 130 1
155.085 2.20573 -0.00890633 14.925 0.0086797 0.0351906 -0.00672884 0.030459 131 1
156.279 2.19592 -0.00821196 14.9304 0.00868478 0.0679731 6.34347e-05 0.029812 132 1
157.473 2.18695 -0.00751717 14.9335 0.0119832 0.0383973 0.0412301 0.029923 133 0
158.668 2.17911 -0.00655852 14.9386 0.0156114 0.0636458 0.0453524 0.029989 134 0
159.863 2.17277 -0.00530961 14.9435 0.018584 0.0620961 0.0371581 0.027618 135 0
161.059 2.1682 -0.00382289 14.9501 0.0208158 0.0817299 0.0278969 0.029466 136 0
162.255 2.16561 -0.00215762 14.9691 0.0221936 0.238287 0.0172227 0.02965 137 0
163.452 2.16516 -0.000382136 14.9707 0.0205497 0.0198603 -0.0205489 0.032807 138 1
164.65 2.16667 0.00126184 14.9913 0.021335 0.256562 0.00981691 0.030677 139 0
165.849 2.17023 0.00296864 15.0109 0.0216541 0.245976 0.00398855 0.02904 140 0
167.05 2.17587 0.00470097 15.0332 0.0217746 0.278306 0.00150562 0.029637 141 0
168.253 2.18362 0.00644294 15.0599 0.0217709 0.334239 -4.56581e-05 0.03052 142 0
169.457 2.19348 0.00818461 15.0854 0.020807 0.318217 -0.0120484 0.029756 143 0
170.664 2.20537 0.00984917 15.0969 0.0182689 0.143433 -0.0317274 0.02887 144 0
171.872 2.21903 0.0113107 15.0953 0.0145774 -0.0201344 -0.0461431 0.030224 145 0
173.079 2.2341 0.0124769 15.0956 0.0105938 0.00406504 -0.0497948 0.028954 146 0
174.287 2.25019 0.0133244 15.0931 0.00676581 -0.0314713 -0.0478502 0.029241 147 0
175.494 2.26693 0.0138656 15.089 0.00317466 -0.0505209 -0.0448894 0.029345 148 0
176.701 2.28397 0.0141196 15.0879 -0.000346409 -0.0143528 -0.0440133 0.029364 149 0
177.908 2.30098 0.0140919 15.0839 -0.00346098 -0.0502825 -0.0389321 0.029475 150 0
179.115 2.31765 0.013815 15.0777 -0.00633038 -0.0773549 -0.0358676 0.030695 151 0
180.321 2.3337 0.0133086 15.0759 -0.0093563 -0.0219345 -0.0378239 0.029013 152 0
181.527 2.34885 0.0125601 15.0731 -0.0120468 -0.0354886 -0.0336318 0.029301 153 0
182.733 2.36283 0.0115963 15.0682 -0.0133594 -0.0607491 -0.0164074 0.030345 154 1
183.938 2.37552 0.0105276 15.0668 -0.0145182 -0.0178099 -0.0144849 0.030702 155 1
185.143 2.38681 0.00936613 15.0688 -0.015475 0.0247955 -0.0119596 0.029032 156 1
186.349 2.39661 0.00812813 15.0768 -0.0146681 0.100327 0.010086 0.028649 157 0
187.555 2.405 0.00695468 15.0913 -0.0135202 0.180936 0.0143489 0.029177 158 0
188.762 2.41209 0.00587307 15.1017 -0.0129163 0.130951 0.00754854 0.029332 159 0
189.97 2.41794 0.00483976 15.0989 -0.0140566 -0.0356078 -0.0142532 0.02971 160 1
191.178 2.42243 0.00371523 15.1092 -0.0134206 0.128591 0.0079502 0.030504 161 0
192.387 2.42562 0.00264159 15.1196 -0.0130535 0.13032 0.00458783 0.029083 162 0
193.596 2.42755 0.00159731 15.1102 -0.0126506 -0.117934 0.0050371 0.030292 163 1
194.805 2.42826 0.000585261 15.1193 -0.0126194 0.113738 0.000389747 0.028869 164 0
196.015 2.42775 -0.00042429 15.1286 -0.0124684 0.117159 0.00188696 0.030451 165 0
197.225 2.42602 -0.00142176 15.121 -0.0114085 -0.0951886 0.0132494 0.028773 166 1
198.435 2.4232 -0.00233444 15.119 -0.010405 -0.0255823 0.0125439 0.030227 167 1
199.644 2.41937 -0.00316684 15.115 -0.00945027 -0.0495195 0.0119337 0.02919 168 1
200.853 2.41463 -0.00392286 15.1231 -0.00969498 0.100482 -0.00305884 0.028665 169 0
202.063 2.40894 -0.00469846 15.1271 -0.00957641 0.0510097 0.00148216 0.028659 170 0
203.273 2.40233 -0.00546457 15.124 -0.00856031 -0.0397682 0.0127012 0.028808 171 1
204.483 2.39489 -0.0061494 15.1157 -0.00759713 -0.10283 0.0120398 0.029252 172 1
205.693 2.38672 -0.00675717 15.1128 -0.006695 -0.0371099 0.0112766 0.043798 173 1
206.902 2.3779 -0.00729277 15.1096 -0.00848627 -0.0392914 -0.0223908 0.028656 174 0
208.11 2.36827 -0.00797167 15.1038 -0.0100894 -0.0730395 -0.0200392 0.030218 175 0
209.319 2.35766 -0.00877882 15.0984 -0.011484 -0.0669718 -0.0174325 0.029774 176 0
210.526 2.34594 -0.00969754 15.0937 -0.0126653 -0.0588655 -0.0147668 0.030378 177 0
211.734 2.33301 -0.0107108 15.0903 -0.0136773 -0.0422955 -0.0126489 0.02985 178 0
212.941 2.31876 -0.011805 15.0858 -0.0145053 -0.0568509 -0.010351 0.028699 179 0
214.148 2.30311 -0.0129654 15.0844 -0.0151754 -0.0175476 -0.00837529 0.028546 180 0
215.354 2.286 -0.0141794 15.0836 -0.0157002 -0.0101209 -0.00656114 0.029647 181 0
216.561 2.26738 -0.0154354 15.0787 -0.016068 -0.0607967 -0.00459733 0.028639 182 0
217.767 2.24721 -0.0167209 15.0787 -0.013649 0.000500679 0.0302383 0.028667 183 1
218.973 2.22572 -0.0178128 15.0792 -0.0140588 0.00631809 -0.0051225 0.028693 184 0
220.179 2.20288 -0.0189375 15.0737 -0.014356 -0.0692725 -0.00371521 0.030466 185 0
221.385 2.17866 -0.020086 15.0731 -0.014542 -0.00715256 -0.0023253 0.028462 186 0
222.59 2.15304 -0.0212493 15.072 -0.0146467 -0.0138164 -0.0013081 0.028668 187 0
223.796 2.12601 -0.0224211 15.072 -0.0146317 -0.000584126 0.00018673 0.029369 188 0
225.001 2.09756 -0.0235916 15.0673 -0.0145225 -0.0584245 0.00136499 0.028692 189 0
226.206 2.06773 -0.0247534 15.067 -0.0143549 -0.00388622 0.00209524 0.030133 190 0
227.411 2.03651 -0.0259018 15.0664 -0.0141162 -0.00792742 0.00298327 0.029069 191 0
228.616 2.00393 -0.0270311 15.0667 -0.0138171 0.0038147 0.0037392 0.028732 192 0
229.821 1.97002 -0.0281365 15.0667 -0.0134484 0.000917912 0.00460927 0.029957 193 0
231.026 1.93482 -0.0292123 15.0618 -0.0130065 -0.0619888 0.00552376 0.028672 194 0
232.23 1.89837 -0.0302528 15.0597 -0.00986305 -0.025475 0.0392927 0.030434 195 1
233.434 1.86098 -0.0310419 15.0637 -0.00967191 0.0489712 0.00238919 0.0289 196 0
234.639 1.82264 -0.0318156 15.0647 -0.00942652 0.0124931 0.0030674 0.047775 197 0
235.843 1.7834 -0.0325698 15.0606 -0.00643424 -0.0502586 0.0374035 0.028712 198 1
237.048 1.74354 -0.0330845 15.055 -0.00634928 -0.0701427 0.00106198 0.029587 199 0
238.251 1.70309 -0.0335924 15.0606 -0.00626983 0.0697494 0.00099311 0.029791 200 0
239.456 1.66202 -0.034094 15.0597 -0.00612035 -0.0112772 0.00186845 0.029383 201 0
240.66 1.62037 -0.0345837 15.0615 -0.00592779 0.0218153 0.00240705 0.028483 202 0
241.864 1.57813 -0.0350579 15.0548 -0.00566625 -0.0834227 0.00326926 0.028252 203 0
243.067 1.53537 -0.0355112 15.0493 -0.00538317 -0.0686765 0.0035385 0.028404 204 0
244.271 1.49211 -0.0359418 15.0542 -0.00510484 0.0616908 0.00347909 0.030289 205 0
245.474 1.44834 -0.0363502 15.0518 -0.00210299 -0.0303149 0.0375231 0.028494 206 1
246.677 1.40438 -0.0365185 15.0558 -0.00206451 0.0494957 0.000481031 0.028099 207 0
247.881 1.3602 -0.0366836 15.0565 -0.00197617 0.00969172 0.00110417 0.027326 208 0
249.085 1.31584 -0.0368417 15.0585 -0.0018654 0.0241995 0.00138468 0.029294 209 0
250.289 1.27128 -0.0369909 15.0566 0.00096521 -0.0236511 0.0353826 0.028542 210 1
251.492 1.22683 -0.0369137 15.0538 0.000866992 -0.0345945 -0.00122772 0.02968 211 0
252.696 1.18247 -0.0368444 15.0556 0.00077106 0.0223637 -0.00119915 0.027205 212 0
253.899 1.13818 -0.0367827 15.0563 0.000717672 0.00882149 -0.000667358 0.029062 213 0
255.103 1.09395 -0.0367253 15.0556 0.000702101 -0.00882149 -0.000194632 0.029135 214 0
256.307 1.0498 -0.0366691 15.0583 0.000702517 0.0338793 5.19358e-06 0.029971 215 0
257.511 1.0057 -0.0366129 15.0588 0.000749245 0.00667572 0.000584111 0.028995 216 0
258.715 0.961673 -0.036553 15.0593 0.00349195 0.00606775 0.0342838 0.028975 217 1
259.918 0.917982 -0.0362736 15.0669 0.00326541 0.0946403 -0.00283182 0.028966 218 0
261.123 0.874584 -0.0360124 15.07 0.00309535 0.038588 -0.00212567 0.029332 219 0
262.328 0.831475 -0.0357647 15.0682 0.00296515 -0.0227332 -0.00162759 0.028971 220 0
263.533 0.788657 -0.0355275 15.0655 0.00286523 -0.0337362 -0.001249 0.029274 221 0
264.737 0.746123 -0.0352983 15.0655 0.00278167 0.000429153 -0.00104446 0.029683 222 0
265.942 0.703857 -0.0350758 15.0666 0.00539656 0.0138044 0.0326861 0.029053 223 1
267.146 0.662108 -0.0346441 15.0588 0.00363905 -0.0970602 -0.0219688 0.02982 224 0
268.35 0.620731 -0.0343529 15.046 0.000120743 -0.160503 -0.0439789 0.030382 225 0
269.553 0.579401 -0.0343433 15.0253 -0.0063901 -0.25835 -0.0813856 0.030119 226 0
270.754 0.537513 -0.0348545 15.0079 -0.0142386 -0.217283 -0.0981058 0.029935 227 0
271.954 0.494307 -0.0359936 14.9283 -0.0248242 -0.996196 -0.13232 0.029377 228 0
273.148 0.448961 -0.0379795 14.9259 -0.031577 -0.0300407 -0.08441 0.030508 229 0
274.341 0.400608 -0.0405057 14.925 -0.0342414 -0.0112295 -0.0333045 0.029846 230 0
275.534 0.348989 -0.043245 14.9213 -0.0332229 -0.0457764 0.0127307 0.029168 231 0
276.726 0.294214 -0.0459028 14.9182 -0.0298036 -0.0387907 0.0427413 0.031329 232 0
277.918 0.236608 -0.0482871 14.9232 -0.027306 0.0623941 0.0312194 0.029454 233 0
279.111 0.176378 -0.0504716 14.9274 -0.0248364 0.0521421 0.0308705 0.029682 234 0
280.303 0.113761 -0.0524585 14.9256 -0.0222452 -0.0216007 0.0323902 0.030432 235 0
281.495 0.0490302 -0.0542381 14.928 -0.0197517 0.0301719 0.0311685 0.029561 236 0
282.688 -0.0175957 -0.0558182 14.9311 -0.017247 0.0378728 0.0313092 0.030247 237 0
283.88 -0.0858806 -0.057198 14.9338 -0.0145483 0.0347853 0.0337338 0.031403 238 0
285.073 -0.155566 -0.0583619 14.935 -0.0120783 0.0146151 0.0308743 0.02981 239 0
286.266 -0.22641 -0.0593281 14.9416 -0.00966313 0.0820994 0.03019 0.029848 240 0
287.459 -0.298207 -0.0601012 14.95 -0.00731626 0.104868 0.0293359 0.030088 241 0
288.653 -0.370744 -0.0606865 14.9463 -0.00493974 -0.0465155 0.0297065 0.02958 242 0
289.846 -0.443734 -0.0610817 14.9482 -0.00262902 0.0238419 0.028884 0.029803 243 0
291.04 -0.516984 -0.061292 14.9512 -0.000403365 0.0378132 0.0278206 0.029509 244 0
292.234 -0.590288 -0.0613242 14.9553 0.00173569 0.0510693 0.0267382 0.030027 245 0
293.428 -0.663446 -0.0611854 14.9646 0.00376574 0.116611 0.0253756 0.029446 246 0
294.623 -0.736289 -0.0608841 14.968 0.00575013 0.0420928 0.0248049 0.028968 247 0
295.818 -0.808599 -0.0604241 14.9739 0.00761546 0.0739217 0.0233167 0.030411 248 0
297.014 -0.880209 -0.0598149 14.9791 0.00935519 0.0650167 0.0217465 0.029415 249 0
298.21 -0.950949 -0.0590665 14.9791 0.0109863 0.000441074 0.0203891 0.030627 250 0
299.406 -1.02064 -0.0581876 14.9806 0.0125239 0.0182629 0.0192195 0.029345 251 0
300.603 -1.08913 -0.0571856 14.979 0.0139254 -0.019443 0.0175188 0.029038 252 0
301.799 -1.15629 -0.0560716 14.9756 0.0151832 -0.0424981 0.0157231 0.029459 253 0
302.995 -1.22198 -0.054857 14.9858 0.0162811 0.127351 0.0137233 0.028846 254 0
304.193 -1.28615 -0.0535545 14.9885 0.0175292 0.0336409 0.0156019 0.027949 255 0
305.39 -1.34866 -0.0521521 14.99 0.0191825 0.0192165 0.0206664 0.029477 256 0
306.588 -1.40933 -0.0506175 14.988 0.0203408 -0.0253916 0.0144782 0.029529 257 0
307.785 -1.46805 -0.0489903 14.995 0.0212138 0.0870466 0.010912 0.030034 258 0
308.983 -1.52476 -0.0472932 14.9938 0.0241759 -0.0146985 0.0370262 0.029893 259 1
310.182 -1.57915 -0.0453591 14.996 0.0267548 0.0270486 0.0322372 0.02969 260 1
311.38 -1.63099 -0.0432187 15.0034 0.0289739 0.0925899 0.027738 0.030064 261 1
312.58 -1.68006 -0.0409008 15.0025 0.0308989 -0.0110149 0.0240634 0.031284 262 1
313.779 -1.72618 -0.0384289 15.0045 0.0298243 0.0248551 -0.0134332 0.02974 263 0
314.978 -1.76943 -0.0360429 15.0055 0.0287557 0.0128746 -0.0133575 0.028647 264 0
316.178 -1.80993 -0.0337425 15.0095 0.0276763 0.0497103 -0.013492 0.029974 265 0
317.378 -1.84778 -0.0315284 15.0051 0.0266167 -0.0550151 -0.0132459 0.029965 266 0
318.578 -1.88307 -0.029399 15.0098 0.0255582 0.0588059 -0.0132306 0.030217 267 0
319.779 -1.91591 -0.0273544 15.0158 0.0245056 0.0752449 -0.0131581 0.030472 268 0
320.979 -1.94641 -0.0253939 15.0224 0.0234637 0.0828743 -0.0130229 0.03024 269 0
322.181 -1.97467 -0.0235168 15.0197 0.0224404 -0.0342965 -0.0127919 0.029727 270 0
323.382 -2.00077 -0.0217216 15.025 0.0214335 0.0668526 -0.0125861 0.029194 271 0
324.584 -2.02481 -0.0200069 15.0268 0.0231228 0.0222206 0.0211162 0.030867 272 1
325.786 -2.04664 -0.0181571 15.0271 0.0218739 0.00318289 -0.0156114 0.029481 273 0
326.988 -2.06636 -0.0164072 15.0254 0.0206594 -0.02141 -0.0151808 0.029594 274 0
328.19 -2.0841 -0.0147544 15.0231 0.0194864 -0.0277758 -0.0146626 0.029327 275 0
329.392 -2.09996 -0.0131955 15.0196 0.0183514 -0.0446916 -0.0141872 0.029362 276 0
330.593 -2.11405 -0.0117274 15.0242 0.0199419 0.0585556 0.0198814 0.029431 277 1
331.795 -2.12623 -0.0101321 15.0206 0.0185983 -0.0460148 -0.0167956 0.02958 278 0
332.997 -2.13661 -0.0086442 15.0146 0.017309 -0.0741363 -0.016116 0.029507 279 0
334.198 -2.14533 -0.00725948 15.0159 0.016079 0.0152826 -0.0153748 0.02917 280 0
335.399 -2.15251 -0.00597316 15.0089 0.0149012 -0.087142 -0.0147231 0.03042 281 0
336.6 -2.15825 -0.00478107 15.0055 0.0164784 -0.0429153 0.0197158 0.029228 282 1
337.8 -2.16241 -0.00346279 15.0084 0.0151198 0.0368834 -0.0169831 0.029506 283 0
339.001 -2.16511 -0.00225321 15.0097 0.0138319 0.0165939 -0.0160992 0.030075 284 0
340.202 -2.16649 -0.00114666 15.0017 0.0126954 -0.100601 -0.0142059 0.029251 285 0
341.402 -2.16665 -0.00013103 15.0031 0.0115307 0.0174046 -0.0145588 0.029932 286 0
342.602 -2.1657 0.000791424 15.0101 0.0104261 0.0873923 -0.0138072 0.02941 287 0
343.803 -2.16374 0.00162551 15.0065 0.0120817 -0.0445366 0.0206956 0.029191 288 1
345.003 -2.16063 0.00259205 15.0052 0.0114469 -0.0158668 -0.00793596 0.02983 289 0
346.204 -2.15642 0.0035078 15.0024 0.01068 -0.0359535 -0.00958589 0.029507 290 0
347.404 -2.15119 0.0043622 15.0009 0.00957357 -0.018692 -0.0138304 0.030144 291 0
348.604 -2.14503 0.00512809 15.0049 0.00849018 0.0504136 -0.0135423 0.029238 292 0
349.804 -2.13806 0.0058073 15.0014 0.00737486 -0.0443101 -0.0139416 0.029465 293 0
351.004 -2.13038 0.00639729 15.0006 0.00634555 -0.00947714 -0.0128663 0.029172 294 0
352.204 -2.1221 0.00690493 15.0028 0.0080629 0.0272989 0.0214669 0.030496 295 1
353.405 -2.11304 0.00754996 15.0017 0.00707679 -0.0128269 -0.0123263 0.02906 296 0
354.605 -2.1033 0.00811611 15.0046 0.00613576 0.036025 -0.011763 0.029779 297 0
355.805 -2.09296 0.00860697 15.0082 0.00776197 0.0440836 0.0203276 0.0293 298 1
357.006 -2.08188 0.00922793 15.0069 0.00660742 -0.0161886 -0.0144319 0.029988 299 0
358.206 -2.07017 0.00975652 15.0085 0.0055518 0.0203371 -0.0131952 0.030448 300 0
359.407 -2.05792 0.0102007 15.0111 0.00712599 0.0325322 0.0196774 0.029798 301 1
360.607 -2.04499 0.0107707 15.015 0.00847499 0.0489593 0.0168625 0.029473 302 1
361.809 -2.03124 0.0114487 15.0167 0.00964802 0.0211954 0.0146629 0.029684 303 1
363.01 -2.01656 0.0122206 15.0192 0.00850349 0.0308037 -0.0143067 0.029322 304 0
364.211 -2.00106 0.0129009 15.0216 0.00689644 0.0307798 -0.020088 0.029399 305 0
365.413 -1.98489 0.0134526 15.0239 0.00540771 0.0278711 -0.0186092 0.029122 306 0
366.615 -1.9682 0.0138852 15.0238 0.00402634 -0.00138283 -0.0172671 0.03016 307 0
367.816 -1.95113 0.0142073 15.0184 0.00274189 -0.0668049 -0.0160556 0.029223 308 0
369.018 -1.93379 0.0144267 15.0133 0.00156557 -0.0641465 -0.0147039 0.029761 309 0
370.219 -1.91632 0.0145519 15.017 0.000500983 0.0462055 -0.0133074 0.030407 310 0
371.42 -1.89879 0.014592 15.0175 0.00220226 0.00700951 0.021266 0.030871 311 1
372.621 -1.88105 0.0147682 15.0166 0.00103072 -0.0112534 -0.0146443 0.030848 312 0
373.822 -1.86321 0.0148506 15.0251 0.00265036 0.105417 0.0202455 0.031476 313 1
375.024 -1.8451 0.0150626 15.0206 0.0013917 -0.0560641 -0.0157333 0.030963 314 0
376.226 -1.82687 0.015174 15.0206 0.000244527 0.000190735 -0.0143396 0.030062 315 0
377.427 -1.80861 0.0151935 15.0166 -0.000798747 -0.0494838 -0.0130409 0.030202 316 0
378.629 -1.79044 0.0151296 15.0163 -0.00175095 -0.00457764 -0.0119025 0.03 317 0
379.83 -1.77243 0.0149896 15.0136 8.05628e-05 -0.0336289 0.0228939 0.030859 318 1
381.031 -1.75442 0.014996 15.0158 -0.000967195 0.0280738 -0.013097 0.030132 319 0
382.232 -1.7365 0.0149186 15.0149 -0.00192009 -0.0116825 -0.0119111 0.031617 320 0
383.433 -1.71876 0.014765 15.0155 -0.00278325 0.00711679 -0.0107895 0.03031 321 0
384.634 -1.7013 0.0145424 15.0197 -0.000882957 0.0530362 0.0237536 0.030579 322 1
385.835 -1.68391 0.0144717 15.013 0.000801853 -0.0842333 0.0210601 0.029679 323 1
387.036 -1.66645 0.0145359 15.0122 -0.000356238 -0.00957251 -0.0144761 0.029989 324 0
388.237 -1.64903 0.0145074 15.013 0.00127795 0.00982285 0.0204274 0.029462 325 1
389.438 -1.63148 0.0146096 15.0086 3.6463e-05 -0.0543714 -0.0155186 0.030214 326 0
390.639 -1.61394 0.0146125 15.0055 0.0015864 -0.0393748 0.0193743 0.029512 327 1
391.839 -1.59624 0.0147394 15.0158 0.00299731 0.129092 0.0176364 0.029491 328 1
393.04 -1.57825 0.0149792 15.0113 0.00152741 -0.0564575 -0.0183738 0.030841 329 0
394.241 -1.56012 0.0151014 15.0054 0.000187948 -0.0733376 -0.0167432 0.029337 330 0
395.441 -1.54197 0.0151165 15.0152 -0.00101514 0.121534 -0.0150386 0.030114 331 0
396.642 -1.52391 0.0150352 15.0166 -0.00211403 0.0186443 -0.0137361 0.029255 332 0
397.843 -1.50605 0.0148661 15.015 -0.00310664 -0.0200629 -0.0124076 0.029095 333 0
399.045 -1.48849 0.0146176 15.0145 -0.00131537 -0.00624657 0.0223909 0.02963 334 1
400.246 -1.47106 0.0145124 15.0219 0.000304225 0.0923991 0.020245 0.029858 335 1
