1.12 10 0 14.0245 -0.00394879 0.306785 -0.0493598 0.62427 1 5
2.24196 9.99965 -0.000315903 14.0494 -0.00442841 0.310719 -0.00599534 0.309202 2 9
3.36592 9.99889 -0.000670176 14.0735 -0.0048595 0.301504 -0.00538853 0.315359 3 9
4.4918 9.9977 -0.00105894 14.0969 -0.00524441 0.29254 -0.00481149 0.271797 4 9
5.61955 9.99603 -0.00147849 14.1196 -0.00558548 0.283849 -0.0042633 0.291585 5 9
6.74912 9.99386 -0.00192533 14.1417 -0.00588492 0.275385 -0.00374303 0.264955 6 9
7.88045 9.99115 -0.00239612 14.163 -0.0061449 0.267184 -0.0032498 0.269774 7 9
9.01348 9.98787 -0.00288771 14.1838 -0.00636752 0.259233 -0.00278275 0.280094 8 9
10.1482 9.98402 -0.00339712 14.2039 -0.0065548 0.251496 -0.002341 0.305999 9 9
11.2845 9.97956 -0.0039215 14.2234 -0.00750432 0.244272 -0.011869 0.269137 10 8
12.4223 9.97442 -0.00452185 14.2424 -0.00835925 0.237298 -0.0106865 0.285596 11 8
13.5617 9.9685 -0.00519058 14.2608 -0.00832798 0.229669 0.000390783 0.262456 12 9
14.7026 9.96182 -0.00585682 14.2786 -0.00827449 0.222778 0.00066869 0.279285 13 9
15.8448 9.95438 -0.00651878 14.296 -0.00979237 0.217164 -0.0189735 0.284512 14 7
16.9885 9.94603 -0.00730217 14.3129 -0.010369 0.21106 -0.00720808 0.260796 15 8
18.1335 9.93672 -0.00813169 14.3293 -0.0108703 0.204945 -0.00626579 0.276413 16 8
19.2798 9.9264 -0.00900132 14.3452 -0.0113002 0.198984 -0.00537391 0.276482 17 8
20.4273 9.91503 -0.00990533 14.3606 -0.0116626 0.193191 -0.00453073 0.293957 18 8
21.5761 9.90258 -0.0108383 14.3756 -0.0119614 0.18754 -0.0037346 0.289646 19 8
22.7261 9.88901 -0.0117953 14.3903 -0.0129971 0.183654 -0.0129464 0.287577 20 7
23.8772 9.87424 -0.012835 14.4047 -0.014708 0.17966 -0.0213858 0.266736 21 6
25.0295 9.85809 -0.0140117 14.4184 -0.0146491 0.171423 0.000736502 0.286366 22 8
26.1828 9.84058 -0.0151836 14.4321 -0.0161423 0.170755 -0.0186653 0.258285 23 6
27.3372 9.82156 -0.016475 14.4454 -0.0174704 0.166655 -0.0166008 0.272609 24 6
28.4927 9.8009 -0.0178726 14.4584 -0.0186418 0.162554 -0.0146423 0.267585 25 6
29.6491 9.77851 -0.0193639 14.4711 -0.0196647 0.158489 -0.0127863 0.302656 26 6
30.8066 9.75427 -0.0209371 14.4832 -0.0197502 0.150776 -0.0010689 0.282309 27 7
31.9649 9.72818 -0.0225171 14.4949 -0.0197662 0.146341 -0.000200584 0.267308 28 7
33.1242 9.70024 -0.0240984 14.5062 -0.0197173 0.142014 0.000610971 0.289749 29 7
34.2843 9.67045 -0.0256758 14.5172 -0.0196078 0.137579 0.00136886 0.286304 30 7
35.4453 9.63881 -0.0272444 14.5277 -0.0194381 0.131106 0.00212211 0.566128 31 7
36.607 9.60534 -0.0287995 14.5378 -0.0192137 0.125861 0.00280468 0.434143 32 7
37.7695 9.57007 -0.0303366 14.5475 -0.018939 0.120771 0.00343341 0.433504 33 7
38.9327 9.533 -0.0318517 14.557 -0.018623 0.11878 0.00395016 0.454851 34 7
40.0966 9.49418 -0.0333415 14.566 -0.0182603 0.113022 0.004534 0.544502 35 7
41.2612 9.45364 -0.0348024 14.5747 -0.0178513 0.109041 0.00511268 0.34672 36 7
42.4264 9.4114 -0.0362305 14.583 -0.0166303 0.104034 0.0152616 0.422373 37 8
43.5922 9.36759 -0.0375609 14.5911 -0.0154417 0.100803 0.0148579 0.454039 38 8
44.7586 9.32232 -0.0387962 14.5989 -0.0142855 0.0976682 0.0144531 0.415397 39 8
45.9256 9.27569 -0.0399391 14.6064 -0.0139486 0.0936031 0.00421058 0.465031 40 7
47.0931 9.22773 -0.041055 14.6141 -0.0135925 0.0957847 0.00445165 0.284721 41 7
48.2612 9.17847 -0.0421424 14.6217 -0.0132105 0.0958204 0.00477455 0.263584 42 7
49.4299 9.12795 -0.0431992 14.6292 -0.0128025 0.0927448 0.00510006 0.277887 43 7
50.599 9.07621 -0.0442234 14.6363 -0.0123708 0.0892878 0.00539584 0.277234 44 7
51.7688 9.02329 -0.0452131 14.6432 -0.0119178 0.0857472 0.00566361 0.280534 45 7
52.939 8.96923 -0.0461665 14.6496 -0.0114443 0.0810504 0.00591885 0.388404 46 7
54.1096 8.91407 -0.047082 14.6558 -0.010953 0.0772119 0.00614106 0.418227 47 7
55.2808 8.85786 -0.0479583 14.6618 -0.0104475 0.0747204 0.00631795 0.597163 48 7
56.4523 8.80065 -0.0487941 14.6676 -0.00993045 0.0727296 0.00646346 0.483343 49 7
57.6243 8.74249 -0.0495885 14.673 -0.00939771 0.0668883 0.00665936 0.447045 50 7
58.7966 8.68342 -0.0503403 14.678 -0.00806519 0.0631332 0.0166564 0.583736 51 8
59.9693 8.62358 -0.0509855 14.6829 -0.00679003 0.0613213 0.0159395 0.502731 52 8
61.1424 8.56308 -0.0515287 14.6877 -0.00557093 0.0595689 0.0152387 0.616227 53 8
62.3158 8.50204 -0.0519744 14.6923 -0.00440661 0.0578761 0.014554 0.494889 54 8
63.4896 8.44056 -0.0523269 14.6968 -0.00329576 0.0562549 0.0138855 0.546832 55 8
64.6637 8.37876 -0.0525906 14.7012 -0.00223711 0.0546575 0.0132332 0.557028 56 8
65.8382 8.31672 -0.0527696 14.7061 -0.00203215 0.0612736 0.002562 0.602585 57 7
67.013 8.25448 -0.0529321 14.7108 -0.00181255 0.0592351 0.00274493 0.597737 58 7
68.1882 8.19204 -0.0530772 14.7154 -0.00157997 0.0572443 0.00290733 0.500711 59 7
69.3638 8.12944 -0.0532035 14.7198 -0.00133595 0.055337 0.00305024 0.534593 60 7
70.5397 8.06669 -0.0533104 14.7241 -0.00108198 0.0534773 0.00317467 0.413609 61 7
71.716 8.00382 -0.053397 14.7283 -0.00081945 0.0516891 0.00328158 0.443075 62 7
72.8926 7.94086 -0.0534625 14.7323 -0.000549696 0.0499368 0.00337192 0.459181 63 7
74.0695 7.87783 -0.0535065 14.7361 -0.00027397 0.0482559 0.00344658 0.471042 64 7
75.2467 7.81475 -0.0535284 14.7398 6.54646e-06 0.0466347 0.00350645 0.409987 65 7
76.4241 7.75166 -0.0535279 14.7435 0.000290736 0.0450611 0.00355237 0.381273 66 7
77.6019 7.68859 -0.0535046 14.7469 0.00057755 0.0435352 0.00358516 0.417077 67 7
78.78 7.62555 -0.0534584 14.7496 0.00166966 0.0339031 0.0136513 0.450959 68 8
79.9583 7.56266 -0.0533249 14.7523 0.00269811 0.0331521 0.0128557 0.811896 69 8
81.1368 7.50001 -0.053109 14.7542 0.00446854 0.0235081 0.0221303 0.519277 70 9
82.3155 7.43777 -0.0527515 14.7561 0.00611508 0.0237823 0.0205818 0.58142 71 9
83.4944 7.37611 -0.0522623 14.758 0.00764269 0.0239968 0.0190951 0.513153 72 9
84.6735 7.31515 -0.0516509 14.7599 0.00905618 0.0241637 0.0176686 0.578542 73 9
85.8527 7.25504 -0.0509264 14.7619 0.0103602 0.0243068 0.0163008 0.684524 74 9
87.0322 7.19591 -0.0500976 14.7638 0.0115595 0.0243902 0.0149902 0.586713 75 9
88.2119 7.13785 -0.0491728 14.7671 0.0113861 0.0412345 -0.00216686 0.521631 76 6
89.3919 7.08086 -0.048262 14.77 0.0111903 0.0353456 -0.00244735 0.586496 77 6
90.5721 7.02491 -0.0473667 14.7717 0.0123029 0.0222564 0.0139075 0.475212 78 9
91.7526 6.97012 -0.0463825 14.7735 0.0133185 0.0223279 0.0126949 0.441063 79 9
92.9333 6.91658 -0.045317 14.7753 0.0142414 0.0223637 0.0115357 0.473811 80 9
94.1141 6.86438 -0.0441777 14.7771 0.0150757 0.0223517 0.0104285 0.54516 81 9
95.2952 6.81359 -0.0429717 14.7794 0.0142056 0.0283599 -0.0108762 0.579272 82 4
96.4765 6.76414 -0.0418352 14.7833 0.0131664 0.0486493 -0.0129898 0.502888 83 5
97.6582 6.71592 -0.0407819 14.7848 0.0140301 0.0196338 0.0107972 0.842617 84 9
98.8401 6.66903 -0.0396595 14.7869 0.0135349 0.0258684 -0.00619073 0.447238 85 7
100.022 6.6234 -0.0385767 14.7884 0.0143336 0.0189066 0.00998343 0.498292 86 9
101.204 6.57913 -0.03743 14.7899 0.0150498 0.0189066 0.0089529 0.413498 87 9
102.387 6.53628 -0.036226 14.7914 0.0156875 0.0188828 0.00797095 0.491004 88 9
103.569 6.49491 -0.034971 14.7932 0.0154455 0.0226021 -0.00302417 0.455775 89 8
104.752 6.45499 -0.0337354 14.7975 0.0146262 0.0532627 -0.0102423 0.499586 90 6
105.935 6.41644 -0.0325653 14.8023 0.013768 0.0595808 -0.0107269 0.524552 91 6
107.119 6.37919 -0.0314639 14.8035 0.0144089 0.0148058 0.00801139 0.490544 92 9
108.303 6.3433 -0.0303111 14.8046 0.014976 0.0148296 0.00708831 0.528684 93 9
109.487 6.30883 -0.0291131 14.7937 0.0155921 -0.13721 0.00770142 0.506497 94 9
110.67 6.27585 -0.0278657 14.7873 0.0143356 -0.0790477 -0.0157061 0.640472 95 6
111.852 6.24425 -0.0267189 14.7759 0.0130061 -0.142682 -0.016619 0.498268 96 6
113.034 6.2139 -0.0256784 14.7653 0.0117465 -0.133359 -0.0157448 0.523934 97 6
114.215 6.18468 -0.0247386 14.7682 0.00819637 0.0366569 -0.0443766 0.482526 98 2
115.396 6.15623 -0.0240829 14.7755 0.00533332 0.0918388 -0.0357882 0.490642 99 2
116.578 6.12827 -0.0236563 14.7796 0.00286981 0.05126 -0.0307938 0.511637 100 2
117.76 6.10057 -0.0234267 14.7482 0.00233551 -0.393569 -0.00667883 0.742138 101 6
118.939 6.07315 -0.0232398 14.7994 0.000468088 0.640047 -0.0233427 0.506373 102 0
120.123 6.04568 -0.0232024 14.7615 1.86947e-06 -0.472927 -0.00582774 0.490713 103 6
121.303 6.01829 -0.0232022 14.7508 -0.00241209 -0.133467 -0.0301745 0.609608 104 2
122.483 5.99068 -0.0233952 14.7661 -0.00482295 0.190747 -0.0301358 0.506261 105 1
123.664 5.96259 -0.0237811 14.7556 -0.00695228 -0.131512 -0.0266166 0.503215 106 2
124.844 5.93387 -0.0243372 14.7479 -0.0045251 -0.0957608 0.0303397 0.508991 107 9
126.024 5.90473 -0.0246992 14.7482 -0.00243067 0.00388622 0.0261804 0.542038 108 9
127.203 5.87536 -0.0248937 14.7603 -0.00543314 0.15043 -0.0375308 0.716982 109 1
128.384 5.84546 -0.0253283 14.7713 -0.00835659 0.138187 -0.0365432 0.723598 110 1
129.565 5.81474 -0.0259969 14.7813 -0.0111265 0.12449 -0.0346236 0.763697 111 1
130.747 5.78295 -0.026887 14.792 -0.0134567 0.133348 -0.029128 0.719564 112 1
131.93 5.74986 -0.0279635 14.8012 -0.0156357 0.115526 -0.0272378 0.607051 113 1
133.113 5.71527 -0.0292144 14.812 -0.01742 0.134742 -0.0223028 0.675643 114 1
134.298 5.67901 -0.030608 14.8225 -0.0190497 0.132144 -0.0203715 0.712019 115 1
135.483 5.64091 -0.032132 14.8316 -0.0206488 0.113535 -0.0199884 0.666006 116 1
136.669 5.60084 -0.0337839 14.8381 -0.0221468 0.0813484 -0.0187255 0.580687 117 1
137.855 5.55864 -0.0355556 14.8499 -0.0239001 0.147426 -0.021916 0.665305 118 0
139.042 5.51414 -0.0374676 14.8502 -0.0257499 0.00367165 -0.0231232 0.70803 119 0
140.229 5.46719 -0.0395276 14.8516 -0.0280514 0.017035 -0.0287678 0.708092 120 0
141.416 5.41758 -0.0417717 14.8438 -0.0308042 -0.0973701 -0.03441 0.619229 121 0
142.603 5.36506 -0.0442361 14.838 -0.0343802 -0.072825 -0.0447007 0.710863 122 0
143.789 5.30931 -0.0469865 14.8457 -0.0375667 0.0966191 -0.0398316 0.609552 123 0
144.975 5.24996 -0.0499918 14.8462 -0.0404514 0.0062108 -0.0360576 0.604377 124 0
146.161 5.18677 -0.0532279 14.8606 -0.0430963 0.180328 -0.0330623 0.754152 125 0
147.348 5.11943 -0.0566756 14.8822 -0.0455663 0.270307 -0.0308748 0.751856 126 0
148.536 5.04765 -0.0603209 14.8935 -0.0485633 0.141096 -0.0374617 0.714914 127 0
149.725 4.97121 -0.064206 14.912 -0.0505573 0.230324 -0.0249259 0.755123 128 0
150.915 4.88985 -0.0682506 14.9144 -0.05475 0.0304103 -0.0524085 0.673527 129 1
152.105 4.80327 -0.0726306 14.9321 -0.0582881 0.221825 -0.0442263 0.508683 130 1
153.296 4.71103 -0.0772936 14.9425 -0.0595373 0.129986 -0.0156147 0.595099 131 0
154.488 4.61305 -0.0820566 14.9433 -0.0612994 0.00997782 -0.0220267 0.53137 132 2
155.679 4.50922 -0.0869606 14.9334 -0.060163 -0.124681 0.014205 0.531771 133 0
156.868 4.39973 -0.0917736 14.9377 -0.0590771 0.053966 0.0135745 0.572897 134 1
158.058 4.28459 -0.0964998 14.9494 -0.0573885 0.146627 0.0211067 0.600518 135 0
159.248 4.1639 -0.101091 14.9597 -0.0559527 0.128734 0.0179477 0.493925 136 0
160.438 4.03779 -0.105567 14.9691 -0.0547152 0.116849 0.0154687 0.515425 137 0
161.628 3.9064 -0.109944 14.9869 -0.0533452 0.223184 0.0171246 0.649779 138 0
162.819 3.76976 -0.114212 15.0165 -0.0514861 0.370026 0.0232389 0.544932 139 0
164.012 3.62794 -0.118331 15.0426 -0.0498301 0.326252 0.0207006 0.660024 140 0
165.206 3.48111 -0.122317 15.0714 -0.0480822 0.360167 0.0218487 0.655368 141 0
166.403 3.32939 -0.126164 15.0978 -0.0464719 0.330031 0.0201279 0.768512 142 0
167.6 3.17296 -0.129882 15.12 -0.0453612 0.276804 0.0138849 0.848088 143 0
168.799 3.01195 -0.13351 15.1422 -0.0449777 0.277758 0.00479352 0.823613 144 0
169.999 2.84637 -0.137109 15.1607 -0.0455615 0.230718 -0.00729812 0.915196 145 0
171.2 2.67622 -0.140754 15.1763 -0.0471072 0.195313 -0.0193208 0.694572 146 0
172.401 2.50137 -0.144522 14.9532 -0.0277293 -2.78895 0.242224 0.777519 147 6
173.585 2.32646 -0.14674 14.7436 -0.011042 -2.61952 0.208591 0.729721 148 6
174.751 2.15297 -0.147624 14.5467 0.00513945 -2.46086 0.202268 0.778199 149 4
175.903 1.98227 -0.147213 14.3906 0.024369 -1.95154 0.24037 0.760556 150 7
177.042 1.81563 -0.145263 14.2549 0.0376457 -1.69693 0.165959 0.95674 151 2
178.171 1.65395 -0.142252 14.1263 0.0550571 -1.60675 0.217643 0.952615 152 7
179.29 1.49866 -0.137847 14.0351 0.0653258 -1.14017 0.128359 1.08948 153 1
180.403 1.35019 -0.132621 13.9484 0.0788921 -1.08433 0.169578 0.933022 154 7
181.51 1.20962 -0.126309 13.8465 0.0909433 -1.27296 0.15064 0.813145 155 8
182.61 1.07808 -0.119034 13.7591 0.101026 -1.0933 0.12603 0.88012 156 8
183.704 0.956198 -0.110952 13.6974 0.10818 -0.771034 0.0894321 0.682887 157 9
184.794 0.844297 -0.102298 13.615 0.11649 -1.02916 0.103876 0.882807 158 8
185.878 0.743171 -0.0929783 13.5419 0.123279 -0.913847 0.084863 1.04689 159 8
186.958 0.65323 -0.083116 13.4844 0.128452 -0.718904 0.0646534 1.18402 160 8
188.034 0.574724 -0.0728398 13.4325 0.135196 -0.649023 0.0843069 1.28675 161 6
189.106 0.508115 -0.0620241 13.4105 0.138152 -0.274682 0.0369478 1.23336 162 9
190.178 0.453454 -0.050972 13.2739 0.134404 -1.70766 -0.0468463 1.2615 163 3
191.239 0.410756 -0.0402196 13.2239 0.138225 -0.625074 0.047761 1.27844 164 9
192.296 0.37991 -0.0291616 13.1803 0.13366 -0.544763 -0.0570619 1.37251 165 3
193.351 0.360437 -0.0184688 13.1534 0.128369 -0.33673 -0.0661442 1.40562 166 3
194.403 0.351809 -0.00819926 13.1396 0.123578 -0.17252 -0.0598858 1.30624 167 2
195.454 0.353583 0.00168697 13.1287 0.118822 -0.135672 -0.0594472 1.39694 168 2
196.504 0.365338 0.0111927 13.106 0.11322 -0.283575 -0.0700232 1.4114 169 3
197.552 0.386569 0.0202504 13.0854 0.108225 -0.258207 -0.0624348 1.38104 170 2
198.599 0.416827 0.0289084 13.0412 0.102457 -0.551701 -0.0721063 1.35943 171 3
199.641 0.45553 0.037105 13.0069 0.0967016 -0.42938 -0.0719425 1.39469 172 3
200.681 0.502173 0.0448411 12.9749 0.090621 -0.400007 -0.0760078 1.44437 173 3
201.718 0.556219 0.0520908 12.9337 0.0824747 -0.515282 -0.101828 1.24609 174 5
202.75 0.616909 0.0586887 12.9431 0.0770248 0.117886 -0.0681245 1.28806 175 1
203.784 0.684011 0.0648507 12.9378 0.0697395 -0.0668526 -0.0910657 1.28496 176 0
204.816 0.756848 0.0704299 12.9451 0.0639847 0.092411 -0.0719358 1.35432 177 0
205.849 0.835012 0.0755487 12.9052 0.0684314 -0.499749 0.0555849 1.31548 178 9
206.878 0.91857 0.0810232 12.8853 0.0716537 -0.247765 0.0402788 1.31134 179 9
207.905 1.00789 0.0867555 12.8717 0.0738518 -0.170875 0.0274753 1.3547 180 9
208.93 1.10317 0.0926636 12.8565 0.0753758 -0.189364 0.0190506 1.25968 181 9
209.954 1.20451 0.0986937 12.8391 0.0762968 -0.217485 0.0115126 1.32064 182 9
210.975 1.31196 0.104797 12.7443 0.0592819 -1.1849 -0.212687 0.730367 183 7
211.989 1.42342 0.10954 12.6505 0.042892 -1.17278 -0.204873 0.522822 184 7
212.994 1.5375 0.112971 12.5681 0.0276362 -1.03039 -0.190698 0.527335 185 7
213.993 1.65306 0.115182 12.5048 0.0129624 -0.791311 -0.183423 0.610801 186 8
214.987 1.76906 0.116219 12.4611 -0.000553576 -0.545657 -0.168949 0.573485 187 8
215.977 1.88461 0.116175 12.4452 -0.0125305 -0.199342 -0.149712 0.844704 188 9
216.966 1.99903 0.115172 12.4469 -0.0235442 0.0216246 -0.13767 0.90556 189 9
217.955 2.11159 0.113289 12.4635 -0.0333626 0.207818 -0.12273 0.999925 190 9
218.946 2.22167 0.11062 12.5073 -0.0414055 0.547171 -0.100536 1.02206 191 9
219.941 2.32883 0.107308 12.5543 -0.0475583 0.587356 -0.0769101 1.09552 192 9
220.94 2.4326 0.103503 12.5717 -0.0549333 0.21739 -0.0921879 0.933429 193 8
221.941 2.53211 0.0991082 12.6118 -0.0619205 0.5018 -0.0873396 1.27421 194 10
222.945 2.62697 0.0941546 12.5962 -0.0661082 -0.195837 -0.0523469 1.25303 195 8
223.949 2.7164 0.0888659 12.5739 -0.0701178 -0.278544 -0.0501194 1.22344 196 8
224.951 2.80005 0.0832565 12.5766 -0.0734456 0.0344038 -0.0415972 1.30983 197 8
225.954 2.87783 0.0773808 12.5809 -0.07661 0.052774 -0.0395556 1.27177 198 8
226.958 2.94948 0.071252 12.5856 -0.0765229 0.059545 0.00108927 1.29295 199 9
227.963 3.01501 0.0651302 12.6194 -0.0777475 0.422299 -0.0153081 1.17247 200 8
228.971 3.07445 0.0589104 12.6566 -0.0792657 0.464487 -0.0189776 1.11459 201 8
229.982 3.12765 0.0525691 12.7255 -0.0800852 0.861514 -0.0102432 1.07512 202 0
230.999 3.17463 0.0461623 12.7882 -0.0808767 0.783443 -0.00989391 1.12212 203 0
232.021 3.21523 0.0396922 12.8598 -0.0811554 0.895691 -0.00348361 1.14725 204 0
233.049 3.24938 0.0331998 12.9343 -0.0809664 0.93143 0.00236165 1.23441 205 0
234.084 3.27702 0.0267224 12.9966 -0.0797668 0.77827 0.014995 1.31548 206 3
235.123 3.29817 0.0203411 13.0714 -0.0791158 0.935197 0.00813771 1.33083 207 0
236.169 3.31282 0.0140118 13.1452 -0.0779345 0.922406 0.0147671 1.30571 208 0
237.221 3.321 0.00777708 13.2141 -0.0760527 0.860691 0.0235216 1.1646 209 1
238.278 3.32279 0.00169286 13.2779 -0.0734992 0.798094 0.0319186 0.439448 210 2
239.34 3.31835 -0.00418708 13.3368 -0.0718685 0.736606 0.0203845 0.349792 211 1
240.407 3.30774 -0.00993656 13.3937 -0.0710207 0.710714 0.0105973 0.304229 212 0
241.478 3.29101 -0.0156182 13.4482 -0.070103 0.681603 0.0114713 0.524697 213 0
242.554 3.26817 -0.0212265 13.5005 -0.0691086 0.653601 0.0124293 0.590538 214 0
243.633 3.23928 -0.0267551 13.5496 -0.0672613 0.613642 0.0230912 0.59933 215 1
244.717 3.20445 -0.032136 13.5953 -0.0646171 0.571382 0.0330536 0.560238 216 2
245.804 3.16389 -0.0373054 13.6387 -0.0620138 0.542092 0.0325407 1.23653 217 2
246.894 3.11778 -0.0422665 13.6776 -0.0607363 0.486124 0.0159686 0.637019 218 1
247.987 3.06624 -0.0471254 13.7112 -0.0606008 0.421 0.00169342 0.719864 219 0
249.082 3.00925 -0.0519735 13.7365 -0.060808 0.315154 -0.00258996 1.00606 220 0
250.179 2.94683 -0.0568381 13.7592 -0.060428 0.284362 0.00475086 1.00024 221 1
251.278 2.87899 -0.0616724 13.7852 -0.0601753 0.325549 0.00315793 1.06863 222 0
252.378 2.80572 -0.0664864 13.8109 -0.0595799 0.320673 0.0074428 0.810344 223 0
253.48 2.72706 -0.0712528 13.8374 -0.0587752 0.331271 0.0100591 1.25391 224 0
254.584 2.64306 -0.0759548 13.8634 -0.0578434 0.324941 0.011647 1.24785 225 0
255.69 2.55378 -0.0805823 13.5434 -0.038682 -4 0.239518 1.23427 226 0
256.769 2.46323 -0.0836768 13.2234 -0.022158 -4 0.20655 1.23987 227 2
257.823 2.37294 -0.0854495 12.9034 -0.00544129 -4 0.208959 1.20138 228 2
258.852 2.2844 -0.0858848 12.9496 -0.00835111 0.577354 -0.0363728 1.07111 229 1
259.884 2.19484 -0.0865529 12.9957 -0.0099063 0.576556 -0.0194399 1.09879 230 3
260.92 2.10415 -0.0873454 13.0413 -0.0113888 0.570297 -0.0185312 0.519676 231 2
261.959 2.01219 -0.0882565 13.0863 -0.0126247 0.562608 -0.0154488 0.481028 232 2
263.002 1.91886 -0.0892664 13.1318 -0.0126367 0.5687 -0.000149373 0.549681 233 4
264.048 1.82415 -0.0902774 13.1734 -0.0129365 0.519228 -0.0037482 0.549049 234 3
265.097 1.72805 -0.0913123 13.2167 -0.0140446 0.541198 -0.0138508 1.09699 235 1
266.15 1.63045 -0.0924359 13.2607 -0.0155564 0.550616 -0.0188973 1.21606 236 0
267.206 1.53122 -0.0936804 13.3016 -0.0158195 0.510955 -0.00328942 1.08662 237 2
268.266 1.43033 -0.0949459 13.3419 -0.0172656 0.504327 -0.0180763 1.11532 238 0
269.328 1.32768 -0.0963272 13.3855 -0.0180825 0.544393 -0.0102114 1.18331 239 1
270.394 1.22314 -0.0977738 13.4228 -0.0183325 0.466573 -0.00312463 1.20592 240 1
271.462 1.11675 -0.0992404 13.4619 -0.0179423 0.488055 0.00487776 1.1925 241 1
272.534 1.00851 -0.100676 13.5063 -0.0176244 0.55536 0.00397409 1.17846 242 0
273.609 0.8984 -0.102086 13.5493 -0.0172413 0.537741 0.0047884 1.12581 243 0
274.687 0.78645 -0.103465 13.591 -0.0167982 0.520623 0.00553858 1.17379 244 0
275.768 0.672702 -0.104809 13.6316 -0.0169217 0.508332 -0.00154346 1.35913 245 0
276.853 0.557146 -0.106163 13.6717 -0.0168776 0.501215 0.000551133 1.31773 246 0
277.94 0.439781 -0.107513 13.3517 0.003682 -4 0.256995 1.39988 247 3
279.002 0.325476 -0.107218 13.0402 0.0226005 -3.8938 0.236481 1.44048 248 3
280.04 0.215714 -0.10541 12.7448 0.0399612 -3.69334 0.217009 1.34407 249 3
281.054 0.111681 -0.102213 12.4833 0.0561135 -3.26821 0.201904 1.37167 250 2
282.048 0.0142423 -0.0977242 12.2323 0.0688531 -3.13782 0.159245 1.34909 251 4
283.022 -0.0758708 -0.092216 11.9953 0.0828424 -2.96215 0.174865 2.515 252 3
283.978 -0.157903 -0.0855886 12.0634 0.072541 0.851512 -0.128767 1.99055 253 0
284.94 -0.234821 -0.0797853 11.7538 0.098209 -3.86977 0.32085 1.9553 254 0
285.878 -0.302397 -0.0719286 11.9129 0.0819352 1.98836 -0.203422 1.72841 255 8
286.829 -0.364656 -0.0653738 12.2329 0.795761 4 8.92282 2.76186 256 1
287.808 -0.366333 -0.0017129 12.0401 0.724178 -2.41041 -0.894787 2.06401 257 4
288.769 -0.312208 0.0562214 11.7201 0.668118 -4 -0.700746 1.40252 258 4
289.701 -0.209586 0.109671 11.4001 0.612059 -4 -0.700738 1.33583 259 7
290.602 -0.0655156 0.158636 11.0801 0.559034 -4 -0.662813 1.2429 260 1
291.47 0.113503 0.203358 10.7633 0.508541 -3.96011 -0.631171 1.2838 261 1
