1.12 10 0 14.0436 -0.00129954 0.545609 -0.0162443 0.320662 1 9
2.24349 9.99988 -0.000103963 14.086 -0.00381862 0.52886 -0.0314885 0.419754 2 8
3.37037 9.99942 -0.000409453 14.1254 -0.0100953 0.49361 -0.0784591 0.36108 3 5
4.5004 9.99805 -0.00121708 14.1639 -0.0130107 0.480223 -0.0364425 0.363501 4 7
5.63351 9.99549 -0.00225794 14.2 -0.0169212 0.451171 -0.0488803 0.361149 5 6
6.7695 9.99139 -0.00361163 14.2349 -0.016308 0.436795 0.00766455 0.360756 6 9
7.90828 9.98579 -0.00491627 14.2681 -0.0156838 0.414515 0.00780276 0.357862 7 9
9.0497 9.97874 -0.00617098 14.2999 -0.0136905 0.397933 0.0249158 0.361117 8 10
10.1937 9.97043 -0.00726622 14.3309 -0.0145278 0.387371 -0.0104661 0.3539 9 8
11.3401 9.96077 -0.00842844 14.36 -0.0165611 0.364077 -0.0254164 0.35447 10 7
12.4888 9.94956 -0.00975333 14.3873 -0.0249204 0.340533 -0.104491 0.3635 11 2
13.6397 9.93604 -0.011747 14.4136 -0.0243508 0.328875 0.0071191 0.360651 12 8
14.7927 9.92025 -0.013695 14.4397 -0.0250668 0.326931 -0.00894924 0.39592 13 7
15.9478 9.90212 -0.0157004 14.4648 -0.0322173 0.313699 -0.089382 0.365296 14 2
17.1047 9.88097 -0.0182778 14.4872 -0.0291409 0.280142 0.0384551 0.357326 15 9
18.2635 9.85708 -0.020609 14.5098 -0.0355574 0.281906 -0.0802057 0.362688 16 2
19.4239 9.82986 -0.0234536 14.5323 -0.03586 0.282109 -0.00378331 0.355562 17 6
20.5861 9.79926 -0.0263224 14.5522 -0.0319012 0.247705 0.0494849 0.358159 18 9
21.7498 9.76565 -0.0288745 14.5715 -0.0295237 0.24128 0.0297199 0.365406 19 8
22.915 9.72924 -0.0312364 14.5906 -0.0325815 0.239587 -0.0382235 0.354857 20 4
24.0815 9.68975 -0.0338429 14.609 -0.0311358 0.228953 0.018072 0.357377 21 7
25.2495 9.64729 -0.0363338 14.6254 -0.0283223 0.205386 0.035168 0.364779 22 8
26.4186 9.60214 -0.0385996 14.6426 -0.0256306 0.215626 0.0336469 0.351439 23 8
27.5891 9.55454 -0.04065 14.6576 -0.0203595 0.186825 0.0658887 0.360809 24 10
28.7606 9.50498 -0.0422788 14.6733 -0.0208826 0.196886 -0.006539 0.355457 25 6
29.9334 9.4534 -0.0439494 14.689 -0.021215 0.196123 -0.00415482 0.353793 26 6
31.1073 9.39978 -0.0456466 14.7034 -0.025371 0.180006 -0.0519506 0.357102 27 3
32.2822 9.34372 -0.0476763 14.716 -0.0236198 0.156641 0.0218908 0.352312 28 7
33.458 9.28539 -0.0495659 14.7285 -0.0219022 0.15713 0.0214701 0.349509 29 7
34.6348 9.22495 -0.051318 14.7402 -0.0175259 0.145888 0.0547038 0.353888 30 9
35.8124 9.16281 -0.0527201 14.7523 -0.0161578 0.15136 0.0171004 0.352459 31 7
36.9908 9.0991 -0.0540127 14.7632 -0.0148092 0.136077 0.016858 0.357724 32 7
38.1701 9.03394 -0.0551975 14.7739 -0.0134819 0.134206 0.0165906 0.35316 33 7
39.3501 8.96746 -0.056276 14.7845 -0.0121904 0.131989 0.0161438 0.360648 34 7
40.5309 8.89979 -0.0572513 14.7943 -0.0095767 0.122488 0.0326718 0.369073 35 8
41.7125 8.83116 -0.0580174 14.8043 -0.00713571 0.125277 0.0305123 0.35509 36 8
42.8948 8.76181 -0.0585883 14.8138 -0.00755565 0.118756 -0.00524922 0.35501 37 6
44.0778 8.6917 -0.0591927 14.8218 -0.00515025 0.0998259 0.0300676 0.362729 38 8
45.2615 8.62107 -0.0596047 14.8294 -0.00292182 0.0952959 0.0278553 0.351038 39 8
46.4457 8.55012 -0.0598385 14.8365 -0.00219174 0.0882745 0.00912602 0.360158 40 7
47.6305 8.47893 -0.0600138 14.844 -0.00282185 0.0934482 -0.00787636 0.353687 41 6
48.8158 8.40744 -0.0602396 14.8499 -0.000637997 0.0743508 0.0272982 0.350372 42 8
50.0017 8.33586 -0.0602906 14.8578 -0.00131393 0.0992775 -0.00844912 0.365321 43 6
51.1881 8.26411 -0.0603957 14.8644 -0.000526452 0.0820994 0.00984343 0.354087 44 7
52.3751 8.19229 -0.0604378 14.8712 -0.00112031 0.0852346 -0.00742325 0.360768 45 6
53.5626 8.12032 -0.0605275 14.8757 0.00243227 0.0562072 0.0444072 0.35531 46 9
54.7505 8.04856 -0.0603329 14.8798 0.00433253 0.0504375 0.0237533 0.354675 47 8
55.9388 7.9772 -0.0599863 14.8852 0.00338938 0.0675321 -0.0117894 0.354922 48 6
57.1275 7.90613 -0.0597151 14.8902 0.00523973 0.0628591 0.0231294 0.35328 49 8
58.3166 7.83554 -0.0592959 14.8951 0.00692905 0.0613213 0.0211165 0.354064 50 8
59.5061 7.76558 -0.0587416 14.9003 0.00711495 0.0656605 0.00232375 0.356573 51 7
60.6961 7.69628 -0.0581724 14.9054 0.00730522 0.0636101 0.00237842 0.351452 52 7
61.8866 7.62765 -0.057588 14.9087 0.00883606 0.0402451 0.0191354 0.351256 53 8
63.0774 7.55984 -0.0568811 14.9125 0.00752483 0.0480056 -0.0163904 0.356036 54 6
64.2685 7.49274 -0.0562791 14.9183 0.00769144 0.0723243 0.00208261 0.360121 55 7
65.4601 7.42634 -0.0556638 14.923 0.00652129 0.0593901 -0.0146268 0.354148 56 6
66.6521 7.36054 -0.0551421 14.9233 0.0108502 0.00371933 0.0541112 0.354078 57 10
67.8442 7.29578 -0.0542741 14.9264 0.00935623 0.0386953 -0.0186744 0.354997 58 6
69.0366 7.23189 -0.0535256 14.9854 0.00953809 0.737047 0.00227327 0.347039 59 14
70.2338 7.16867 -0.0527625 14.9853 0.00952452 -0.0010848 -0.000169734 0.357629 60 7
71.431 7.10636 -0.0520006 15.0405 0.0109323 0.689542 0.0175968 0.356878 61 16
72.6327 7.04487 -0.051126 15.0375 0.0107664 -0.0371695 -0.0020733 0.350314 62 7
73.8341 6.98442 -0.0502647 15.0342 0.0119522 -0.0414848 0.0148226 0.357661 63 8
75.0354 6.92514 -0.0493085 15.0331 0.00897477 -0.0132561 -0.0372178 0.353256 64 5
76.2366 6.86673 -0.0485905 15.0317 0.00629683 -0.0171423 -0.0334743 0.360073 65 5
77.4378 6.80892 -0.0480868 15.0898 0.00301721 0.72577 -0.0409952 0.414759 66 15
78.6436 6.75119 -0.0478454 15.0861 0.00230586 -0.0463486 -0.00889185 0.360348 67 6
79.8491 6.69369 -0.0476609 15.1386 0.000681688 0.656021 -0.0203022 0.370271 68 11
81.0588 6.63605 -0.0476064 15.1319 0.000272176 -0.0836372 -0.00511891 0.36965 69 6
82.268 6.57847 -0.0475846 15.1803 0.00266883 0.605547 0.0299582 0.367251 70 16
83.4811 6.52097 -0.0473711 15.1728 0.00078487 -0.0936031 -0.0235495 0.366555 71 5
84.6935 6.46356 -0.0473083 15.1658 0.00180327 -0.0886679 0.01273 0.355996 72 7
85.9055 6.40636 -0.0471641 15.2151 0.000377899 0.616503 -0.0178171 0.356079 73 11
87.1213 6.34901 -0.0471338 15.2615 0.00037997 0.580037 2.58951e-05 0.350287 74 13
88.3409 6.29152 -0.0471034 15.3079 0.000413328 0.580895 0.000416973 0.349587 75 13
89.5642 6.2339 -0.0470704 15.2914 0.00561566 -0.207019 0.0650291 0.355954 76 10
90.7861 6.17689 -0.0466211 15.3351 0.00517417 0.546098 -0.00551862 0.348773 77 13
92.0116 6.12022 -0.0462072 15.3177 0.0086013 -0.216544 0.0428391 0.353818 78 9
93.2358 6.06446 -0.0455191 15.3032 0.00499812 -0.18245 -0.0450397 0.356103 79 4
94.4588 6.00924 -0.0451192 15.2885 0.00577783 -0.18338 0.00974635 0.363724 80 7
95.6806 5.95464 -0.044657 15.2774 0.00116461 -0.138795 -0.0576653 0.350899 81 3
96.9016 5.90019 -0.0445639 15.2755 -0.00231829 -0.0238895 -0.0435363 0.359435 82 2
98.1224 5.84553 -0.0447493 15.264 -0.00471846 -0.143957 -0.030002 0.353232 83 4
99.3423 5.79044 -0.0451268 15.2523 -0.00682708 -0.145626 -0.0263578 0.360492 84 4
100.561 5.73473 -0.045673 15.24 -0.00598234 -0.15409 0.0105591 0.361003 85 6
101.779 5.67848 -0.0461515 15.2316 -0.00651099 -0.104415 -0.00660802 0.353805 86 5
102.996 5.62163 -0.0466724 15.2205 -0.00690282 -0.138712 -0.00489789 0.358605 87 5
104.213 5.56415 -0.0472246 15.2111 -0.00719079 -0.117218 -0.00359964 0.361928 88 5
105.428 5.506 -0.0477999 15.2018 -0.00737066 -0.117326 -0.00224836 0.367579 89 5
106.643 5.44718 -0.0483896 15.1939 -0.00747261 -0.0980496 -0.00127436 0.367897 90 5
107.857 5.38766 -0.0489874 15.1834 -0.00479729 -0.131476 0.0334415 0.359687 91 7
109.07 5.32771 -0.0493712 15.1762 -0.00368547 -0.0897884 0.0138977 0.353466 92 6
110.283 5.26744 -0.049666 15.1672 -0.0012765 -0.113249 0.0301121 0.360765 93 7
111.495 5.20708 -0.0497681 15.2176 -0.000248955 0.630248 0.0128444 0.353644 94 13
112.71 5.14649 -0.049788 15.2053 0.00590027 -0.153065 0.0768654 0.358277 95 10
113.925 5.08652 -0.049316 15.1954 0.00610861 -0.124228 0.0026042 0.356808 96 6
115.14 5.02719 -0.0488273 15.2046 0.000312339 0.114655 -0.0724534 0.359879 97 0
116.354 4.96785 -0.0488023 15.1988 -0.00683692 -0.0715256 -0.0893657 0.357898 98 0
117.569 4.90787 -0.0493493 15.1908 -0.00522771 -0.100636 0.0201151 0.360302 99 6
118.783 4.84742 -0.0497675 15.1834 -0.00905011 -0.0929356 -0.04778 0.346224 100 2
119.996 4.78611 -0.0504915 15.1771 -0.0137182 -0.0786781 -0.0583516 0.357558 101 1
121.208 4.7235 -0.051589 15.1672 -0.0111572 -0.123394 0.0320125 0.355408 102 6
122.42 4.65985 -0.0524816 15.1604 -0.00876583 -0.0852585 0.0298926 0.360533 103 6
123.631 4.59538 -0.0531828 15.1546 -0.0118581 -0.0722885 -0.0386531 0.373691 104 2
124.842 4.52979 -0.0541315 15.1464 -0.00919977 -0.10215 0.0332288 0.356081 105 6
126.052 4.46334 -0.0548674 15.139 -0.00673082 -0.0922084 0.0308619 0.354573 106 6
127.261 4.39627 -0.0554059 15.1332 -0.0111042 -0.0728965 -0.054667 0.356298 107 1
128.47 4.32815 -0.0562942 15.1291 -0.013612 -0.0513554 -0.0313471 0.356116 108 2
129.678 4.25874 -0.0573832 15.1256 -0.015764 -0.0432253 -0.0269009 0.353191 109 2
130.886 4.18781 -0.0586443 15.1234 -0.0175871 -0.027895 -0.0227889 0.360566 110 2
132.094 4.1152 -0.0600513 15.1132 -0.00829867 -0.128067 0.116106 0.365385 111 10
133.3 4.04184 -0.0607152 15.112 -0.010647 -0.0148892 -0.0293537 0.362239 112 2
134.507 3.96746 -0.0615669 15.109 -0.0126865 -0.0375271 -0.0254943 0.367139 113 2
135.713 3.89186 -0.0625819 15.1059 -0.0143833 -0.0380993 -0.0212096 0.36213 114 2
136.92 3.81489 -0.0637325 15.1038 -0.0158066 -0.0269294 -0.0177918 0.359926 115 2
138.125 3.73641 -0.0649971 15.0967 -0.0114714 -0.0889301 0.0541907 0.359644 116 7
139.33 3.65686 -0.0659148 15.0959 -0.0142866 -0.00957251 -0.0351899 0.359508 117 1
140.535 3.57594 -0.0670577 15.0906 -0.00979999 -0.0663042 0.0560821 0.341715 118 7
141.74 3.4941 -0.0678417 15.0839 -0.0058774 -0.0836134 0.0490323 0.360043 119 6
142.944 3.41173 -0.0683119 15.0773 -0.00227086 -0.0827551 0.0450818 0.360503 120 6
144.147 3.32918 -0.0684936 15.0747 0.00101952 -0.0324488 0.0411298 0.352757 121 6
145.35 3.24674 -0.068412 15.0703 0.0046998 -0.0547886 0.0460035 0.359525 122 7
146.553 3.16478 -0.068036 15.0675 0.00819481 -0.0349283 0.0436875 0.367657 123 7
147.756 3.08362 -0.0673804 15.0756 0.0097918 0.101018 0.0199624 0.359312 124 8
148.959 3.00336 -0.0665971 15.0709 0.013059 -0.059092 0.0408396 0.346292 125 7
150.162 2.92438 -0.0655524 15.0673 0.0161114 -0.0450492 0.0381551 0.36998 126 7
151.365 2.84698 -0.0642634 15.064 0.0188944 -0.0406027 0.0347881 0.348127 127 7
152.568 2.7714 -0.0627519 15.059 0.0214119 -0.0629306 0.0314684 0.351387 128 7
153.77 2.69791 -0.0610389 15.0524 0.0236517 -0.0820756 0.0279977 0.351395 129 7
154.972 2.62673 -0.0591468 15.0467 0.0242835 -0.0715017 0.00789687 0.352642 130 6
156.174 2.55791 -0.0572041 15.0424 0.0261135 -0.0532269 0.022876 0.348194 131 7
157.376 2.49162 -0.055115 15.0387 0.0276859 -0.0468254 0.0196548 0.351563 132 7
158.577 2.428 -0.0529002 15.0372 0.0290149 -0.0186801 0.0166123 0.354987 133 7
159.779 2.36718 -0.050579 15.034 0.030138 -0.0393033 0.0140389 0.359322 134 6
160.98 2.30927 -0.0481679 15.0307 0.0227255 -0.0420928 -0.0926561 0.355887 135 1
162.181 2.25356 -0.0463499 15.0275 0.0242929 -0.0391126 0.0195927 0.347974 136 7
163.382 2.20019 -0.0444065 15.0249 0.0264956 -0.0329852 0.0275329 0.345848 137 6
164.583 2.14938 -0.0422868 15.0238 0.0273842 -0.0138998 0.0111073 0.357475 138 7
165.784 2.1012 -0.0400961 15.0214 0.0291862 -0.0293255 0.0225259 0.354324 139 6
166.985 2.05583 -0.0377612 15.0144 0.0200578 -0.0876665 -0.114105 0.351206 140 0
168.185 2.01241 -0.0361566 15.0062 0.0117046 -0.103235 -0.104416 0.357782 141 0
169.385 1.97014 -0.0352202 14.9961 0.0185383 -0.125861 0.0854208 0.354973 142 10
170.584 1.92967 -0.0337371 14.9814 0.0250855 -0.183749 0.0818404 0.351022 143 10
171.782 1.89165 -0.0317303 14.9392 0.0324246 -0.528026 0.0917383 0.363028 144 9
172.976 1.85683 -0.0291363 14.9438 0.0310001 0.0585318 -0.0178053 0.352194 145 5
174.171 1.82497 -0.0266563 14.9574 0.0314601 0.169981 0.00574912 0.336599 146 3
175.368 1.79609 -0.0241395 14.9615 0.0287801 0.0510693 -0.0335 0.340035 147 4
176.564 1.76995 -0.0218371 14.9651 0.025958 0.0442863 -0.0352763 0.351629 148 5
177.761 1.7463 -0.0197605 14.9692 0.023266 0.0514507 -0.0336495 0.340353 149 4
178.959 1.72486 -0.0178992 14.9775 0.0228465 0.104499 -0.00524316 0.343167 150 3
180.157 1.70561 -0.0160715 14.9811 0.0203306 0.0442863 -0.0314494 0.346989 151 5
181.355 1.6883 -0.014445 14.9815 0.0187475 0.00513792 -0.0197886 0.34514 152 6
182.554 1.67278 -0.0129452 14.9844 0.0174029 0.035882 -0.0168078 0.340975 153 6
183.752 1.65893 -0.011553 14.9832 0.0152043 -0.0148296 -0.0274821 0.348306 154 5
184.951 1.64654 -0.0103366 14.9849 0.0140397 0.0210524 -0.0145571 0.337212 155 6
186.15 1.6355 -0.00921346 14.9849 0.0120547 0.000393391 -0.0248136 0.339188 156 5
187.348 1.62561 -0.00824909 14.987 0.0111274 0.0263572 -0.0115907 0.344665 157 6
188.547 1.61679 -0.0073589 14.9996 0.00900381 0.157416 -0.0265449 0.341726 158 7
189.747 1.60882 -0.00663859 15.0023 0.00872445 0.0342369 -0.00349201 0.337626 159 5
190.947 1.60169 -0.00594064 15.0028 0.00797826 0.00629425 -0.00932738 0.342778 160 6
192.148 1.59533 -0.00530237 15.0035 0.00706319 0.00767708 -0.0114384 0.34091 161 6
193.348 1.58964 -0.00473732 15.0063 0.00663488 0.0352979 -0.00535384 0.337721 162 5
194.548 1.58459 -0.00420653 15.0015 0.00649141 -0.0596643 -0.00179337 0.333319 163 6
195.748 1.58016 -0.00368722 15.0003 0.0063344 -0.0155926 -0.0019627 0.348775 164 6
196.948 1.57635 -0.00318046 15.0023 0.00616697 0.025928 -0.00209288 0.336378 165 6
198.149 1.57312 -0.00268711 14.9985 0.00598962 -0.0481963 -0.0022169 0.330438 166 6
199.348 1.57047 -0.00220794 14.9977 0.00580377 -0.00993013 -0.00232313 0.333723 167 6
200.548 1.56838 -0.00174364 14.9945 0.00561203 -0.0393391 -0.00239674 0.337682 168 6
201.748 1.56683 -0.00129467 14.9966 0.00504378 0.0254273 -0.00710309 0.334739 169 5
202.948 1.56576 -0.000891171 15.0019 0.00493443 0.06634 -0.00136694 0.343963 170 5
204.148 1.56516 -0.000496417 14.9992 0.00743412 -0.0329494 0.0312462 0.324014 171 8
205.348 1.56528 9.83127e-05 14.9978 0.00831343 -0.0183344 0.0109913 0.345035 172 7
206.547 1.5662 0.000763387 15.0011 0.00906946 0.0413418 0.00945037 0.342961 173 7
207.748 1.56798 0.00148894 15.0033 0.00970428 0.0276327 0.00793532 0.328553 174 7
208.948 1.5707 0.00226529 15.0007 0.00888305 -0.0325203 -0.0102654 0.337342 175 6
210.148 1.57427 0.00297593 15.0027 0.00576663 0.0247478 -0.0389553 0.33982 176 4
211.348 1.5784 0.00343726 15.0009 0.00393483 -0.0224113 -0.0228975 0.331349 177 5
212.548 1.5829 0.00375205 15.0033 0.00226694 0.0304222 -0.0208486 0.333475 178 5
213.748 1.58762 0.0039334 15.0036 0.000749786 0.00309944 -0.0189644 0.335837 179 5
214.949 1.59242 0.00399338 15.0028 0.00206437 -0.00932217 0.0164324 0.334547 180 7
216.149 1.59741 0.00415853 15.0029 -0.000694315 0.00119209 -0.0344836 0.334559 181 4
217.349 1.60233 0.00410299 15.0045 0.000749635 0.0193119 0.0180494 0.336433 182 7
218.549 1.60733 0.00416296 15.0079 -0.00194623 0.0433683 -0.0336983 0.328163 183 4
219.75 1.61214 0.00400726 15.0095 -0.00305772 0.0193119 -0.0138937 0.333753 184 5
220.951 1.61666 0.00376264 15.0078 -0.00538487 -0.0203252 -0.0290893 0.334785 185 4
222.151 1.62066 0.00333185 15.008 -0.00745903 0.00144243 -0.025927 0.331388 186 4
223.352 1.62394 0.00273513 15.0118 -0.00527475 0.048089 0.0273034 0.322604 187 7
224.553 1.62672 0.00231315 15.0136 -0.0019595 0.0227451 0.0414407 0.336944 188 8
225.754 1.62931 0.00215639 15.0126 -0.00029566 -0.0125766 0.020798 0.327261 189 7
226.955 1.63187 0.00213274 15.0131 0.00119641 0.0059247 0.0186509 0.339793 190 7
228.156 1.63455 0.00222845 15.0129 -0.000146924 -0.00202656 -0.0167917 0.326333 191 5
229.357 1.63721 0.0022167 15.0172 -0.00402872 0.0533104 -0.0485224 0.330542 192 3
230.559 1.63949 0.0018944 15.015 -0.0061691 -0.0276327 -0.0267548 0.33072 193 4
231.76 1.64117 0.00140087 15.0145 -0.00940664 -0.00605583 -0.0404692 0.331824 194 3
232.961 1.64195 0.000648341 15.0114 -0.00959211 -0.0391483 -0.00231836 0.333191 195 5
234.162 1.64181 -0.000119028 15.0147 -0.00569548 0.0413775 0.0487079 0.331835 196 8
235.363 1.64112 -0.000574666 15.0115 -0.00484416 -0.039196 0.0106415 0.33331 197 6
236.564 1.63996 -0.000962199 15.0093 -0.00405296 -0.0285268 0.00989003 0.334128 198 6
237.765 1.63841 -0.00128644 15.012 -0.00600637 0.0339508 -0.0244177 0.332339 199 4
238.966 1.63629 -0.00176695 15.0107 -0.00505223 -0.0155449 0.0119268 0.338862 200 6
240.166 1.63369 -0.00217112 15.0098 -0.00148994 -0.0117183 0.0445286 0.338393 201 8
241.367 1.63094 -0.00229032 15.0081 -0.00363938 -0.0209332 -0.0268681 0.32502 202 4
242.568 1.62784 -0.00258147 15.0097 -0.00421501 0.0194073 -0.00719537 0.330538 203 5
243.769 1.62433 -0.00291867 15.0118 -0.00603521 0.0263095 -0.0227525 0.327521 204 4
244.97 1.62025 -0.00340149 15.015 -0.00497229 0.039649 0.0132866 0.327549 205 6
246.171 1.61568 -0.00379927 15.0111 -0.00666474 -0.0484943 -0.0211557 0.328012 206 4
247.372 1.61048 -0.00433245 15.0128 -0.00815548 0.022161 -0.0186343 0.328016 207 4
248.573 1.60449 -0.00498489 15.0131 -0.00946183 0.00270605 -0.0163293 0.320681 208 4
249.774 1.5976 -0.00574183 15.0115 -0.0105751 -0.0190735 -0.0139164 0.327184 209 4
250.975 1.58969 -0.00658785 15.0137 -0.00884732 0.0272989 0.0215977 0.423295 210 6
252.176 1.58092 -0.00729563 15.011 -0.00589849 -0.0339985 0.0368604 0.346793 211 7
253.377 1.57159 -0.00776751 15.0141 -0.00857486 0.0386238 -0.0334546 0.335829 212 3
254.578 1.56144 -0.0084535 15.017 -0.00559425 0.036931 0.0372576 0.344657 213 7
255.779 1.55075 -0.00890104 15.02 -0.00286501 0.037396 0.0341155 0.347398 214 7
256.98 1.53978 -0.00913024 15.0191 -0.000397161 -0.011909 0.0308481 0.350202 215 7
258.182 1.52877 -0.00916201 15.0191 -0.000854229 -0.000202656 -0.00571335 0.345756 216 5
259.383 1.51768 -0.00923035 15.0203 0.00143081 0.0159144 0.0285629 0.337096 217 7
260.585 1.50672 -0.00911589 15.0222 -0.000534285 0.0228524 -0.0245636 0.340811 218 4
261.787 1.49572 -0.00915863 15.0245 -0.000948949 0.0294089 -0.00518329 0.334159 219 5
262.989 1.48462 -0.00923454 15.0233 0.00271164 -0.0153542 0.0457573 0.354483 220 8
264.19 1.47378 -0.00901761 15.0197 0.00197451 -0.0443935 -0.00921408 0.334616 221 5
265.392 1.46314 -0.00885965 15.0203 0.00398672 0.00646114 0.0251526 0.335266 222 7
266.594 1.45287 -0.00854072 15.0198 -0.00242869 -0.00627041 -0.0801926 0.340309 223 1
267.795 1.44238 -0.00873501 15.018 -0.00800142 -0.0223994 -0.0696591 0.335214 224 1
268.996 1.43111 -0.00937512 15.0184 -0.0142319 0.00519753 -0.0778805 0.344252 225 0
270.198 1.41848 -0.0105137 14.9798 -0.0218923 -0.482321 -0.0957561 0.336998 226 0
271.396 1.40378 -0.0122651 14.8879 -0.0336365 -1.14861 -0.146801 0.334709 227 3
272.587 1.38597 -0.014956 14.8428 -0.0219329 -0.563967 0.146295 0.349625 228 9
273.774 1.36613 -0.0167106 14.7839 -0.00954107 -0.735736 0.154898 0.353467 229 10
274.957 1.34547 -0.0174739 14.6976 -0.0207621 -1.07937 -0.140262 0.348236 230 0
276.132 1.32297 -0.0191349 14.6359 -0.0333944 -0.771213 -0.157904 0.341695 231 5
277.303 1.29744 -0.0218064 14.639 -0.0361552 0.0389695 -0.0345098 0.336591 232 1
278.474 1.26851 -0.0246988 14.6127 -0.0403984 -0.329018 -0.0530403 0.336144 233 1
279.642 1.23587 -0.0279307 14.5562 -0.046054 -0.705957 -0.0706953 0.350479 234 3
280.806 1.19906 -0.031615 14.5147 -0.0498211 -0.518763 -0.0470885 0.346868 235 2
281.967 1.15773 -0.0356007 14.4754 -0.0531433 -0.490975 -0.0415271 0.339916 236 2
283.124 1.11159 -0.0398522 14.4295 -0.0597022 -0.574553 -0.0819868 0.349977 237 5
284.277 1.06009 -0.0446283 14.3944 -0.0670524 -0.438368 -0.0918769 0.353615 238 6
285.427 1.00255 -0.0499925 14.3617 -0.0721611 -0.409031 -0.0638593 0.343871 239 6
286.574 0.938508 -0.0557654 14.3372 -0.0734974 -0.305772 -0.0167043 0.347491 240 5
287.719 0.867847 -0.0616452 14.3148 -0.0733662 -0.280392 0.00164071 0.349479 241 5
288.862 0.790589 -0.0675145 14.2945 -0.0737638 -0.253117 -0.00496954 0.348396 242 6
290.002 0.706709 -0.0734156 14.2908 -0.070376 -0.046587 0.0423474 0.349604 243 5
291.142 0.616433 -0.0790457 14.2902 -0.0657074 -0.00756979 0.0583568 0.349629 244 5
292.281 0.520172 -0.0843023 14.3008 -0.0599627 0.132596 0.0718092 0.342433 245 5
293.421 0.418371 -0.0890993 14.3186 -0.0533242 0.223017 0.0829811 0.348093 246 5
294.561 0.311577 -0.0933652 14.3339 -0.0459569 0.19083 0.0920912 0.35906 247 5
295.702 0.200473 -0.0970418 14.3583 -0.038123 0.304949 0.0979241 0.34562 248 5
296.845 0.0856931 -0.100092 14.3811 -0.0302589 0.285184 0.0983005 0.35388 249 5
297.99 -0.0320398 -0.102512 14.4045 -0.0222469 0.292611 0.10015 0.350143 250 5
299.136 -0.152004 -0.104292 14.4339 -0.0145485 0.36658 0.0962301 0.353381 251 5
300.284 -0.27355 -0.105456 14.4533 -0.00759233 0.242817 0.0869525 0.365739 252 5
301.434 -0.395957 -0.106063 14.4525 -0.001093 -0.00969172 0.0812415 0.353925 253 4
302.584 -0.518458 -0.106151 14.4576 0.00477849 0.0632763 0.0733937 0.349368 254 5
303.734 -0.640563 -0.105769 14.4675 0.0112859 0.124347 0.0813432 0.346587 255 6
304.885 -0.761712 -0.104866 14.4841 0.0178509 0.206757 0.082062 0.361782 256 6
306.037 -0.881354 -0.103438 14.4903 0.0251077 0.0781655 0.0907096 0.359963 257 4
307.191 -0.998731 -0.101429 14.5051 0.0304824 0.185144 0.0671846 0.349793 258 6
308.345 -1.11341 -0.0989904 14.5185 0.034396 0.167334 0.0489202 0.35753 259 5
309.501 -1.22502 -0.0962387 14.5399 0.0373498 0.267136 0.0369214 0.384334 260 5
310.66 -1.33333 -0.0932507 14.5549 0.0399013 0.188088 0.0318945 0.349858 261 5
311.819 -1.43805 -0.0900586 14.5669 0.0424276 0.149536 0.0315786 0.350994 262 5
312.98 -1.53892 -0.0866644 14.5804 0.0482164 0.168705 0.0723599 0.344105 263 8
314.143 -1.6354 -0.0828071 14.5909 0.0558797 0.131011 0.0957913 0.34989 264 10
315.306 -1.72675 -0.0783367 14.6058 0.0559644 0.186896 0.00105826 0.352946 265 5
316.472 -1.81297 -0.0738595 14.622 0.0558729 0.202286 -0.00114283 0.348722 266 5
317.639 -1.89407 -0.0693897 14.6378 0.0555741 0.19697 -0.00373558 0.353068 267 5
318.807 -1.97007 -0.0649438 14.6536 0.0564211 0.198221 0.010588 0.345226 268 6
319.977 -2.04087 -0.0604301 14.6667 0.0569635 0.164139 0.00677998 0.357504 269 6
321.149 -2.10639 -0.055873 14.6796 0.0572232 0.160825 0.00324631 0.345368 270 6
322.322 -2.16661 -0.0512952 14.6875 0.0566417 0.0985384 -0.00726897 0.34531 271 4
323.495 -2.22153 -0.0467638 14.7012 0.0551467 0.171363 -0.0186879 0.33777 272 5
324.67 -2.27133 -0.0423521 14.7173 0.0523245 0.201261 -0.035277 0.346944 273 4
325.847 -2.31625 -0.0381661 14.7271 0.0508249 0.122285 -0.0187453 0.342295 274 5
327.024 -2.35642 -0.0341001 14.7394 0.0492593 0.153732 -0.0195703 0.345352 275 5
328.203 -2.39198 -0.0301594 14.7486 0.050336 0.115287 0.013459 0.344993 276 7
329.382 -2.42281 -0.0261325 14.7575 0.0470604 0.111103 -0.0409449 0.340355 277 4
330.563 -2.44921 -0.0223677 14.7691 0.043915 0.145102 -0.0393181 0.361297 278 4
331.744 -2.47149 -0.0188545 14.7774 0.0408926 0.103509 -0.0377792 0.360923 279 4
332.926 -2.48991 -0.0155831 14.7873 0.0393326 0.123358 -0.0194997 0.349201 280 5
334.109 -2.50462 -0.0124365 14.7941 0.037774 0.0855088 -0.0194834 0.340055 281 5
335.292 -2.51577 -0.00941454 14.8051 0.0348487 0.137365 -0.0365654 0.345646 282 4
336.477 -2.52361 -0.00662664 14.8126 0.0360877 0.094521 0.0154867 0.340143 283 7
337.662 -2.52805 -0.00373962 14.8236 0.0330941 0.137126 -0.0374191 0.345495 284 4
338.848 -2.52934 -0.00109209 14.8328 0.0315033 0.11487 -0.0198855 0.34464 285 5
340.034 -2.52765 0.00142817 14.8384 0.0286349 0.0696659 -0.0358552 0.339737 286 4
341.221 -2.52323 0.00371896 14.8463 0.0285622 0.0988007 -0.000908994 0.342532 287 6
342.409 -2.5161 0.00600394 14.858 0.0258108 0.145984 -0.034392 0.342311 288 4
343.598 -2.50651 0.0080688 14.8636 0.0257426 0.0710368 -0.000852346 0.343355 289 6
344.787 -2.49447 0.0101282 14.874 0.023543 0.129855 -0.0274951 0.343888 290 4
345.977 -2.48017 0.0120117 14.882 0.0261302 0.0997067 0.0323396 0.358363 291 8
347.167 -2.46339 0.0141021 14.8882 0.0243086 0.0773191 -0.02277 0.352886 292 5
348.358 -2.44427 0.0160468 14.8983 0.0212178 0.126886 -0.0386353 0.349981 293 4
349.55 -2.42313 0.0177442 14.9047 0.0196648 0.0795603 -0.0194121 0.352506 294 5
350.742 -2.40009 0.0193174 14.9097 0.0194721 0.062418 -0.00240828 0.35443 295 6
351.934 -2.3752 0.0208751 14.9189 0.0178862 0.114751 -0.0198238 0.341468 296 5
353.128 -2.34858 0.022306 14.9256 0.0163663 0.0844598 -0.0189994 0.342494 297 5
354.321 -2.32038 0.0236153 14.9302 0.018901 0.057447 0.0316836 0.342122 298 8
355.515 -2.29037 0.0251274 14.9338 0.018402 0.0440598 -0.00623651 0.342527 299 6
356.71 -2.2586 0.0265996 14.938 0.0191856 0.0531912 0.0097939 0.338744 300 7
357.904 -2.22498 0.0281344 14.9436 0.0171057 0.0703573 -0.0259986 0.345915 301 5
359.099 -2.18971 0.0295029 14.9472 0.0204547 0.0442982 0.041863 0.35269 302 9
360.294 -2.15248 0.0311393 14.9501 0.0220042 0.035882 0.0193684 0.34665 303 8
361.49 -2.11314 0.0328996 14.9532 0.0192793 0.0389099 -0.0340616 0.345547 304 5
362.685 -2.07195 0.0344419 14.9597 0.0180513 0.081861 -0.0153499 0.355201 305 6
363.881 -2.02901 0.035886 14.9617 0.0154823 0.0245094 -0.0321122 0.360914 306 5
365.077 -1.98459 0.0371246 14.9675 0.0144176 0.0731349 -0.0133086 0.352588 307 6
366.274 -1.93876 0.038278 14.9673 0.0106788 -0.00303984 -0.0467356 0.345442 308 4
367.47 -1.89192 0.0391323 14.9683 0.00723638 0.0125051 -0.0430298 0.344656 309 4
368.667 -1.84438 0.0397112 14.9699 0.0040703 0.0202537 -0.0395759 0.345179 310 4
369.863 -1.79644 0.0400369 14.9714 0.00386848 0.0182986 -0.00252285 0.352668 311 6
371.06 -1.74813 0.0403463 14.9732 -0.000377807 0.0223637 -0.0530786 0.353135 312 3
372.257 -1.69985 0.0403161 14.9758 -0.000206257 0.0326753 0.00214437 0.371714 313 6
373.454 -1.65159 0.0402996 14.9811 -9.66785e-05 0.066185 0.00136974 0.343887 314 6
374.652 -1.60331 0.0402919 14.9837 0.00128788 0.032568 0.017307 0.345076 315 7
375.849 -1.5549 0.0403949 14.9836 0.00116669 -0.000572205 -0.00151492 0.36851 316 6
377.047 -1.50638 0.0404882 14.9858 -0.000320395 0.0265241 -0.0185885 0.356758 317 5
378.245 -1.45789 0.0404626 14.988 -0.00168077 0.0276089 -0.0170047 0.344806 318 5
379.443 -1.40954 0.0403281 14.988 -0.00292636 -2.38419e-05 -0.0155699 0.361104 319 5
380.641 -1.36148 0.040094 14.9916 -0.00272578 0.0452757 0.0025073 0.362855 320 6
381.839 -1.31367 0.039876 14.9923 -0.00390679 0.00934601 -0.0147627 0.36048 321 5
383.038 -1.26623 0.0395634 14.9943 -0.00498608 0.0247478 -0.0134911 0.356398 322 5
384.237 -1.21926 0.0391645 14.9951 -0.00330553 0.0103951 0.0210068 0.358742 323 7
385.435 -1.17261 0.0389001 14.9972 -0.00445954 0.0260234 -0.0144251 0.352498 324 5
386.634 -1.12638 0.0385433 14.9953 -0.00417953 -0.0235915 0.00350014 0.35136 325 6
387.833 -1.08055 0.038209 14.9967 -0.00258992 0.0176311 0.0198701 0.346649 326 7
389.032 -1.03497 0.0380018 14.9956 -0.00117906 -0.0148416 0.0176358 0.347283 327 7
390.231 -0.989507 0.0379075 14.9952 -0.00397031 -0.00480413 -0.0348906 0.358414 328 4
391.429 -0.944425 0.0375898 14.9982 -0.0024378 0.0375867 0.0191564 0.361872 329 7
392.628 -0.899567 0.0373948 14.9949 -0.00513402 -0.0409246 -0.0337027 0.354729 330 4
393.827 -0.855211 0.0369841 14.9971 -0.00488902 0.0272155 0.00306249 0.352944 331 6
395.026 -0.811318 0.036593 14.9926 -0.00733335 -0.0558257 -0.0305541 0.347899 332 4
396.225 -0.768141 0.0360063 14.9928 -0.00685462 0.00237226 0.0059841 0.3448 333 6
397.423 -0.72562 0.0354579 14.9949 -0.00373401 0.0256538 0.0390076 0.347183 334 8
398.622 -0.683453 0.0351592 14.991 -0.00764839 -0.0477314 -0.0489297 0.348832 335 3
399.821 -0.642029 0.0345473 14.9912 -0.00846937 0.00238419 -0.0102622 0.349261 336 5
401.019 -0.601417 0.0338698 14.997 -0.00785549 0.072217 0.00767353 0.349416 337 6
