1.12 10 0 14.0252 -0.0023763 0.315011 -0.0297038 0.455071 1 5
2.24202 9.99979 -0.000190104 14.05 -0.00298099 0.310254 -0.00755856 0.207929 2 7
3.36602 9.9993 -0.000428583 14.0741 -0.00353147 0.301039 -0.00688096 0.208437 3 7
4.49195 9.9985 -0.000711101 14.0975 -0.00403028 0.29211 -0.00623521 0.172709 4 7
5.61974 9.99734 -0.00103352 14.1201 -0.00447991 0.283444 -0.00562038 0.212294 5 7
6.74935 9.99577 -0.00139192 14.1422 -0.00488275 0.275028 -0.00503552 0.174273 6 7
7.88072 9.99375 -0.00178254 14.1635 -0.00524113 0.266838 -0.0044797 0.173749 7 7
9.0138 9.99125 -0.00220183 14.1842 -0.00555729 0.258911 -0.00395201 0.181838 8 7
10.1485 9.98825 -0.00264641 14.2043 -0.0066287 0.251067 -0.0133927 0.17822 9 6
11.2849 9.98464 -0.00317671 14.2238 -0.00759914 0.24395 -0.0121304 0.203854 10 6
12.4228 9.98034 -0.00378464 14.2428 -0.00847346 0.237 -0.010929 0.28586 11 6
13.5622 9.97525 -0.00446252 14.2612 -0.00925639 0.230217 -0.00978661 0.182653 12 6
14.7031 9.96931 -0.00520303 14.2791 -0.0107475 0.223577 -0.0186387 0.184354 13 5
15.8454 9.96239 -0.00606283 14.2965 -0.0120931 0.217724 -0.0168204 0.190076 14 5
16.9891 9.95435 -0.00703027 14.3135 -0.0133004 0.211966 -0.015091 0.205205 15 5
18.1341 9.94508 -0.00809431 14.33 -0.0143762 0.206316 -0.0134477 0.189556 16 5
19.2804 9.93448 -0.0092444 14.3461 -0.0161212 0.201321 -0.0218129 0.211853 17 4
20.4281 9.92239 -0.0105341 14.3615 -0.016094 0.193369 0.000340655 0.217537 18 6
21.5769 9.90881 -0.0118216 14.3768 -0.0176123 0.191343 -0.0189794 0.188105 19 4
22.727 9.89359 -0.0132306 14.3914 -0.0173693 0.181973 0.00303783 0.17173 20 6
23.8781 9.87676 -0.0146202 14.4059 -0.0186849 0.181711 -0.016445 0.173122 21 4
25.0305 9.85819 -0.016115 14.4201 -0.0198426 0.17724 -0.0144706 0.173845 22 4
26.1839 9.83777 -0.0177024 14.4337 -0.0200546 0.169694 -0.00265073 0.201388 23 5
27.3384 9.81548 -0.0193067 14.4469 -0.0201883 0.164795 -0.00167093 0.177241 24 5
28.4939 9.7913 -0.0209218 14.46 -0.0210449 0.163722 -0.010708 0.207033 25 4
29.6504 9.76515 -0.0226054 14.4724 -0.0209727 0.155199 0.00090301 0.18822 26 5
30.8078 9.73704 -0.0242832 14.4844 -0.0208391 0.150585 0.00166993 0.187696 27 5
31.9662 9.70697 -0.0259503 14.4961 -0.0206484 0.146067 0.00238349 0.233099 28 5
33.1254 9.67497 -0.0276022 14.5079 -0.0212022 0.146747 -0.00692252 0.171784 29 4
34.2856 9.64097 -0.0292984 14.5188 -0.0208457 0.13696 0.00445654 0.18741 30 5
35.4465 9.60501 -0.030966 14.5292 -0.0204429 0.130427 0.00503452 0.331029 31 5
36.6082 9.56712 -0.0326015 14.5393 -0.0199991 0.125122 0.00554814 0.375054 32 5
37.7707 9.52735 -0.0342014 14.5489 -0.019518 0.119972 0.00601409 0.341689 33 5
38.9339 9.48573 -0.0357628 14.5583 -0.019008 0.117922 0.00637404 0.484581 34 5
40.0977 9.44232 -0.0372835 14.5673 -0.0184635 0.11214 0.00680697 0.379947 35 5
41.2622 9.39716 -0.0387606 14.5759 -0.0178842 0.108111 0.00724101 0.402819 36 5
42.4273 9.3503 -0.0401913 14.5843 -0.0172716 0.104833 0.00765712 0.325951 37 5
43.5931 9.30181 -0.041573 14.5922 -0.0158733 0.0988245 0.0174786 0.387381 38 6
44.7594 9.25181 -0.0428429 14.5999 -0.0145206 0.0957966 0.0169098 0.399704 39 6
45.9263 9.20043 -0.0440045 14.6073 -0.0139998 0.0926256 0.00650911 0.39737 40 5
47.0936 9.14772 -0.0451245 14.6149 -0.013472 0.0948191 0.00659837 0.240282 41 5
48.2616 9.09372 -0.0462023 14.6224 -0.0129299 0.0948429 0.00677564 0.202618 42 5
49.4301 9.03848 -0.0472367 14.6298 -0.012373 0.0917792 0.00696104 0.211378 43 5
50.5991 8.98206 -0.0482265 14.6369 -0.0118032 0.0883102 0.0071223 0.200694 44 5
51.7686 8.92451 -0.0491708 14.6436 -0.0112224 0.0847936 0.00726103 0.19306 45 5
52.9387 8.86588 -0.0500686 14.65 -0.010631 0.0800967 0.00739258 0.215451 46 5
54.1091 8.80623 -0.050919 14.6562 -0.0100312 0.0763059 0.00749634 0.343521 47 5
55.2801 8.74561 -0.0517215 14.6621 -0.00942644 0.0738144 0.00756001 0.277776 48 5
56.4514 8.68409 -0.0524757 14.6678 -0.00881867 0.0718594 0.00759722 0.335835 49 5
57.6232 8.62171 -0.0531811 14.6731 -0.0082035 0.06603 0.00768962 0.439289 50 5
58.7953 8.55855 -0.0538374 14.678 -0.00679648 0.0618458 0.0175878 0.33681 51 6
59.9678 8.49472 -0.0543811 14.6828 -0.00545435 0.0601292 0.0167766 0.338815 52 6
61.1407 8.43036 -0.0548175 14.6875 -0.00417547 0.058496 0.0159859 0.399969 53 6
62.3139 8.36559 -0.0551515 14.6921 -0.00295822 0.0568867 0.0152157 0.364883 54 6
63.4875 8.30052 -0.0553882 14.6965 -0.00180095 0.055337 0.0144658 0.376091 55 6
64.6614 8.23527 -0.0555323 14.7008 -0.000702068 0.0538349 0.0137361 0.438936 56 6
65.8356 8.16993 -0.0555884 14.7057 -0.000462754 0.0608683 0.00299143 0.412669 57 5
67.0103 8.10452 -0.0556255 14.7104 -0.000214382 0.0588417 0.00310465 0.433126 58 5
68.1853 8.03907 -0.0556426 14.7149 4.16975e-05 0.0568628 0.00320099 0.30648 59 5
69.3606 7.97361 -0.0556393 14.7193 0.000304209 0.0549674 0.0032814 0.385617 60 5
70.5364 7.90815 -0.0556149 14.7236 0.00057195 0.0531316 0.00334676 0.23726 61 5
71.7124 7.84273 -0.0555692 14.7277 0.000843784 0.0513554 0.00339793 0.255682 62 5
72.8888 7.77737 -0.0555017 14.7309 0.000902289 0.040555 0.00073131 0.264012 63 4
74.0655 7.71208 -0.0554295 14.7348 0.00119649 0.0481844 0.00367748 0.263706 64 5
75.2425 7.64689 -0.0553338 14.7385 0.00149097 0.046587 0.00368099 0.299273 65 5
76.4198 7.58182 -0.0552145 14.7421 0.00178487 0.0450373 0.00367375 0.304257 66 5
77.5974 7.5169 -0.0550717 14.7456 0.00207738 0.0435472 0.00365644 0.318217 67 5
78.7752 7.45217 -0.0549055 14.7481 0.00233787 0.0315309 0.0032561 0.34696 68 4
79.9533 7.38764 -0.0547185 14.7525 0.00294194 0.0546932 0.00755087 0.563828 69 4
81.1318 7.32337 -0.0544831 14.7543 0.00481036 0.0220537 0.0233552 0.394266 70 7
82.3104 7.25955 -0.0540983 14.7561 0.00654705 0.022471 0.0217086 0.279698 71 7
83.4892 7.19633 -0.0535745 14.7579 0.0081573 0.0228286 0.0201281 0.406264 72 7
84.6681 7.13388 -0.052922 14.7628 0.00871187 0.0616789 0.00693218 0.379842 73 4
85.8476 7.07223 -0.052225 14.7646 0.0101596 0.0216722 0.0180966 0.427674 74 7
87.0272 7.01153 -0.0514122 14.7667 0.0104312 0.0269175 0.00339531 0.345104 75 4
88.207 6.95181 -0.0505777 14.77 0.0105501 0.041008 0.00148593 0.348307 76 4
89.3871 6.89306 -0.0497337 14.7716 0.0118445 0.0204325 0.0161797 0.291717 77 7
90.5675 6.83544 -0.0487862 14.7748 0.0117345 0.0393391 -0.00137419 0.31254 78 4
91.7481 6.7789 -0.0478474 14.7763 0.0129201 0.0196457 0.0148202 0.285343 79 7
92.9289 6.72358 -0.0468138 14.7779 0.0140016 0.019896 0.0135188 0.377699 80 7
94.1099 6.66958 -0.0456937 14.7795 0.0149837 0.0200868 0.0122751 0.173773 81 7
95.2911 6.61699 -0.044495 14.7826 0.0144152 0.0387907 -0.00710569 0.301735 82 3
96.4726 6.56575 -0.0433418 14.7771 0.0137255 -0.0696898 -0.00862158 0.199302 83 4
97.6537 6.51583 -0.0422437 14.7788 0.0146751 0.0211 0.0118706 0.210497 84 7
98.835 6.46728 -0.0410697 14.7805 0.0155315 0.0211835 0.0107044 0.30709 85 7
100.017 6.4202 -0.0398272 14.7822 0.0162989 0.0212073 0.00959233 0.344839 86 7
101.198 6.37466 -0.0385233 14.7838 0.0169815 0.0211954 0.00853287 0.297962 87 7
102.38 6.33071 -0.0371648 14.7855 0.0175834 0.0211477 0.00752446 0.309514 88 7
103.562 6.28842 -0.0357581 14.7872 0.0181087 0.0210762 0.0065655 0.38928 89 7
104.744 6.24784 -0.0343094 14.7889 0.018561 0.0209451 0.00565455 0.332355 90 7
105.927 6.20902 -0.0328245 14.7906 0.0189443 0.0207901 0.00479005 0.409967 91 7
107.11 6.17198 -0.031309 14.7922 0.0192619 0.0205874 0.00397062 0.388877 92 7
108.292 6.13675 -0.029768 14.796 0.0180794 0.0478506 -0.0147809 0.287026 93 4
109.476 6.10324 -0.0283217 14.8009 0.017377 0.0610709 -0.00878025 0.263154 94 4
110.659 6.07135 -0.0269315 14.794 0.0160622 -0.0862718 -0.0164348 0.31625 95 4
111.842 6.041 -0.0256465 14.7834 0.0146691 -0.133157 -0.0174141 0.182541 96 4
113.025 6.01206 -0.024473 14.7722 0.0133871 -0.139475 -0.0160252 0.176385 97 4
114.206 5.98441 -0.023402 14.7757 0.00984108 0.0434875 -0.0443251 0.322593 98 1
115.388 5.95768 -0.0226147 14.7839 0.00698543 0.103045 -0.0356957 0.374888 99 1
116.57 5.93159 -0.0220559 14.7898 0.00451335 0.0738978 -0.0309009 0.380416 100 1
117.753 5.90593 -0.0216948 14.7882 0.00203191 -0.0207067 -0.031018 0.397539 101 1
118.936 5.88045 -0.0215323 14.7918 0.000496625 0.0455499 -0.0191911 0.37508 102 1
120.119 5.85502 -0.0214926 14.754 9.76159e-05 -0.473225 -0.00498762 0.416641 103 4
121.299 5.82967 -0.0214847 14.7438 -0.00220856 -0.126827 -0.0288272 0.374306 104 1
122.478 5.80412 -0.0216614 14.7145 -0.00229812 -0.367081 -0.0011195 0.359137 105 4
123.655 5.77841 -0.0218453 14.7052 -0.00456803 -0.116014 -0.0283738 0.363402 106 1
124.831 5.75228 -0.0222107 14.699 -0.00229984 -0.0777483 0.0283524 0.32824 107 7
126.007 5.72595 -0.0223947 14.7008 -0.00035136 0.023067 0.0243559 0.382066 108 7
127.183 5.69958 -0.0224228 14.7032 -0.00321805 0.0298619 -0.0358336 0.391289 109 1
128.359 5.6729 -0.0226803 14.7153 -0.0062884 0.150967 -0.0383794 0.613255 110 0
129.536 5.64561 -0.0231833 14.7261 -0.00919093 0.135505 -0.0362817 0.387593 111 0
130.713 5.61744 -0.0239186 14.7386 -0.0117005 0.156152 -0.031369 0.434614 112 0
131.892 5.58813 -0.0248546 14.7488 -0.0140368 0.127614 -0.0292039 0.367909 113 0
133.072 5.55749 -0.0259776 14.7607 -0.0159906 0.148785 -0.0244235 0.382033 114 0
134.252 5.5253 -0.0272568 14.7714 -0.0177409 0.133979 -0.021878 0.398064 115 0
135.433 5.49142 -0.0286761 14.7812 -0.0194767 0.121784 -0.0216981 0.46312 116 0
136.615 5.45568 -0.0302342 14.7892 -0.0211075 0.0997186 -0.0203848 0.378003 117 0
137.798 5.41791 -0.0319228 14.7923 -0.0226526 0.0395536 -0.0193135 0.48648 118 0
138.98 5.378 -0.0337351 14.7927 -0.0242583 0.00520945 -0.0200718 0.520785 119 5
140.163 5.33579 -0.0356757 14.7561 -0.0267778 -0.457585 -0.0314934 0.511316 120 0
141.343 5.29116 -0.0378179 14.7506 -0.0303035 -0.0696182 -0.0440718 0.394923 121 0
142.522 5.24368 -0.0402422 14.7619 -0.0345449 0.141299 -0.0530171 0.442637 122 0
143.702 5.19291 -0.0430058 14.7618 -0.034834 -0.000679493 -0.00361335 0.36706 123 5
144.881 5.13885 -0.0457925 14.7417 -0.0354565 -0.251997 -0.00778092 0.474179 124 5
146.059 5.08152 -0.0486291 14.7131 -0.0361332 -0.356483 -0.00845972 0.404543 125 5
147.235 5.02091 -0.0515197 14.7005 -0.0418823 -0.158465 -0.0718633 0.434195 126 0
148.409 4.95641 -0.0548703 14.6927 -0.0471172 -0.0970244 -0.0654369 0.387536 127 0
149.583 4.88752 -0.0586397 14.6946 -0.0516781 0.0243187 -0.0570104 0.445392 128 0
150.756 4.81378 -0.0627739 14.7047 -0.0555984 0.125885 -0.0490036 0.457002 129 0
151.93 4.73476 -0.0672218 14.7323 -0.0588129 0.344741 -0.0401823 0.398752 130 0
153.105 4.65006 -0.0719268 14.7461 -0.0614239 0.172448 -0.0326364 0.340296 131 0
154.281 4.5595 -0.0768407 14.755 -0.0617403 0.111663 -0.00395589 0.273481 132 0
155.458 4.46308 -0.08178 14.7642 -0.0617747 0.114632 -0.000429805 0.371976 133 0
156.634 4.36077 -0.0867219 14.774 -0.0614392 0.12269 0.00419356 0.396607 134 1
157.811 4.25262 -0.0916371 14.7866 -0.0599047 0.157797 0.019182 0.382281 135 0
158.989 4.13872 -0.0964295 14.7991 -0.0586824 0.15564 0.0152779 0.358017 136 0
160.167 4.0192 -0.101124 14.8262 -0.0577416 0.338912 0.0117602 0.343324 137 0
161.346 3.89402 -0.105743 14.8518 -0.0570095 0.320363 0.00915183 0.339296 138 0
162.527 3.76322 -0.110304 14.8866 -0.0556344 0.43416 0.0171884 0.371462 139 0
163.71 3.62686 -0.114755 14.9577 -0.0548548 0.889909 0.00974452 0.431622 140 1
164.898 3.48463 -0.119143 15.0006 -0.0533225 0.535166 0.0191545 0.437413 141 0
166.089 3.33691 -0.123409 15.0456 -0.051492 0.562572 0.0228807 0.544934 142 0
167.283 3.18382 -0.127528 15.0839 -0.0500325 0.478733 0.0182439 0.437774 143 0
168.479 3.02556 -0.131531 15.1211 -0.0493912 0.465679 0.00801682 0.483161 144 0
169.678 2.86217 -0.135482 15.1592 -0.0495073 0.475585 -0.00145193 0.499566 145 0
170.879 2.69361 -0.139443 15.1863 -0.0512164 0.338864 -0.021364 0.408118 146 0
172.081 2.51982 -0.14354 14.962 -0.0307588 -2.80287 0.25572 0.515353 147 4
173.266 2.34568 -0.146001 14.758 -0.0144236 -2.55024 0.204191 0.506015 148 4
174.433 2.17257 -0.147155 14.5996 0.00344761 -1.98095 0.22339 0.683121 149 6
175.589 2.00164 -0.146879 14.4278 0.019569 -2.14671 0.201518 0.51198 150 2
176.731 1.83451 -0.145313 14.3133 0.0366719 -1.43142 0.213786 0.542988 151 5
177.864 1.67202 -0.14238 14.1981 0.0534086 -1.43952 0.209208 0.631292 152 5
178.989 1.51565 -0.138107 14.1148 0.0693604 -1.04131 0.199398 0.56642 153 4
180.109 1.36641 -0.132558 14.0104 0.0770333 -1.30579 0.0959119 0.533236 154 2
181.221 1.22512 -0.126396 13.927 0.089724 -1.04189 0.158633 0.545945 155 5
182.327 1.0926 -0.119218 13.8423 0.0997934 -1.05946 0.125867 0.575884 156 6
183.427 0.969677 -0.111234 13.7461 0.103153 -1.20189 0.0419903 0.426406 157 2
184.521 0.856629 -0.102982 13.6733 0.110614 -0.910211 0.0932727 0.523978 158 7
185.61 0.753813 -0.0941328 13.5956 0.118237 -0.97177 0.0952781 0.710806 159 6
186.694 0.661828 -0.0846739 13.538 0.122955 -0.718856 0.0589851 0.726655 160 7
187.774 0.580851 -0.0748374 13.4837 0.130328 -0.679207 0.092156 0.783463 161 4
188.851 0.511419 -0.0644112 13.441 0.133443 -0.534248 0.0389421 0.819155 162 7
189.924 0.453666 -0.0537357 13.4018 0.137828 -0.48914 0.0548111 0.787919 163 5
190.995 0.407889 -0.0427095 13.3503 0.141437 -0.644064 0.0451114 0.809318 164 7
192.063 0.374364 -0.0313945 13.3045 0.136375 -0.572658 -0.0632744 0.95062 165 2
193.127 0.352563 -0.0204845 13.273 0.130705 -0.394106 -0.070871 0.916222 166 2
194.189 0.341915 -0.0100281 13.2575 0.125926 -0.193965 -0.0597458 0.907154 167 1
195.249 0.341964 4.59966e-05 13.2294 0.119358 -0.350058 -0.0821036 0.908643 168 2
196.308 0.352118 0.0095946 13.2041 0.113224 -0.317049 -0.0766684 0.902957 169 2
197.364 0.37182 0.0186525 13.1676 0.107671 -0.456285 -0.0694185 0.866577 170 2
198.417 0.400539 0.0272662 13.1353 0.103018 -0.404108 -0.0581553 0.871055 171 1
199.467 0.437843 0.0355076 13.1047 0.0970693 -0.38209 -0.0743603 0.920713 172 2
200.514 0.483196 0.0432732 13.072 0.0907859 -0.408757 -0.0785423 0.880221 173 2
201.559 0.536022 0.050536 13.0786 0.0850599 0.0827432 -0.0715749 0.882261 174 0
202.603 0.595984 0.0573408 12.9968 0.0788988 -1.02209 -0.0770142 0.896102 175 2
203.641 0.662122 0.0636527 12.9924 0.0733446 -0.0552893 -0.0694271 0.893759 176 0
204.678 0.734322 0.0695203 12.9442 0.0772865 -0.602245 0.0492742 0.818094 177 7
205.711 0.812641 0.0757032 12.9152 0.0801322 -0.36335 0.0355705 0.895392 178 7
206.74 0.897387 0.0821138 12.8835 0.0716132 -0.395346 -0.106487 0.848335 179 0
207.767 0.987809 0.0878429 12.8717 0.0737564 -0.147605 0.0267897 0.837653 180 7
208.792 1.0842 0.0937434 12.8582 0.0756107 -0.169039 0.0231785 0.778608 181 7
209.816 1.18668 0.0997922 12.8453 0.0763686 -0.16166 0.00947481 0.876298 182 7
210.838 1.2953 0.105902 12.7556 0.0599426 -1.12062 -0.205326 0.392171 183 5
211.852 1.40803 0.110697 12.661 0.043283 -1.18326 -0.208245 0.467127 184 5
212.858 1.52341 0.11416 12.5906 0.0297994 -0.87955 -0.168545 0.320133 185 4
213.859 1.64054 0.116544 12.5208 0.014832 -0.872934 -0.187093 0.394503 186 6
214.853 1.75819 0.11773 12.47 0.000988632 -0.634801 -0.173042 0.409894 187 6
215.844 1.87544 0.117809 12.4624 -0.0111506 -0.0942707 -0.15174 0.514666 188 7
216.834 1.99174 0.116917 12.4692 -0.0223713 0.0840545 -0.14026 0.616874 189 7
217.825 2.10633 0.115128 12.4605 -0.0320297 -0.108576 -0.12073 0.636065 190 6
218.816 2.21831 0.112565 12.4805 -0.0368138 0.249672 -0.0598011 0.641644 191 4
219.808 2.32754 0.10962 12.5254 -0.0439916 0.561297 -0.0897229 0.724573 192 7
220.804 2.43365 0.106101 12.2054 -0.0632189 -4 -0.240341 0.780553 193 2
221.776 2.53215 0.101043 11.8854 -0.0800268 -4 -0.210098 0.801796 194 2
222.722 2.622 0.0946411 11.5654 -0.0947989 -4 -0.184652 0.817813 195 0
223.644 2.70245 0.0870572 11.5802 -0.0935437 0.185382 0.0156904 0.803195 196 6
224.568 2.77609 0.0795737 11.6445 -0.092125 0.804436 0.0177334 0.894375 197 6
225.497 2.84329 0.0722037 11.7153 -0.0908605 0.883997 0.0158068 0.798844 198 6
226.432 2.90411 0.0649349 11.7565 -0.0885792 0.515568 0.0285152 0.857187 199 5
227.371 2.95848 0.0578486 11.8599 -0.0873193 1.2924 0.0157493 0.818197 200 7
228.319 3.00672 0.050863 11.961 -0.0865814 1.26387 0.00922354 0.878782 201 7
229.274 3.04875 0.0439365 12.0549 -0.08589 1.17365 0.00864202 0.805544 202 7
230.238 3.08449 0.0370653 12.1508 -0.0836071 1.19872 0.0285374 0.831319 203 0
231.21 3.11401 0.0303767 12.2463 -0.082693 1.19352 0.0114258 0.81381 204 7
232.189 3.13729 0.0237613 12.3396 -0.0771689 1.1663 0.0690511 0.810331 205 3
233.176 3.15465 0.0175878 12.437 -0.076186 1.2182 0.0122866 0.79766 206 7
234.171 3.16608 0.0114929 12.5384 -0.0742209 1.26693 0.024564 0.84778 207 5
235.174 3.17166 0.00555523 12.6561 -0.0720151 1.47095 0.0275724 0.770035 208 5
236.187 3.17145 -0.000205979 12.7705 -0.0696108 1.43026 0.0300536 0.855296 209 0
237.208 3.16555 -0.00577484 12.8525 -0.0668713 1.02558 0.0342438 0.713248 210 1
238.236 3.15411 -0.0111245 12.9296 -0.0643624 0.963366 0.0313614 0.771868 211 1
239.271 3.13728 -0.0162735 13.0041 -0.0627761 0.931013 0.0198278 0.737004 212 0
240.311 3.11513 -0.0212956 13.072 -0.060507 0.849473 0.0283642 0.352735 213 1
241.356 3.0878 -0.0261362 13.1375 -0.0583146 0.818276 0.0274052 0.404996 214 1
242.407 3.05543 -0.0308014 13.2036 -0.0553739 0.826168 0.0367585 0.299154 215 2
243.462 3.01822 -0.0352313 13.2664 -0.0541165 0.785375 0.0157173 0.369948 216 0
244.523 2.97625 -0.0395606 13.3262 -0.0528488 0.747228 0.0158465 0.361629 217 0
245.588 2.92958 -0.0437885 13.3852 -0.0508323 0.73688 0.0252059 0.408192 218 2
246.657 2.87835 -0.0478551 13.4338 -0.0502545 0.607896 0.00722362 0.524854 219 0
247.731 2.82263 -0.0518754 13.4761 -0.0497809 0.529456 0.00591963 0.682074 220 1
248.807 2.76244 -0.0558579 13.5145 -0.0490786 0.479805 0.00877902 0.684603 221 2
249.886 2.69784 -0.0597842 13.555 -0.048667 0.506055 0.005145 0.639896 222 0
250.969 2.62884 -0.0636776 13.5945 -0.0479409 0.493717 0.00907537 0.535007 223 0
252.054 2.55547 -0.0675128 13.6318 -0.0471539 0.465989 0.00983742 0.809679 224 0
253.141 2.47779 -0.0712851 13.6672 -0.0462874 0.442696 0.0108314 0.817655 225 0
254.232 2.39588 -0.0749881 13.3472 -0.0299004 -4 0.204838 0.810032 226 2
255.296 2.31334 -0.0773802 13.0272 -0.0188975 -4 0.137536 0.845775 227 5
256.335 2.2312 -0.078892 12.7072 -0.00783292 -4 0.138307 1.39582 228 4
257.349 2.15045 -0.0795186 12.7662 -0.0101595 0.73688 -0.0290826 0.698846 229 0
258.367 2.0685 -0.0803314 12.8244 -0.0117034 0.727618 -0.0192983 0.598809 230 1
259.389 1.98521 -0.0812676 12.8805 -0.0120038 0.701964 -0.00375542 0.438041 231 3
260.416 1.90058 -0.0822279 12.937 -0.0134561 0.706363 -0.0181534 0.382418 232 0
261.448 1.81446 -0.0833044 12.9912 -0.0140559 0.676644 -0.00749771 0.504644 233 1
262.483 1.72682 -0.0844289 13.0457 -0.014964 0.681865 -0.0113506 0.59422 234 0
263.523 1.63756 -0.085626 13.0973 -0.0142504 0.6446 0.00891988 0.737801 235 3
264.567 1.54677 -0.086766 12.7773 -0.000479503 -4 0.172136 0.880781 236 3
265.585 1.45815 -0.0868044 12.8355 -0.00205731 0.727832 -0.0197226 0.752203 237 1
266.608 1.36896 -0.086969 12.8934 -0.00403853 0.72304 -0.0247652 0.848119 238 0
267.636 1.27903 -0.0872921 12.9498 -0.00573861 0.705206 -0.0212511 0.821337 239 0
268.668 1.18824 -0.0877512 13.0062 -0.00691128 0.705743 -0.0146583 0.837706 240 0
269.704 1.09648 -0.0883041 13.0636 -0.00709793 0.717556 -0.00233308 0.882984 241 0
270.745 1.00372 -0.0888719 13.1183 -0.00644006 0.682676 0.0082234 0.880479 242 1
271.79 0.910039 -0.0893871 13.1712 -0.0057776 0.661659 0.00828072 0.772916 243 1
272.84 0.815493 -0.0898493 13.2235 -0.00588932 0.654042 -0.00139646 0.86002 244 0
273.893 0.720074 -0.0903205 13.2742 -0.00593936 0.633729 -0.000625546 0.897023 245 0
274.951 0.623788 -0.0907956 13.3233 -0.00593187 0.614011 9.36503e-05 0.798627 246 0
276.012 0.526641 -0.0912702 13.3701 -0.00701377 0.585163 -0.0135237 0.923609 247 0
277.077 0.428555 -0.0918313 13.4158 -0.00797842 0.570464 -0.0120582 0.851964 248 0
278.146 0.329452 -0.0924695 13.1279 0.00983856 -3.59885 0.222712 0.902867 249 3
279.192 0.2333 -0.0916824 12.8678 0.0268498 -3.25028 0.21264 0.912751 250 3
280.217 0.141253 -0.0895345 12.8679 0.023871 0.000500679 -0.0372342 1.00719 251 1
281.243 0.0511652 -0.0876248 12.6252 0.046493 -3.03302 0.282775 0.988935 252 2
282.249 -0.0334815 -0.0839053 12.7125 0.0373912 1.09098 -0.113773 1.79174 253 4
283.263 -0.115681 -0.0809141 12.8448 0.0299417 1.65296 -0.0931182 1.06585 254 6
284.287 -0.196283 -0.0785187 12.9806 0.0224916 1.69754 -0.0931263 1.04304 255 4
285.323 -0.275874 -0.0767194 13.0421 0.0166508 0.768614 -0.07301 1.97459 256 2
286.363 -0.354456 -0.0753873 12.7368 0.0435342 -3.81621 0.336042 1.17867 257 0
287.379 -0.427659 -0.0719046 12.4605 0.0628003 -3.45303 0.240826 0.976601 258 0
288.374 -0.494279 -0.0668806 12.2091 0.0764634 -3.1422 0.170789 1.01361 259 2
