1.12 10 0 14.0256 1.8037e-19 0.319827 2.25463e-18 0.750406 1 10
2.24205 10 1.44296e-20 14.0504 3.49549e-19 0.310206 2.11473e-18 0.356551 2 10
3.36608 10 4.23935e-20 14.0745 5.10599e-19 0.300896 2.01313e-18 0.313309 3 10
4.49204 10 8.32415e-20 14.0978 6.66497e-19 0.291836 1.94873e-18 0.391749 4 10
5.61986 10 1.36561e-19 14.1205 8.08617e-19 0.283086 1.7765e-18 0.2879 5 10
6.7495 10 2.01251e-19 14.1424 9.40775e-19 0.274563 1.65197e-18 0.313357 6 10
7.88089 10 2.76513e-19 14.1637 1.08519e-18 0.266325 1.8052e-18 0.293079 7 10
9.01399 10 3.63328e-19 14.1844 1.26163e-18 0.258327 2.20547e-18 0.342427 8 10
10.1487 10 4.64258e-19 14.2044 1.40764e-18 0.250554 1.82513e-18 0.332886 9 10
11.2851 10 5.7687e-19 14.2239 1.49307e-18 0.243032 1.06784e-18 0.316398 10 10
12.423 10 6.96315e-19 14.2427 1.53752e-18 0.235713 5.5563e-19 0.310272 11 10
13.5624 10 8.19316e-19 14.261 1.56228e-18 0.228643 3.09527e-19 0.370835 12 10
14.7033 10 9.44299e-19 14.2787 -0.000797138 0.221241 -0.00996423 0.382007 13 9
15.8456 9.99993 -6.3771e-05 14.2958 -0.00232748 0.213254 -0.0191293 0.463578 14 8
16.9893 9.99964 -0.00024997 14.3125 -0.00293731 0.208604 -0.00762281 0.327491 15 9
18.1343 9.99909 -0.000484954 14.3286 -0.0042894 0.201452 -0.0169012 0.306342 16 8
19.2806 9.99814 -0.000828107 14.3443 -0.0047286 0.196624 -0.00548995 0.315443 17 9
20.4281 9.99675 -0.00120639 14.3594 -0.0067145 0.188637 -0.0248238 0.358185 18 7
21.5769 9.99475 -0.00174355 14.3742 -0.00852933 0.184143 -0.0226854 0.346978 19 7
22.7268 9.99196 -0.0024259 14.3885 -0.0101811 0.179684 -0.0206467 0.30425 20 7
23.8779 9.98823 -0.00324039 14.4025 -0.0124718 0.173986 -0.0286341 0.332093 21 6
25.0301 9.98335 -0.00423813 14.4161 -0.0129598 0.170994 -0.0061 0.331411 22 8
26.1833 9.97726 -0.00527491 14.4294 -0.0149659 0.166261 -0.0250757 0.317221 23 6
27.3377 9.96979 -0.00647218 14.4425 -0.0167751 0.162888 -0.0226158 0.31128 24 6
28.493 9.96076 -0.00781419 14.4552 -0.0183972 0.159478 -0.0202767 0.300933 25 6
29.6494 9.95003 -0.00928597 14.4677 -0.0198416 0.156021 -0.0180545 0.42208 26 6
30.8067 9.93744 -0.0108733 14.4799 -0.0211172 0.15254 -0.0159454 0.335559 27 6
31.965 9.92289 -0.0125627 14.4919 -0.0230265 0.150371 -0.0238656 0.452036 28 5
33.1243 9.90619 -0.0144048 14.5036 -0.0239273 0.145769 -0.0112596 0.475994 29 6
34.2844 9.88725 -0.016319 14.5147 -0.0238904 0.138485 0.000460632 0.409113 30 7
35.4454 9.86609 -0.0182302 14.5252 -0.0237805 0.132132 0.0013734 0.621007 31 7
36.6072 9.8427 -0.0201327 14.5354 -0.023604 0.127018 0.002207 0.622241 32 7
37.7697 9.81709 -0.022021 14.5451 -0.0225749 0.121379 0.0128633 0.604856 33 8
38.933 9.78937 -0.023827 14.5547 -0.0223477 0.120091 0.00284058 0.511399 34 7
40.097 9.75955 -0.0256148 14.5639 -0.0220606 0.114441 0.00358813 0.617214 35 7
41.2617 9.72765 -0.0273796 14.5727 -0.0209361 0.109935 0.014056 0.588628 36 8
42.427 9.69378 -0.0290545 14.5812 -0.019829 0.106466 0.0138386 0.650676 37 8
43.5929 9.65804 -0.0306408 14.5894 -0.0187402 0.103128 0.0136105 0.55465 38 8
44.7595 9.62054 -0.0321401 14.5974 -0.0176704 0.0998735 0.0133727 0.565893 39 8
45.9266 9.58136 -0.0335537 14.6052 -0.0166203 0.0967383 0.0131261 0.530366 40 8
47.0943 9.54061 -0.0348833 14.6129 -0.0163887 0.0972271 0.00289525 0.421347 41 7
48.2626 9.49831 -0.0361944 14.6207 -0.016117 0.0972629 0.00339621 0.399215 42 7
49.4314 9.45448 -0.0374838 14.6283 -0.0158057 0.0941992 0.0038913 0.362266 43 7
50.6008 9.40914 -0.0387482 14.6355 -0.0154578 0.0907421 0.00434826 0.43047 44 7
51.7707 9.36234 -0.0399848 14.6425 -0.0150763 0.0872016 0.00476902 0.345891 45 7
52.9411 9.3141 -0.0411909 14.6491 -0.0146627 0.0824809 0.00516938 0.46457 46 7
54.112 9.26447 -0.042364 14.6551 -0.0134231 0.0750184 0.0154957 0.493225 47 8
55.2833 9.21356 -0.0434378 14.6612 -0.0130201 0.0763416 0.00503769 0.58912 48 7
56.4551 9.16141 -0.0444794 14.6672 -0.0125927 0.074327 0.00534244 0.784515 49 7
57.6272 9.10805 -0.0454868 14.6726 -0.0121375 0.0684381 0.00568931 0.525276 50 7
58.7998 9.05354 -0.0464578 14.6778 -0.0108712 0.0650525 0.0158286 0.649114 51 8
59.9727 8.99798 -0.0473275 14.6829 -0.00965142 0.0630856 0.0152478 0.608051 52 8
61.1459 8.94151 -0.0480997 14.6878 -0.00847737 0.0611782 0.0146757 0.53602 53 8
62.3196 8.88422 -0.0487778 14.6925 -0.00734836 0.0593424 0.0141126 0.489291 54 8
63.4935 8.82621 -0.0493657 14.6971 -0.00626365 0.0575662 0.0135589 0.703038 55 8
64.6678 8.76761 -0.0498668 14.7016 -0.00522246 0.0558496 0.0130148 0.622481 56 8
65.8425 8.70849 -0.0502846 14.7066 -0.00502669 0.0622511 0.00244707 0.712255 57 7
67.0175 8.64888 -0.0506867 14.7114 -0.00480864 0.0601411 0.00272562 0.581942 58 7
68.1929 8.5888 -0.0510714 14.716 -0.00457042 0.0581145 0.00297774 0.652979 59 7
69.3686 8.52827 -0.0514371 14.7205 -0.00431405 0.0561476 0.00320466 0.523565 60 7
70.5447 8.46732 -0.0517822 14.7249 -0.00404144 0.0542521 0.00340762 0.452683 61 7
71.7211 8.40597 -0.0521055 14.7291 -0.00375442 0.0524044 0.00358777 0.464417 62 7
72.8978 8.34424 -0.0524059 14.7331 -0.00345472 0.0506043 0.00374626 0.505227 63 7
74.0748 8.28218 -0.0526822 14.737 -0.00314398 0.0488758 0.0038842 0.481069 64 7
75.2521 8.2198 -0.0529337 14.7408 -0.00282377 0.0472069 0.00400265 0.620094 65 7
76.4297 8.15714 -0.0531597 14.7444 -0.00249556 0.0455856 0.00410264 0.511769 66 7
77.6076 8.09423 -0.0533593 14.748 -0.00216075 0.0440359 0.00418517 0.460678 67 7
78.7857 8.0311 -0.0535322 14.7507 -0.00101711 0.0340581 0.0142955 0.47122 68 8
79.9641 7.96786 -0.0536135 14.7533 6.62203e-05 0.0332356 0.0135416 0.585401 69 8
81.1426 7.90462 -0.0536082 14.7591 0.000953928 0.0717998 0.0110963 0.595155 70 6
82.3217 7.84145 -0.0535319 14.7608 0.00273668 0.0213146 0.0222844 0.508483 71 9
83.5009 7.77852 -0.053313 14.7634 0.00332773 0.0329614 0.00738803 0.585291 72 7
84.6803 7.7159 -0.0530468 14.7643 0.00576392 0.011003 0.0304525 0.633627 73 10
85.8598 7.65382 -0.0525856 14.7661 0.00721834 0.0217557 0.0181802 0.638477 74 9
87.0395 7.59241 -0.0520082 14.7671 0.00936857 0.0130057 0.0268778 0.551969 75 10
88.2193 7.53188 -0.0512587 14.7682 0.0113517 0.014317 0.0247895 0.590454 76 10
89.3993 7.47242 -0.0503506 14.7716 0.0109552 0.0422955 -0.00495696 0.458976 77 6
90.5795 7.41397 -0.0494741 14.7728 0.0128035 0.0142217 0.0231037 0.467615 78 10
91.76 7.35674 -0.0484499 14.7788 0.0120168 0.0756145 -0.00983279 0.582134 79 5
92.9409 7.30061 -0.0474885 14.7835 0.0112277 0.0579953 -0.00986424 0.629276 80 5
94.1223 7.24553 -0.0465903 14.7849 0.0114203 0.0182986 0.00240764 0.589326 81 8
95.3039 7.19152 -0.0456767 14.7792 0.0133812 -0.0714302 0.0245115 0.544804 82 10
96.4851 7.1388 -0.0446062 14.7751 0.0150168 -0.0511169 0.020445 0.507788 83 10
97.666 7.08751 -0.0434048 14.7765 0.016479 0.0174642 0.0182769 0.526107 84 10
98.847 7.03778 -0.0420865 14.778 0.0178039 0.0182629 0.0165609 0.461673 85 10
100.028 6.98972 -0.0406622 14.7816 0.0165849 0.0450492 -0.0152369 0.696589 86 6
101.21 6.94321 -0.0393354 14.783 0.0178477 0.0174046 0.015785 0.654359 87 10
102.392 6.8984 -0.0379076 14.7844 0.018983 0.0180602 0.0141909 0.638544 88 10
103.574 6.85537 -0.036389 14.7862 0.0191929 0.0229359 0.00262363 0.522261 89 9
104.756 6.81415 -0.0348535 14.7881 0.0193517 0.0225782 0.00198476 0.584347 90 9
105.938 6.77475 -0.0333054 14.7895 0.0202662 0.0184298 0.0114319 0.666297 91 10
107.121 6.73727 -0.0316841 14.7913 0.0202666 0.0221372 4.33065e-06 0.53395 92 9
108.304 6.7017 -0.0300628 14.7953 0.0184895 0.0495315 -0.0222137 0.590713 93 6
109.487 6.66787 -0.0285836 14.7957 0.0193581 0.00578165 0.0108576 0.602085 94 10
110.67 6.63588 -0.027035 14.7913 0.0201496 -0.0555038 0.00989432 0.66187 95 10
111.853 6.6058 -0.025423 14.7799 0.0179088 -0.142145 -0.0280104 0.505223 96 6
113.035 6.57743 -0.0239903 14.7785 0.0187167 -0.0174642 0.0100989 0.48759 97 10
114.217 6.55084 -0.022493 14.7657 0.0165473 -0.160432 -0.0271174 0.535328 98 6
115.398 6.52584 -0.0211692 14.7767 0.0119525 0.137711 -0.0574357 0.593399 99 1
116.58 6.50195 -0.020213 14.789 0.00784111 0.153625 -0.0513918 0.652217 100 1
117.763 6.47878 -0.0195857 14.7977 0.0039447 0.108635 -0.0487051 0.594372 101 1
118.946 6.45597 -0.0192701 14.7974 0.00125556 -0.0033021 -0.0336143 0.6152 102 2
120.13 6.43327 -0.0191697 14.7905 -0.0017028 -0.0868678 -0.0369795 0.768536 103 2
121.313 6.41043 -0.0193059 14.7771 -0.00462009 -0.167203 -0.0364662 0.757199 104 2
122.495 6.38717 -0.0196755 14.7469 -0.00500118 -0.377798 -0.00476363 0.533592 105 6
123.674 6.36349 -0.0200756 14.7333 -0.00778897 -0.169349 -0.0348473 0.510684 106 2
124.853 6.3391 -0.0206987 14.7265 -0.00571718 -0.0851154 0.0258973 0.55735 107 9
126.031 6.31417 -0.0211561 14.7291 -0.00308634 0.0324249 0.0328855 0.646862 108 10
127.209 6.28896 -0.021403 14.7284 -0.00643566 -0.00927448 -0.0418664 0.786689 109 2
128.387 6.26313 -0.0219179 14.7287 -0.00956652 0.00400543 -0.0391359 0.831844 110 2
129.565 6.23641 -0.0226832 14.7381 -0.012751 0.117874 -0.0398059 0.797137 111 1
130.743 6.20846 -0.0237033 14.7542 -0.0159197 0.200939 -0.0396089 0.808009 112 0
131.923 6.17898 -0.0249768 14.7631 -0.0185172 0.11189 -0.0324681 0.706648 113 1
133.104 6.14774 -0.0264582 14.7787 -0.0209727 0.194013 -0.0306946 0.647939 114 0
134.286 6.11448 -0.028136 14.7875 -0.0228986 0.110865 -0.0240733 0.794826 115 1
135.468 6.07903 -0.0299679 14.7957 -0.0247279 0.102723 -0.0228665 0.759134 116 1
136.651 6.04123 -0.0319461 14.802 -0.0264109 0.0782967 -0.0210371 0.912864 117 1
137.835 6.0009 -0.034059 14.8127 -0.0283404 0.133801 -0.0241188 0.801993 118 0
139.019 5.95786 -0.0363262 14.8155 -0.0302122 0.0354528 -0.0233982 0.830805 119 0
140.203 5.91196 -0.0387432 14.8151 -0.0324507 -0.00543594 -0.0279811 0.693681 120 0
141.388 5.86297 -0.0413393 14.7976 -0.0357809 -0.21944 -0.041627 0.783084 121 1
142.57 5.81066 -0.0442018 14.7955 -0.0404675 -0.0252604 -0.0585821 0.654505 122 1
143.752 5.75453 -0.0474392 14.7664 -0.0406632 -0.364363 -0.00244682 0.729491 123 7
144.932 5.69468 -0.0506922 14.7798 -0.0422987 0.168085 -0.0204436 0.70172 124 8
146.113 5.63077 -0.0540761 14.7492 -0.0426494 -0.383186 -0.0043835 0.731473 125 7
147.291 5.56297 -0.0574881 14.7103 -0.0431539 -0.486016 -0.00630682 0.749611 126 7
148.466 5.4913 -0.0609404 14.7021 -0.048442 -0.102448 -0.0661008 0.737555 127 1
149.639 5.41512 -0.0648157 14.6967 -0.0533109 -0.0672817 -0.0608611 0.785055 128 1
150.812 5.33397 -0.0690806 14.7087 -0.0568923 0.149703 -0.0447676 0.750646 129 1
151.986 5.2474 -0.073632 14.7024 -0.0547235 -0.0783205 0.02711 0.639674 130 8
153.158 5.15574 -0.0780099 14.7237 -0.0561444 0.265753 -0.0177619 0.657001 131 0
154.332 5.05867 -0.0825014 14.7281 -0.0570826 0.0548482 -0.0117271 0.795123 132 1
155.506 4.95621 -0.087068 14.7475 -0.0587382 0.242615 -0.0206954 0.605297 133 3
156.681 4.8481 -0.0917671 14.751 -0.0582061 0.044179 0.00665169 0.797227 134 1
157.855 4.73449 -0.0964236 14.7634 -0.0571458 0.154519 0.0132538 0.763808 135 0
159.03 4.61541 -0.100995 14.7732 -0.0563045 0.122249 0.0105169 0.670428 136 0
160.206 4.49095 -0.1055 14.7848 -0.0555401 0.146019 0.00955411 0.724836 137 0
161.381 4.36118 -0.109943 14.8018 -0.0547103 0.212336 0.0103726 0.761945 138 0
162.558 4.2261 -0.11432 14.824 -0.0535935 0.277555 0.0139607 0.829325 139 0
163.735 4.08577 -0.118607 14.8458 -0.0523595 0.272036 0.0154248 0.721978 140 0
164.914 3.9403 -0.122796 14.8755 -0.0517208 0.370729 0.00798386 0.863687 141 1
166.095 3.78965 -0.126934 14.9348 -0.0499818 0.741673 0.0217375 0.787283 142 0
167.279 3.63366 -0.130932 14.953 -0.0490078 0.228179 0.012174 0.902053 143 0
168.465 3.47283 -0.134853 14.993 -0.0491415 0.500059 -0.00167117 0.884999 144 1
169.652 3.3069 -0.138784 15.0186 -0.0502438 0.318909 -0.0137781 0.966853 145 1
170.842 3.13591 -0.142804 15.0352 -0.051911 0.208473 -0.0208403 0.83896 146 0
172.032 2.95978 -0.146956 15.0369 -0.0544068 0.0205994 -0.0311973 0.70778 147 0
173.221 2.77846 -0.151309 15.026 -0.0568338 -0.13634 -0.0303375 0.754196 148 0
174.408 2.59186 -0.155856 14.7847 -0.0369335 -3.01592 0.248753 0.833073 149 6
175.576 2.40481 -0.15881 14.5845 -0.0154175 -2.50216 0.26895 0.84569 150 8
176.728 2.21888 -0.160044 14.3866 0.00274585 -2.47403 0.227042 0.919514 151 3
177.864 2.03571 -0.159824 14.2133 0.0207096 -2.16626 0.224547 0.885171 152 3
178.987 1.85662 -0.158167 14.0587 0.0414166 -1.93268 0.258837 1.07204 153 7
180.098 1.68315 -0.154854 13.9329 0.0590876 -1.57194 0.220888 0.94467 154 7
181.2 1.51644 -0.150127 13.8188 0.0711499 -1.42726 0.150778 0.89812 155 2
182.294 1.35732 -0.144435 13.7249 0.0835426 -1.17388 0.154909 0.741364 156 8
183.382 1.20655 -0.137752 13.5977 0.0916327 -1.58892 0.101126 0.706667 157 4
184.461 1.06508 -0.130421 13.5043 0.103201 -1.16755 0.144608 1.1344 158 7
185.533 0.933424 -0.122165 13.4122 0.112521 -1.152 0.1165 0.995607 159 8
186.599 0.812262 -0.113163 13.328 0.120088 -1.0516 0.0945778 1.42496 160 8
187.66 0.702043 -0.103556 13.2504 0.125931 -0.970256 0.0730402 1.51465 161 9
188.715 0.603094 -0.0934817 13.1837 0.131108 -0.833952 0.0647128 1.48739 162 9
189.766 0.515661 -0.082993 13.1145 0.138693 -0.864649 0.0948122 1.49925 163 7
190.812 0.440294 -0.0718976 13.0514 0.144603 -0.789249 0.0738842 1.48634 164 8
191.855 0.377342 -0.0603293 13.0037 0.142017 -0.595629 -0.032334 1.59145 165 2
192.894 0.326421 -0.048968 12.9772 0.139497 -0.331581 -0.031499 1.6386 166 2
193.931 0.287178 -0.0378083 12.9641 0.136081 -0.163472 -0.0426978 1.59906 167 2
194.968 0.25926 -0.0269218 12.9509 0.131892 -0.165224 -0.0523575 1.66178 168 2
196.004 0.2423 -0.0163704 12.9236 0.127909 -0.341237 -0.0497984 1.66927 169 2
197.038 0.235955 -0.00613769 12.9056 0.124005 -0.224864 -0.0487967 1.61069 170 2
198.07 0.23986 0.00378269 12.875 0.119443 -0.382853 -0.057024 1.62116 171 0
199.1 0.253598 0.0133381 12.8597 0.114469 -0.191069 -0.0621684 1.62224 172 1
200.129 0.276739 0.0224957 12.8442 0.108771 -0.193679 -0.0712335 1.58792 173 2
201.156 0.30879 0.0311973 12.8506 0.103215 0.0792265 -0.0694433 1.70043 174 0
202.183 0.349341 0.0394546 12.8507 0.0977572 0.00164509 -0.0682257 1.74464 175 1
203.21 0.397924 0.0472751 12.8585 0.092646 0.097537 -0.0638902 1.57994 176 0
204.237 0.454151 0.0546868 12.8568 0.087458 -0.0206828 -0.0648503 1.53862 177 0
205.264 0.517556 0.0616835 12.8463 0.0907213 -0.132132 0.0407911 1.54476 178 8
206.289 0.58835 0.0689412 12.8412 0.0927545 -0.0629306 0.0254159 1.57444 179 8
207.313 0.66672 0.0763615 12.8378 0.0942032 -0.0435472 0.0181083 1.58107 180 8
208.337 0.752784 0.0838978 12.8263 0.0945341 -0.142634 0.00413591 1.55554 181 9
209.358 0.846502 0.0914605 12.8155 0.094249 -0.135946 -0.00356296 1.49925 182 9
210.379 0.947835 0.0990004 12.7782 0.0930097 -0.466323 -0.0154912 1.64344 183 10
211.395 1.05644 0.106441 12.7481 0.0912658 -0.375366 -0.0217994 0.689673 184 10
212.408 1.17219 0.113742 12.7141 0.0892385 -0.425017 -0.0253415 0.669384 185 10
213.418 1.29484 0.120882 12.5806 0.0707054 -1.6693 -0.231664 0.510189 186 5
214.416 1.42186 0.126538 12.4686 0.0509263 -1.39959 -0.247238 0.728227 187 8
215.405 1.55177 0.130612 12.4029 0.034887 -0.821018 -0.200492 0.767112 188 7
216.389 1.68375 0.133403 12.3504 0.0183099 -0.656199 -0.207214 0.813043 189 8
217.368 1.8166 0.134868 12.3894 0.0084721 0.486374 -0.122972 0.83037 190 0
218.35 1.95053 0.135546 12.3986 -0.00562362 0.115061 -0.176196 1.05559 191 9
219.333 2.08412 0.135096 12.4095 -0.0181619 0.136566 -0.156729 1.15884 192 9
220.317 2.2164 0.133643 12.4237 -0.0297769 0.178266 -0.145187 1.31384 193 9
221.302 2.34649 0.131261 12.4373 -0.039677 0.169301 -0.123751 1.44816 194 9
222.289 2.47359 0.128086 12.4444 -0.0492598 0.0893354 -0.119785 1.44341 195 10
223.277 2.59686 0.124146 12.4496 -0.0575008 0.0641346 -0.103013 1.50589 196 9
224.266 2.71564 0.119546 12.4714 -0.0650528 0.272489 -0.0943993 1.42731 197 10
225.257 2.82947 0.114341 12.467 -0.0726262 -0.0550747 -0.0946678 1.63461 198 9
226.248 2.93751 0.108531 12.4583 -0.0768584 -0.108409 -0.052902 1.51555 199 8
227.24 3.03937 0.102383 12.4837 -0.0824527 0.31811 -0.0699297 1.47851 200 10
228.234 3.13488 0.0957864 12.5184 -0.0876055 0.43273 -0.0644092 1.37754 201 10
229.231 3.22368 0.088778 12.5308 -0.0904447 0.156057 -0.0354905 1.33205 202 8
230.231 3.30533 0.0815424 12.5581 -0.0933728 0.340962 -0.0366007 1.47775 203 9
231.232 3.37968 0.0740726 12.5951 -0.0945916 0.461662 -0.015236 1.45171 204 8
232.238 3.44664 0.0665052 12.642 -0.0954868 0.586879 -0.0111897 1.45035 205 8
233.247 3.50614 0.0588663 12.7058 -0.0957086 0.797558 -0.00277264 1.58597 206 0
234.263 3.55817 0.0512096 12.7708 -0.0954223 0.81234 0.00357917 1.35529 207 7
235.283 3.60267 0.0435758 12.8488 -0.0941512 0.975585 0.0158891 1.41588 208 0
236.31 3.63972 0.0360437 12.9204 -0.0921751 0.89438 0.0247014 1.44217 209 1
237.344 3.66935 0.0286697 12.988 -0.0894746 0.845718 0.0337553 1.46302 210 2
238.382 3.6917 0.0215117 13.0519 -0.0876427 0.797915 0.0228992 1.5241 211 1
239.427 3.70684 0.0145003 13.1133 -0.085791 0.768256 0.0231469 0.698914 212 1
240.476 3.71485 0.00763704 13.1733 -0.0846728 0.749469 0.0139775 0.618885 213 0
241.529 3.71576 0.000863219 13.2306 -0.0826886 0.716007 0.0248019 0.556974 214 1
242.588 3.70967 -0.00575187 13.2849 -0.0798962 0.679457 0.0349054 0.520768 215 2
243.651 3.69676 -0.0121436 13.3372 -0.0771298 0.65273 0.0345798 0.523625 216 2
244.717 3.67722 -0.0183139 13.3882 -0.0751631 0.637877 0.0245832 0.577677 217 1
245.788 3.65117 -0.024327 13.4381 -0.073932 0.623345 0.0153893 0.589138 218 0
246.863 3.61867 -0.0302416 13.4788 -0.0734694 0.509524 0.00578202 0.689877 219 0
247.94 3.57973 -0.0361191 13.5109 -0.0734078 0.400865 0.000770856 0.783157 220 0
249.02 3.53435 -0.0419917 13.5397 -0.0733344 0.360286 0.000917539 0.796956 221 0
250.102 3.48253 -0.0478585 13.5661 -0.0724311 0.330448 0.0112912 0.846602 222 1
251.186 3.42433 -0.053653 13.5985 -0.0715755 0.404036 0.0106949 0.756344 223 0
252.272 3.35977 -0.059379 13.6277 -0.0706072 0.366032 0.0121039 1.22697 224 0
253.36 3.28893 -0.0650276 13.6566 -0.069489 0.360048 0.0139764 1.50143 225 0
254.45 3.21187 -0.0705867 13.6874 -0.0681368 0.385332 0.0169033 1.45577 226 0
255.541 3.12869 -0.0760376 13.3674 -0.0489116 -4 0.240315 1.55269 227 2
256.607 3.04329 -0.0799506 13.4018 -0.0484721 0.430262 0.00549406 1.43974 228 1
257.676 2.95352 -0.0838283 13.4315 -0.0476913 0.370729 0.0097598 1.31561 229 2
258.746 2.85946 -0.0876436 13.4648 -0.0476814 0.416386 0.000123214 0.943752 230 0
259.819 2.76108 -0.0914581 13.5007 -0.0472589 0.448799 0.00528106 0.487417 231 0
260.894 2.65837 -0.0952389 13.5324 -0.0460382 0.39618 0.015259 0.458925 232 1
261.971 2.55146 -0.0989219 13.5673 -0.0451711 0.436509 0.0108385 0.40132 233 0
263.051 2.44036 -0.102536 13.6003 -0.0435036 0.412428 0.0208442 0.505597 234 1
264.133 2.32523 -0.106016 13.635 -0.0423478 0.433397 0.0144477 1.00338 235 0
265.217 2.20613 -0.109404 13.6692 -0.041089 0.428653 0.0157353 1.55858 236 0
266.304 2.08316 -0.112691 13.7018 -0.0398566 0.407505 0.015405 1.33297 237 0
267.393 1.95642 -0.115879 13.7331 -0.038596 0.39053 0.015757 1.43687 238 0
268.483 1.82603 -0.118967 13.7645 -0.0371289 0.392747 0.0183383 1.51644 239 0
269.576 1.69209 -0.121937 13.7941 -0.0347671 0.370169 0.0295226 1.50542 240 1
270.671 1.55481 -0.124719 13.8259 -0.0318043 0.397241 0.0370353 1.4806 241 1
271.768 1.41443 -0.127263 13.8567 -0.0289282 0.384629 0.0359511 1.42298 242 1
272.868 1.27119 -0.129577 13.8865 -0.0261386 0.372493 0.0348704 1.47216 243 1
273.969 1.12534 -0.131668 13.9153 -0.023435 0.360739 0.0337942 1.53902 244 1
275.072 0.977119 -0.133543 13.9451 -0.0216009 0.371981 0.0229263 1.41771 245 0
276.178 0.826669 -0.135271 13.975 -0.0200509 0.373495 0.0193755 1.55665 246 0
277.285 0.67412 -0.136875 13.655 0.00244353 -4 0.28118 1.57238 247 3
278.367 0.525276 -0.13668 13.335 0.0232247 -4 0.259765 1.63989 248 3
279.425 0.381884 -0.134822 13.0199 0.0415643 -3.93847 0.229244 1.65593 249 3
280.457 0.245312 -0.131497 12.7305 0.0583027 -3.61743 0.209231 1.58264 250 3
281.467 0.116487 -0.126833 12.4646 0.0722483 -3.32329 0.17432 1.67963 251 4
282.457 -0.0039286 -0.121053 12.5377 0.0651398 0.913334 -0.0888562 2.14322 252 0
283.454 -0.11986 -0.115841 12.6093 0.0584449 0.894427 -0.0836866 2.72693 253 0
284.456 -0.231766 -0.111166 12.6892 0.0517003 0.99926 -0.0843079 1.48081 254 4
285.465 -0.340209 -0.10703 12.8634 0.0444455 2.17745 -0.090685 1.85283 255 7
286.489 -0.446501 -0.103474 12.5434 0.0658101 -4 0.267058 2.81077 256 1
287.488 -0.544893 -0.0982094 12.2234 0.10066 -4 0.435624 2.63525 257 3
288.462 -0.632936 -0.0901566 11.9034 0.114942 -4 0.178518 1.77268 258 5
289.411 -0.709949 -0.0809613 11.6976 0.12706 -2.57216 0.151484 1.58324 259 0
290.344 -0.776145 -0.0707965 11.4838 0.134832 -2.67246 0.09715 1.65395 260 4
291.261 -0.831244 -0.0600099 11.3277 0.146151 -1.95123 0.141479 1.74744 261 2
292.166 -0.875013 -0.0483179 11.1395 0.149714 -2.35237 0.0445426 1.78912 262 3
293.057 -0.907392 -0.0363407 11.1319 0.128926 -0.0957608 -0.259847 1.62468 263 0
293.947 -0.930567 -0.0260266 11.1397 0.110256 0.0979066 -0.233378 1.47523 264 0
294.838 -0.9459 -0.0172062 11.1503 0.0926685 0.132358 -0.219843 1.35096 265 0
295.73 -0.954635 -0.00979268 11.1588 0.0761729 0.105953 -0.206195 1.20125 266 0
296.623 -0.957937 -0.00369885 11.1686 0.060755 0.122261 -0.192724 1.3554 267 0
297.516 -0.956899 0.00116155 11.171 0.0459259 0.0300288 -0.185364 1.51544 268 0
