1.12 10 0 14.0256 1.8037e-19 0.319827 2.25463e-18 0.575324 1 9
2.24205 10 1.44296e-20 14.0504 3.49549e-19 0.310206 2.11473e-18 0.260886 2 9
3.36608 10 4.23935e-20 14.0745 5.10599e-19 0.300896 2.01313e-18 0.261045 3 9
4.49204 10 8.32415e-20 14.0978 6.66497e-19 0.291836 1.94873e-18 0.224323 4 9
5.61986 10 1.36561e-19 14.1205 8.08617e-19 0.283086 1.7765e-18 0.223818 5 9
6.7495 10 2.01251e-19 14.1424 9.40775e-19 0.274563 1.65197e-18 0.237666 6 9
7.88089 10 2.76513e-19 14.1637 1.08519e-18 0.266325 1.8052e-18 0.227346 7 9
9.01399 10 3.63328e-19 14.1844 1.26163e-18 0.258327 2.20547e-18 0.217044 8 9
10.1487 10 4.64258e-19 14.2044 1.40764e-18 0.250554 1.82513e-18 0.22517 9 9
11.2851 10 5.7687e-19 14.2239 1.49307e-18 0.243032 1.06784e-18 0.243555 10 9
12.423 10 6.96315e-19 14.2427 1.53752e-18 0.235713 5.5563e-19 0.224634 11 9
13.5624 10 8.19316e-19 14.261 1.56228e-18 0.228643 3.09527e-19 0.221413 12 9
14.7033 10 9.44299e-19 14.2787 -0.000797138 0.221241 -0.00996423 0.228287 13 8
15.8456 9.99993 -6.3771e-05 14.2958 -0.00232748 0.213254 -0.0191293 0.255014 14 7
16.9893 9.99964 -0.00024997 14.3125 -0.00293731 0.208604 -0.00762281 0.243606 15 8
18.1343 9.99909 -0.000484954 14.3286 -0.0042894 0.201452 -0.0169012 0.219496 16 7
19.2806 9.99814 -0.000828107 14.3443 -0.0047286 0.196624 -0.00548995 0.215051 17 8
20.4281 9.99675 -0.00120639 14.3594 -0.0067145 0.188637 -0.0248238 0.212781 18 6
21.5769 9.99475 -0.00174355 14.3742 -0.00852933 0.184143 -0.0226854 0.224591 19 6
22.7268 9.99196 -0.0024259 14.3885 -0.0101811 0.179684 -0.0206467 0.208851 20 6
23.8779 9.98823 -0.00324039 14.4025 -0.0100822 0.174785 0.00123521 0.247488 21 8
25.0301 9.98357 -0.00404697 14.416 -0.0123527 0.169146 -0.0283808 0.242626 22 5
26.1833 9.97776 -0.00503518 14.4293 -0.0128214 0.166023 -0.00585888 0.221463 23 7
27.3377 9.97076 -0.0060609 14.4421 -0.0124182 0.159466 0.00503999 0.216487 24 8
28.493 9.96261 -0.00705436 14.4546 -0.0128091 0.156558 -0.0048863 0.22467 25 7
29.6493 9.95327 -0.00807909 14.4669 -0.014726 0.15316 -0.0239604 0.219104 26 5
30.8066 9.94256 -0.00925716 14.4789 -0.016452 0.150049 -0.0215759 0.214828 27 5
31.9649 9.93031 -0.0105733 14.4903 -0.0164019 0.143516 0.000626501 0.217408 28 7
33.124 9.91653 -0.0118855 14.5015 -0.0163066 0.139284 0.00119179 0.227687 29 7
34.284 9.90123 -0.01319 14.5123 -0.0161691 0.135136 0.00171822 0.219492 30 7
35.4449 9.88442 -0.0144835 14.5228 -0.0159925 0.131106 0.00220733 0.379934 31 7
36.6066 9.8661 -0.0157629 14.533 -0.0157797 0.127172 0.00266053 0.406471 32 7
37.769 9.84631 -0.0170253 14.5428 -0.0155333 0.123346 0.00307936 0.387955 33 7
38.9323 9.82506 -0.018268 14.5524 -0.0160496 0.119793 -0.00645315 0.416504 34 6
40.0962 9.8023 -0.0195519 14.5617 -0.0156806 0.115943 0.00461284 0.429535 35 7
41.2609 9.77806 -0.0208064 14.5707 -0.0152885 0.112391 0.00490055 0.383821 36 7
42.4263 9.75238 -0.0220295 14.5794 -0.0148757 0.108933 0.00516037 0.398285 37 7
43.5923 9.7253 -0.0232195 14.5878 -0.0144442 0.105596 0.00539353 0.389533 38 7
44.759 9.69686 -0.0243751 14.596 -0.0139961 0.102341 0.0056013 0.340962 39 7
45.9263 9.66709 -0.0254948 14.604 -0.0135333 0.0991821 0.00578484 0.428416 40 7
47.0942 9.63605 -0.0265774 14.6117 -0.0130577 0.0960946 0.0059453 0.25587 41 7
48.2627 9.60376 -0.027622 14.6195 -0.0133719 0.0977039 -0.00392724 0.234644 42 6
49.4318 9.57021 -0.0286918 14.6271 -0.0136127 0.094831 -0.00300989 0.262323 43 6
50.6014 9.53537 -0.0297808 14.6344 -0.0137843 0.0915408 -0.00214577 0.233028 44 6
51.7716 9.49922 -0.0308835 14.6414 -0.0138909 0.0881314 -0.00133268 0.240407 45 6
52.9423 9.46175 -0.0319948 14.6481 -0.0139353 0.08353 -0.000554253 0.35239 46 6
54.1135 9.42295 -0.0331096 14.6544 -0.0131245 0.0781059 0.0101345 0.352532 47 7
55.2852 9.38292 -0.0341596 14.6606 -0.0131224 0.0774622 2.70549e-05 0.402395 48 6
56.4573 9.34163 -0.0352094 14.6666 -0.0130689 0.0755072 0.000667619 0.439847 49 6
57.6299 9.2991 -0.0362549 14.6722 -0.012962 0.0697136 0.00133738 0.470439 50 6
58.8028 9.25534 -0.0372919 14.6776 -0.0120191 0.067997 0.0117857 0.439987 51 7
59.9762 9.21043 -0.0382534 14.6829 -0.0110989 0.0658274 0.0115021 0.541668 52 7
61.1499 9.16447 -0.0391413 14.688 -0.0102017 0.063777 0.0112149 0.412288 53 7
62.324 9.11753 -0.0399574 14.6929 -0.00932775 0.0617623 0.0109249 0.437462 54 7
63.4985 9.0697 -0.0407037 14.6977 -0.00847714 0.0598311 0.0106325 0.610813 55 7
64.6733 9.02105 -0.0413818 14.7029 -0.00845263 0.0648022 0.000306393 0.614078 56 6
65.8485 8.9716 -0.042058 14.7079 -0.00838752 0.0626802 0.000813848 0.514274 57 6
67.024 8.92134 -0.042729 14.7128 -0.00828481 0.060606 0.00128397 0.503659 58 6
68.2 8.87028 -0.0433918 14.7174 -0.00814734 0.0586033 0.00171835 0.414789 59 6
69.3762 8.81844 -0.0440436 14.722 -0.00797786 0.0566721 0.00211853 0.414851 60 6
70.5528 8.76583 -0.0446819 14.7264 -0.00777898 0.0547647 0.00248597 0.410779 61 6
71.7297 8.71248 -0.0453042 14.7306 -0.00755321 0.052917 0.00282214 0.37991 62 6
72.9069 8.65839 -0.0459084 14.7347 -0.00730293 0.0511289 0.00312845 0.395052 63 6
74.0844 8.60361 -0.0464927 14.7386 -0.00703043 0.0493765 0.00340624 0.376378 64 6
75.2622 8.54815 -0.0470551 14.7425 -0.00673789 0.0476956 0.00365684 0.407151 65 6
76.4403 8.49204 -0.0475941 14.7461 -0.00642736 0.0460505 0.00388156 0.400714 66 6
77.6186 8.43531 -0.0481083 14.7497 -0.00610083 0.0444651 0.00408163 0.372793 67 6
78.7972 8.37799 -0.0485964 14.7531 -0.00576017 0.0429392 0.00425826 0.419216 68 6
79.976 8.32011 -0.0490572 14.7558 -0.00460358 0.0333071 0.0144573 0.616107 69 7
81.155 8.26179 -0.0494255 14.7614 -0.00373755 0.0703573 0.0108254 0.438969 70 5
82.3345 8.20309 -0.0497245 14.7687 -0.00268219 0.0914335 0.013192 0.471925 71 5
83.5145 8.14411 -0.0499391 14.7709 -0.0016632 0.0276566 0.0127375 0.60826 72 7
84.6947 8.08497 -0.0500721 14.7731 -0.000694812 0.0269413 0.0121048 0.476805 73 7
85.8751 8.02575 -0.0501277 14.7775 -0.000194498 0.0547767 0.00625392 0.551888 74 5
87.0558 7.9665 -0.0501433 14.7795 0.000710352 0.024569 0.0113106 0.42692 75 7
88.2366 7.9073 -0.0500864 14.7814 0.00156708 0.0239611 0.0107091 0.390041 76 7
89.4177 7.84825 -0.0499611 14.7832 0.00237705 0.0233769 0.0101246 0.423312 77 7
90.5989 7.78941 -0.0497709 14.7854 0.00238461 0.0271916 9.45875e-05 0.427948 78 5
91.7802 7.73079 -0.0495801 14.7872 0.00316585 0.0218153 0.00976548 0.407205 79 7
92.9618 7.67246 -0.0493269 14.7875 0.00550918 0.00414848 0.0292916 0.465264 80 9
94.1434 7.61465 -0.0488861 14.7886 0.00687626 0.0143528 0.0170885 0.46037 81 8
95.3251 7.55749 -0.048336 14.7826 0.00913051 -0.075841 0.0281782 0.608651 82 9
96.5063 7.50121 -0.0476056 14.7782 0.0110494 -0.0550509 0.0239863 0.426241 83 9
97.6873 7.44599 -0.0467216 14.7792 0.0127859 0.0134707 0.021706 0.518645 84 9
98.8684 7.39198 -0.0456988 14.7804 0.0143755 0.0144839 0.0198698 0.396291 85 9
100.05 7.33932 -0.0445487 14.7831 0.0133828 0.033319 -0.0124085 0.400243 86 5
101.231 7.28792 -0.0434781 14.7878 0.0126022 0.0592828 -0.00975725 0.412564 87 5
102.413 7.23769 -0.0424699 14.7888 0.0141604 0.0122428 0.0194767 0.389183 88 9
103.595 7.1888 -0.0413371 14.7937 0.0132723 0.0613809 -0.0111009 0.385538 89 5
104.778 7.14115 -0.0402753 14.7946 0.0147441 0.011158 0.0183981 0.371862 90 9
105.96 7.09488 -0.0390958 14.7956 0.0160811 0.012064 0.0167125 0.452611 91 9
107.143 7.05014 -0.0378093 14.8002 0.0147489 0.0581145 -0.0166535 0.530183 92 5
108.326 7.00678 -0.0366294 14.8037 0.0135418 0.0438929 -0.0150881 0.373931 93 5
109.51 6.96469 -0.035546 14.8036 0.0149078 -0.00193119 0.0170744 0.454906 94 9
110.694 6.92402 -0.0343534 14.7985 0.016173 -0.0630736 0.0158151 0.476214 95 9
111.877 6.88489 -0.0330596 14.7921 0.0173246 -0.0797391 0.014395 0.374266 96 9
113.06 6.84741 -0.0316736 14.7956 0.0136529 0.0436783 -0.0458957 0.399739 97 2
114.243 6.81122 -0.0305814 14.7934 0.0149163 -0.0275135 0.0157924 0.394687 98 9
115.426 6.77644 -0.0293881 14.8047 0.0106429 0.140333 -0.0534172 0.418512 99 1
116.61 6.74265 -0.0285366 14.8176 0.00696244 0.161695 -0.0460061 0.385627 100 1
117.795 6.70949 -0.0279796 14.8097 0.00352818 -0.0984669 -0.0429282 0.446004 101 2
118.979 6.67668 -0.0276974 14.8099 0.00116294 0.00257492 -0.0295655 0.458471 102 2
120.163 6.64398 -0.0276044 14.803 -0.00144155 -0.0862956 -0.0325562 0.571515 103 2
121.347 6.61115 -0.0277197 14.8167 -0.00427633 0.170934 -0.0354348 0.426043 104 1
122.532 6.57789 -0.0280618 14.7852 -0.00448019 -0.393891 -0.00254823 0.537252 105 5
123.714 6.54428 -0.0284202 14.7718 -0.00707098 -0.167716 -0.0323848 0.397844 106 2
124.895 6.51003 -0.0289859 14.7634 -0.00484523 -0.104487 0.0278218 0.393804 107 8
126.076 6.47535 -0.0293735 14.7646 -0.00207001 0.0146627 0.0346903 0.340855 108 9
127.257 6.44046 -0.0295391 14.7635 -0.00526112 -0.0130653 -0.0398889 0.497288 109 2
128.437 6.40508 -0.02996 14.7635 -0.00824621 -0.000154972 -0.0373136 0.528509 110 2
129.618 6.36892 -0.0306197 14.7729 -0.0112837 0.117016 -0.0379693 0.456283 111 1
130.799 6.33167 -0.0315224 14.7888 -0.0142812 0.19846 -0.037468 0.490724 112 0
131.981 6.29304 -0.0326649 14.7976 -0.0167528 0.110865 -0.0308946 0.431378 113 1
133.165 6.25279 -0.0340051 14.8132 -0.0190929 0.195038 -0.0292516 0.55598 114 0
134.349 6.21069 -0.0355325 14.8223 -0.0209207 0.112903 -0.0228481 0.550885 115 1
135.534 6.16658 -0.0372062 14.8309 -0.0226267 0.107908 -0.0213248 0.460541 116 1
136.719 6.1203 -0.0390163 14.836 -0.0242081 0.064075 -0.0197678 0.570339 117 1
137.905 6.07171 -0.040953 14.8467 -0.0260628 0.133717 -0.0231835 0.567495 118 0
139.092 6.02061 -0.043038 14.846 -0.0279968 -0.00929832 -0.0241748 0.746923 119 0
140.278 5.96685 -0.0452777 14.8445 -0.0302896 -0.018847 -0.0286598 0.628704 120 0
141.465 5.91022 -0.0477009 14.8389 -0.0330685 -0.0701308 -0.0347361 0.561344 121 1
142.65 5.85048 -0.0503464 14.8423 -0.0376424 0.0429034 -0.0571748 0.530828 122 1
143.836 5.78715 -0.0533578 14.8435 -0.0409434 0.0146627 -0.0412618 0.719911 123 0
145.021 5.71994 -0.0566333 14.8531 -0.043816 0.12058 -0.0359079 0.591648 124 0
146.208 5.64852 -0.0601385 14.8703 -0.0461927 0.215101 -0.0297088 0.554343 125 0
147.395 5.57264 -0.063834 14.8878 -0.0485187 0.218439 -0.0290746 0.501099 126 0
148.583 5.49205 -0.0677155 14.9025 -0.0507608 0.183856 -0.0280257 0.536442 127 0
149.772 5.40655 -0.0717763 14.8913 -0.0484607 -0.140023 0.0287511 0.509826 128 7
150.96 5.31651 -0.0756532 14.8825 -0.0466445 -0.110245 0.0227022 0.556141 129 7
152.147 5.22209 -0.0793847 14.89 -0.0498484 0.0937223 -0.0400492 0.474809 130 0
153.334 5.12289 -0.0833726 14.8994 -0.0519156 0.117898 -0.0258393 0.539588 131 0
154.521 5.0187 -0.0875259 14.9056 -0.0527969 0.0778198 -0.0110161 0.506397 132 1
155.709 4.90945 -0.0917496 14.8941 -0.0537816 -0.14379 -0.0123096 0.401572 133 1
156.895 4.79517 -0.0960521 14.8974 -0.0534231 0.0403404 0.00448218 0.47274 134 0
158.081 4.67581 -0.100326 14.904 -0.0539797 0.0830412 -0.00695749 0.378059 135 2
159.266 4.55127 -0.104644 14.9109 -0.0533291 0.0864267 0.00813245 0.38433 136 0
160.452 4.42161 -0.108911 14.92 -0.0527483 0.11394 0.00725915 0.425347 137 0
161.638 4.28686 -0.113131 14.9318 -0.0521132 0.147629 0.00793934 0.510981 138 0
162.825 4.14706 -0.1173 14.9517 -0.0511393 0.247645 0.0121738 0.564094 139 0
164.012 4.00222 -0.121391 14.9786 -0.0499344 0.336671 0.0150613 0.589443 140 0
165.201 3.85236 -0.125385 15.0051 -0.0486463 0.331151 0.0161004 0.582891 141 0
166.391 3.69761 -0.129277 15.0371 -0.0472714 0.399983 0.0171863 0.636662 142 0
167.583 3.53802 -0.133059 15.064 -0.0464448 0.336492 0.0103329 0.567015 143 0
168.777 3.3737 -0.136774 15.0796 -0.046311 0.194979 0.00167219 0.584792 144 0
169.972 3.20479 -0.140479 15.0841 -0.0474373 0.0562072 -0.0140787 0.680963 145 0
171.166 3.03129 -0.144274 15.0911 -0.0492807 0.0876427 -0.0230423 0.601033 146 0
172.36 2.85301 -0.148217 14.9078 -0.0289556 -2.29189 0.254064 0.947783 147 7
173.539 2.67415 -0.150533 14.7075 -0.0117108 -2.50356 0.21556 0.695136 148 6
174.702 2.49662 -0.15147 14.5112 0.0036421 -2.45346 0.191911 0.768153 149 5
175.85 2.32178 -0.151179 14.3723 0.0184691 -1.73677 0.185337 0.782863 150 9
176.987 2.1503 -0.149701 14.1441 0.0355071 -2.85249 0.212976 1.28562 151 5
178.106 1.98472 -0.146861 14.0247 0.047637 -1.49171 0.151623 0.675348 152 3
179.217 1.82477 -0.14305 13.907 0.0575717 -1.47181 0.124184 0.771994 153 3
180.319 1.67123 -0.138444 13.8119 0.0723947 -1.1886 0.185287 0.778802 154 6
181.414 1.52509 -0.132652 13.7285 0.080124 -1.04285 0.0966161 0.635036 155 2
182.503 1.38681 -0.126242 13.6231 0.0876123 -1.31638 0.0936043 0.6026 156 3
183.586 1.25717 -0.119234 13.549 0.0957252 -0.926745 0.101411 0.590213 157 9
184.663 1.13648 -0.111575 13.465 0.105164 -1.04984 0.117979 0.646038 158 7
185.734 1.02555 -0.103162 13.3929 0.114155 -0.901556 0.112394 0.725352 159 6
186.801 0.924951 -0.09403 13.3363 0.120186 -0.707078 0.075388 0.955027 160 7
187.864 0.834995 -0.0844151 13.2999 0.126843 -0.455368 0.0832117 1.05134 161 5
188.925 0.756047 -0.0742677 13.2561 0.131172 -0.547886 0.0541154 1.00274 162 7
189.983 0.688462 -0.0637739 13.2083 0.135737 -0.596464 0.0570595 0.949207 163 7
191.039 0.632575 -0.0529149 13.1586 0.140928 -0.62151 0.0648908 1.14974 164 7
192.09 0.588753 -0.0416407 13.1117 0.145387 -0.5867 0.0557292 1.09074 165 7
193.139 0.557279 -0.0300098 13.0699 0.139303 -0.52278 -0.0760391 1.11431 166 3
194.184 0.537555 -0.0188655 13.0509 0.133765 -0.237632 -0.0692338 1.13817 167 3
195.228 0.529031 -0.0081643 13.0172 0.126805 -0.420475 -0.0869971 1.19751 168 2
196.27 0.531093 0.0019801 12.9892 0.121321 -0.350285 -0.0685479 1.19606 169 3
197.309 0.543235 0.0116858 12.9543 0.115984 -0.436258 -0.0667149 1.20915 170 3
198.345 0.56496 0.0209645 12.8872 0.119517 -0.838304 0.0441602 1.40813 171 7
199.375 0.596427 0.0305259 12.8584 0.111592 -0.360942 -0.0990551 1.18152 172 2
200.403 0.637001 0.0394532 12.8307 0.103543 -0.345814 -0.100615 1.20937 173 4
201.429 0.685982 0.0477367 12.8295 0.0961939 -0.0146389 -0.0918653 1.13062 174 2
202.453 0.742846 0.0554322 12.8248 0.088246 -0.0589252 -0.0993493 1.05867 175 1
203.477 0.80692 0.0624919 12.8413 0.0815126 0.206137 -0.0841675 1.19005 176 0
204.502 0.877761 0.0690129 12.8328 0.0745028 -0.106299 -0.0876225 1.05513 177 1
205.526 0.954658 0.0749731 12.8199 0.0772084 -0.16135 0.0338204 1.08882 178 8
206.548 1.03779 0.0811498 12.8167 0.078975 -0.0393868 0.0220825 1.12248 179 8
207.57 1.12736 0.0874678 12.8159 0.079939 -0.0103593 0.0120498 1.09176 180 8
208.59 1.22346 0.0938629 12.8139 0.080293 -0.0247478 0.00442481 1.05597 181 8
209.61 1.32609 0.100286 12.8083 0.0800864 -0.0705361 -0.00258181 1.10357 182 8
210.629 1.43521 0.106693 12.7068 0.0624877 -1.26894 -0.219984 0.493496 183 6
211.639 1.54851 0.111692 12.6177 0.0456857 -1.11306 -0.210026 0.569081 184 7
212.642 1.66469 0.115347 12.5298 0.0298842 -1.09866 -0.197518 0.702111 185 7
213.637 1.78243 0.117738 12.4643 0.0155773 -0.819159 -0.178837 0.575256 186 6
214.628 1.9008 0.118984 12.408 0.00125565 -0.703192 -0.17902 0.690126 187 8
215.613 2.01873 0.119085 12.3927 -0.0113534 -0.191426 -0.157613 0.87191 188 8
216.598 2.13562 0.118176 12.3818 -0.0196419 -0.136995 -0.103606 0.941576 189 6
217.581 2.25086 0.116605 12.3265 -0.028534 -0.691211 -0.111152 0.908687 190 6
218.561 2.36335 0.114322 12.3711 -0.0367639 0.558269 -0.102874 0.921458 191 8
219.545 2.47335 0.111381 12.0511 -0.0662295 -4 -0.368319 1.00703 192 0
220.503 2.57543 0.106083 11.7311 -0.0820484 -4 -0.197737 1.01476 193 1
221.437 2.66868 0.0995188 11.4111 -0.0951082 -4 -0.163247 1.09753 194 1
222.346 2.75246 0.0919102 11.0911 -0.104511 -4 -0.117534 1.08077 195 2
223.23 2.82651 0.0835493 10.7711 -0.115191 -4 -0.133501 1.0806 196 1
224.09 2.8905 0.074334 10.8035 -0.10741 0.404608 0.0972584 1.18502 197 7
224.952 2.94728 0.0657412 10.9699 -0.10435 2.08038 0.0382604 0.980327 198 9
225.828 2.99762 0.0573932 10.6499 -0.119676 -4 -0.191581 1.01858 199 1
226.679 3.03835 0.0478191 10.7234 -0.111122 0.918162 0.106927 1.03771 200 6
227.537 3.07173 0.0389294 10.8707 -0.104847 1.84175 0.0784401 1.00602 201 8
228.406 3.09829 0.0305417 11.0223 -0.0983266 1.89517 0.0815007 1.0669 202 8
229.287 3.11828 0.0226755 11.0806 -0.091744 0.727713 0.0822829 1.24327 203 8
