1.12 10 0 14.0438 -0.00400715 0.547397 -0.0500893 0.064992 1 3
2.2435 9.99964 -0.000320572 14.0847 -0.00894119 0.511932 -0.0616755 0.051058 2 2
3.37028 9.99847 -0.00103587 14.1247 -0.0159986 0.499058 -0.0882173 0.048264 3 1
4.50025 9.99586 -0.00231575 14.1632 -0.019604 0.481844 -0.0450679 0.045157 4 2
5.6333 9.99146 -0.00388407 14.2011 -0.0227604 0.473118 -0.0394553 0.045262 5 2
6.76937 9.98497 -0.00570491 14.2354 -0.0254776 0.4287 -0.033965 0.046356 6 2
7.90816 9.97616 -0.00774312 14.2676 -0.0278085 0.40307 -0.0291362 0.047177 7 2
9.04952 9.96478 -0.0099678 14.2996 -0.0324342 0.399899 -0.0578205 0.044716 8 1
10.1934 9.95041 -0.0125625 14.3296 -0.0364345 0.374532 -0.0500043 0.043527 9 1
11.3396 9.93267 -0.0154773 14.3586 -0.0358304 0.363207 0.00755098 0.045322 10 3
12.4881 9.9116 -0.0183437 14.3865 -0.0364551 0.348639 -0.0078083 0.044243 11 2
13.6388 9.88713 -0.0212601 14.4129 -0.0354901 0.330174 0.0120619 0.044948 12 3
14.7915 9.85934 -0.0240993 14.4389 -0.0357896 0.324929 -0.00374308 0.045165 13 2
15.9462 9.8282 -0.0269625 14.463 -0.0345188 0.30055 0.0158849 0.044532 14 3
17.1027 9.79382 -0.029724 14.4873 -0.0345539 0.304735 -0.000438979 0.045628 15 2
18.2611 9.75617 -0.0324883 14.5094 -0.0343814 0.275552 0.00215648 0.045237 16 2
19.4211 9.71527 -0.0352388 14.5312 -0.0326917 0.272799 0.0211217 0.043985 17 3
20.5828 9.67128 -0.0378542 14.5515 -0.0323296 0.253606 0.0045259 0.04643 18 2
21.7459 9.62422 -0.0404405 14.572 -0.030495 0.255764 0.0229324 0.045842 19 3
22.9106 9.57424 -0.0428801 14.5904 -0.0300176 0.23073 0.00596687 0.044989 20 2
24.0767 9.52141 -0.0452815 14.6093 -0.02941 0.236571 0.00759559 0.044539 21 2
25.2441 9.46575 -0.0476343 14.6269 -0.0273367 0.219524 0.0259156 0.046505 22 3
26.4128 9.40748 -0.0498213 14.6438 -0.0253149 0.21131 0.0252726 0.045135 23 3
27.5827 9.34677 -0.0518465 14.6609 -0.0246776 0.213766 0.00796705 0.044805 24 2
28.7539 9.28368 -0.0538207 14.679 -0.0279525 0.226104 -0.0409372 0.045928 25 0
29.9264 9.21788 -0.0560569 14.6935 -0.0253865 0.180995 0.0320755 0.047946 26 3
31.0999 9.14964 -0.0580878 14.7075 -0.0242468 0.175726 0.0142462 0.046126 27 2
32.2743 9.07905 -0.0600276 14.7197 -0.021712 0.151491 0.0316858 0.046634 28 3
33.4497 9.00637 -0.0617645 14.7311 -0.0192805 0.142634 0.0303933 0.044353 29 3
34.6258 8.93181 -0.063307 14.7428 -0.0183014 0.146043 0.0122382 0.045048 30 2
35.8027 8.85547 -0.0647711 14.7547 -0.0159574 0.148761 0.0293004 0.044743 31 3
36.9805 8.77757 -0.0660477 14.7666 -0.0150562 0.148869 0.0112648 0.044936 32 2
38.1592 8.69818 -0.0672522 14.7779 -0.0141233 0.141931 0.0116614 0.045871 33 2
39.3387 8.6174 -0.068382 14.7908 -0.0131737 0.161624 0.0118706 0.044066 34 2
40.5191 8.5353 -0.0694359 14.7989 -0.0108391 0.101149 0.0291815 0.044922 35 3
41.7001 8.45214 -0.070303 14.8094 -0.00999829 0.130403 0.0105106 0.044404 36 2
42.8818 8.36797 -0.0711029 14.8177 -0.0077918 0.104094 0.027581 0.045167 37 3
44.0642 8.28302 -0.0717263 14.8269 -0.00705166 0.114679 0.00925175 0.04539 38 2
45.2472 8.19735 -0.0722904 14.8344 -0.00496792 0.0943422 0.0260468 0.04439 39 3
46.4309 8.11116 -0.0726878 14.8414 -0.00433311 0.0876784 0.00793512 0.044531 40 2
47.615 8.02452 -0.0730345 14.8483 -0.00367344 0.0857472 0.00824591 0.043543 41 2
48.7997 7.9375 -0.0733283 14.855 -0.00168798 0.0836372 0.0248181 0.045597 42 3
49.9849 7.85027 -0.0734634 14.8615 0.000171782 0.0820518 0.0232471 0.045284 43 3
51.1706 7.76302 -0.0734496 14.8683 0.000547912 0.0843167 0.00470162 0.046691 44 2
52.3569 7.67579 -0.0734058 14.8767 0.000932371 0.104702 0.00480574 0.0457 45 2
53.5438 7.58859 -0.0733312 14.8815 0.00135978 0.0600338 0.00534261 0.045088 46 2
54.7311 7.5015 -0.0732224 14.8877 0.00178473 0.077641 0.00531187 0.044372 47 2
55.919 7.41454 -0.0730797 14.8932 0.00221678 0.0686049 0.00540061 0.044404 48 2
57.1072 7.32775 -0.0729023 14.8979 0.00265178 0.0585198 0.00543752 0.045044 49 2
58.2959 7.2412 -0.0726902 14.9043 0.00308209 0.0804305 0.00537891 0.044142 50 2
59.4851 7.15489 -0.0724436 14.9091 0.00351237 0.0601888 0.00537845 0.045082 51 2
60.6748 7.0689 -0.0721626 14.9146 0.00394574 0.0681162 0.00541712 0.044331 52 2
61.8649 6.98325 -0.071847 14.919 0.00437887 0.0557899 0.00541412 0.044964 53 2
63.0553 6.89799 -0.0714967 14.9241 0.0061308 0.0640035 0.0218991 0.045028 54 3
64.2462 6.81328 -0.0710062 14.9287 0.00773849 0.0570416 0.0200961 0.045251 55 3
65.4376 6.72929 -0.0703871 14.929 0.00789372 0.00400543 0.00194033 0.04569 56 2
66.629 6.64604 -0.0697556 14.9348 0.00802518 0.0716448 0.00164328 0.044381 57 2
67.8209 6.56353 -0.0691136 14.9379 0.0095059 0.039959 0.0185091 0.044888 58 3
69.0132 6.48191 -0.0683531 14.9414 0.0108511 0.0431538 0.0168145 0.044287 59 3
70.2058 6.40131 -0.067485 14.9464 0.0107121 0.0626326 -0.00173764 0.044207 60 2
71.3988 6.3217 -0.0666281 14.9496 0.0106015 0.0399113 -0.00138193 0.044116 61 2
72.5922 6.24309 -0.06578 14.9514 0.0118593 0.0224113 0.015722 0.043691 62 3
73.7858 6.16559 -0.0648312 14.9528 0.0116419 0.0177741 -0.00271709 0.045284 63 2
74.9796 6.08921 -0.0638999 14.9573 0.011437 0.0554681 -0.00256096 0.044877 64 2
76.1738 6.01389 -0.0629849 14.9604 0.0112456 0.0398994 -0.00239261 0.044674 65 2
77.3683 5.93963 -0.0620852 14.9623 0.0110802 0.0225544 -0.002068 0.045087 66 2
78.5631 5.86642 -0.0611988 14.9638 0.0122698 0.0196576 0.014871 0.044754 67 3
79.758 5.79438 -0.0602173 14.9667 0.0133322 0.0353813 0.0132793 0.045633 68 3
80.9532 5.7236 -0.0591507 14.9671 0.0142723 0.00553131 0.0117511 0.04558 69 3
82.1486 5.65418 -0.0580089 14.9697 0.0150928 0.032568 0.0102561 0.049852 70 3
83.3442 5.58619 -0.0568015 14.9719 0.0144552 0.0272155 -0.00797003 0.048879 71 2
84.5401 5.51958 -0.0556451 14.9728 0.0152159 0.0109196 0.00950937 0.04747 72 3
85.7362 5.45442 -0.0544278 14.9705 0.0145411 -0.0282884 -0.00843538 0.046115 73 2
86.9321 5.39066 -0.0532645 14.9723 0.015235 0.022769 0.0086743 0.045214 74 3
88.1283 5.32834 -0.0520457 14.9736 0.0145047 0.0162005 -0.00912914 0.045631 75 2
89.3246 5.26742 -0.0508853 14.9766 0.0111366 0.0372529 -0.0421012 0.045014 76 1
90.5213 5.20754 -0.0499944 14.9731 0.0121232 -0.0432134 0.0123327 0.045698 77 3
91.7177 5.14884 -0.0490245 14.9706 0.0116524 -0.0322819 -0.00588548 0.045763 78 2
92.9139 5.09126 -0.0480924 14.9675 0.0125616 -0.0377536 0.0113655 0.046109 79 3
94.11 5.0349 -0.0470874 14.969 0.0133371 0.0178337 0.00969402 0.046297 80 3
95.3063 4.97981 -0.0460205 14.9714 0.00919412 0.0304103 -0.0517877 0.047241 81 0
96.5027 4.92559 -0.0452849 14.9701 0.00626236 -0.0159383 -0.0366469 0.047213 82 1
97.6992 4.87198 -0.0447839 14.9733 0.00361411 0.0396013 -0.0331031 0.046463 83 1
98.8958 4.8187 -0.0444948 14.9774 0.00393585 0.0512362 0.00402176 0.047344 84 2
100.093 4.76578 -0.0441799 14.9779 0.00424734 0.0058651 0.00389359 0.048141 85 2
101.29 4.71326 -0.0438402 14.9774 0.00235804 -0.00522137 -0.0236163 0.048148 86 1
102.487 4.66098 -0.0436515 14.9793 0.00167607 0.0236988 -0.00852457 0.044652 87 1
103.684 4.60884 -0.0435174 14.9808 0.00362039 0.0188231 0.024304 0.044454 88 3
104.882 4.55705 -0.0432278 14.9815 0.00405055 0.00814199 0.00537701 0.044975 89 2
106.079 4.50565 -0.0429037 14.9803 0.00580543 -0.0151992 0.021936 0.049505 90 3
107.276 4.4548 -0.0424393 14.983 0.00603017 0.0336647 0.00280922 0.046676 91 2
108.474 4.40453 -0.0419569 14.9833 0.00759244 0.00371933 0.0195283 0.044676 92 3
109.672 4.35498 -0.0413495 14.9848 0.007642 0.0197768 0.000619597 0.044866 93 2
110.869 4.30615 -0.0407381 14.985 0.00769318 0.00231266 0.000639667 0.046357 94 2
112.067 4.25807 -0.0401227 14.9838 0.0077492 -0.0157356 0.000700308 0.046451 95 2
113.265 4.21073 -0.0395028 14.9829 0.00778109 -0.0106931 0.000398664 0.044834 96 2
114.463 4.16414 -0.0388803 14.9845 0.00780312 0.0200748 0.000275322 0.044349 97 2
115.661 4.11829 -0.038256 14.9838 0.00782878 -0.00944138 0.0003208 0.045098 98 2
116.858 4.07319 -0.0376297 14.9858 0.00783456 0.0255942 7.21775e-05 0.044297 99 2
118.056 4.02884 -0.037003 14.9858 0.00783198 -0.00064373 -3.2282e-05 0.046008 100 2
119.254 3.98524 -0.0363764 14.9825 0.00782964 -0.0408888 -2.91388e-05 0.046294 101 2
120.452 3.9424 -0.03575 14.9833 0.00781219 0.0101805 -0.000218203 0.046455 102 2
121.65 3.9003 -0.035125 14.9833 0.00779718 0.000190735 -0.000187609 0.045838 103 2
122.848 3.85896 -0.0345013 14.9864 0.00776645 0.0380516 -0.000384118 0.044694 104 2
124.046 3.81835 -0.03388 14.9843 0.00773951 -0.0255823 -0.000336749 0.045543 105 2
125.244 3.77848 -0.0332608 14.9881 0.0077032 0.0471234 -0.00045388 0.047582 106 2
126.443 3.73935 -0.0326445 14.9943 0.00305909 0.0782847 -0.0580514 0.046157 107 0
127.642 3.70049 -0.0323998 14.992 -0.000573593 -0.0297308 -0.0454085 0.044784 108 0
128.841 3.66158 -0.0324457 14.9999 -0.00379497 0.0986338 -0.0402672 0.044462 109 0
130.04 3.62229 -0.0327493 15.0003 -0.00662508 0.00525713 -0.0353764 0.046079 110 0
131.239 3.58236 -0.0332793 15.0017 -0.00913071 0.0177741 -0.0313204 0.047781 111 0
132.439 3.54155 -0.0340098 15.0033 -0.0113228 0.0193596 -0.0274017 0.047105 112 0
133.638 3.49965 -0.0349156 15.0029 -0.0132088 -0.00391006 -0.0235747 0.04953 113 0
134.838 3.45649 -0.0359723 15.0012 -0.0148172 -0.022161 -0.0201052 0.047135 114 0
136.037 3.4119 -0.0371577 15.0017 -0.0161919 0.00721216 -0.017183 0.04836 115 0
137.236 3.36577 -0.038453 15.0016 -0.0173258 -0.00135899 -0.0141744 0.05177 116 0
138.435 3.31797 -0.0398391 15.0002 -0.0141116 -0.0179768 0.0401774 0.044795 117 3
139.634 3.26882 -0.040968 14.9984 -0.0109803 -0.022912 0.039141 0.045934 118 3
140.833 3.21862 -0.0418464 14.9965 -0.00825525 -0.0233173 0.0340638 0.047372 119 2
142.032 3.16764 -0.0425069 14.9975 -0.00573847 0.0129461 0.0314597 0.046114 120 2
143.231 3.11611 -0.0429659 14.9964 -0.0034038 -0.0148058 0.0291834 0.044936 121 2
144.429 3.06425 -0.0432382 14.9957 -0.00125774 -0.00863075 0.0268257 0.045508 122 2
145.628 3.01228 -0.0433389 14.9948 0.00151974 -0.0102162 0.0347185 0.045217 123 3
146.826 2.96045 -0.0432173 14.9956 0.00410854 0.00983477 0.0323601 0.04943 124 3
148.025 2.90901 -0.0428886 14.9945 0.0065819 -0.0144482 0.030917 0.045081 125 3
149.223 2.85821 -0.0423621 14.994 0.00894481 -0.0061512 0.0295363 0.044413 126 3
150.422 2.80827 -0.0416465 14.9923 0.01112 -0.0206232 0.0271897 0.04472 127 3
151.62 2.7594 -0.0407569 14.9953 0.0131102 0.0377178 0.0248779 0.045426 128 3
152.819 2.71178 -0.0397081 14.9943 0.0149037 -0.0126362 0.0224186 0.044348 129 3
154.017 2.66559 -0.0385158 14.9981 0.0151822 0.0476122 0.00348157 0.044975 130 2
155.216 2.62084 -0.0373012 14.9988 0.0154356 0.00758171 0.00316713 0.045807 131 2
156.415 2.57758 -0.0360663 14.9998 0.0169202 0.0128984 0.0185575 0.045432 132 3
157.615 2.53593 -0.0347127 15.0045 0.0181983 0.059247 0.0159761 0.04712 133 3
158.814 2.49602 -0.0332569 15.0026 0.0188583 -0.0237703 0.00824998 0.045113 134 2
160.014 2.45792 -0.0317482 14.9416 0.00868923 -0.763178 -0.127113 0.047364 135 0
161.209 2.42081 -0.0310531 14.9448 0.0114803 0.0400305 0.0348889 0.045066 136 2
162.404 2.38478 -0.0301346 14.9492 0.013602 0.0547767 0.0265205 0.045999 137 2
163.599 2.35005 -0.0290465 14.957 0.0154463 0.098145 0.0230536 0.045806 138 2
164.795 2.31678 -0.0278108 14.9613 0.0171418 0.0540137 0.0211942 0.046744 139 2
165.992 2.28514 -0.0264394 14.9661 0.019005 0.0602245 0.02329 0.066226 140 2
167.189 2.2553 -0.024919 14.9895 0.0222371 0.292408 0.0404015 0.049716 141 1
168.388 2.22756 -0.0231401 15.0147 0.0250483 0.314462 0.0351395 0.045354 142 1
169.589 2.20217 -0.0211362 15.0464 0.0268104 0.396299 0.0220266 0.043586 143 1
170.792 2.17931 -0.0189914 15.0683 0.026885 0.274289 0.000932417 0.046306 144 1
171.997 2.15901 -0.0168406 15.0625 0.024098 -0.0728846 -0.0348381 0.046595 145 2
173.202 2.14104 -0.0149127 15.0641 0.0216008 0.0197887 -0.0312143 0.043222 146 2
174.407 2.12516 -0.0131847 15.0612 0.0187849 -0.0363827 -0.0351988 0.044164 147 1
175.612 2.11108 -0.0116819 15.0582 0.0158274 -0.0376701 -0.0369694 0.046218 148 2
176.817 2.09853 -0.0104157 15.0642 0.0131136 0.0760078 -0.0339219 0.043625 149 1
178.022 2.08724 -0.00936658 15.0646 0.010698 0.00417233 -0.0301945 0.042905 150 1
179.227 2.07699 -0.00851074 15.0633 0.00854416 -0.016129 -0.0269235 0.043571 151 2
180.432 2.06756 -0.00782721 15.0609 0.00571528 -0.030458 -0.035361 0.044023 152 1
181.637 2.05868 -0.00736999 15.0566 0.00466733 -0.0531912 -0.0130993 0.042563 153 2
182.841 2.05025 -0.0069966 15.0501 0.0027706 -0.0806689 -0.0237092 0.043843 154 1
184.045 2.04209 -0.00677495 15.0584 0.00172881 0.103414 -0.0130224 0.043467 155 1
185.25 2.0341 -0.00663665 15.0646 0.00133756 0.0777841 -0.00489066 0.043598 156 1
186.455 2.02623 -0.00652964 15.0765 0.00232227 0.147581 0.012309 0.042782 157 1
187.661 2.01858 -0.00634386 15.087 0.00355277 0.131702 0.0153812 0.043987 158 1
188.868 2.01126 -0.00605964 15.09 0.00263734 0.0370979 -0.0114429 0.044583 159 2
190.075 2.0042 -0.00584865 15.0892 0.00162127 -0.00910759 -0.0127009 0.05851 160 2
191.282 1.9973 -0.00571895 15.0918 0.000504176 0.0320792 -0.0139637 0.044773 161 2
192.49 1.99044 -0.00567861 15.0925 -8.35496e-05 0.00896454 -0.00734657 0.044413 162 2
193.697 1.98358 -0.0056853 15.1243 0.00154651 0.397444 0.0203757 0.044827 163 0
194.907 1.97685 -0.00556158 15.1192 0.00173081 -0.0639439 0.00230374 0.043937 164 2
196.116 1.97029 -0.00542311 15.1154 0.00189202 -0.0471473 0.00201512 0.044781 165 2
197.326 1.96391 -0.00527175 15.1093 0.00337637 -0.0759721 0.0185544 0.042628 166 3
198.534 1.95787 -0.00500164 15.1184 0.00339073 0.113726 0.000179536 0.0433 167 1
199.744 1.95215 -0.00473038 15.1516 0.00412504 0.415087 0.00917885 0.043528 168 0
200.956 1.94681 -0.00440038 15.1458 0.00400492 -0.0726461 -0.00150154 0.042217 169 2
202.168 1.94187 -0.00407999 15.1524 0.00392569 0.0819564 -0.000990357 0.041565 170 1
203.38 1.93731 -0.00376593 15.146 0.00513353 -0.0794292 0.015098 0.04385 171 3
204.591 1.93324 -0.00335525 15.1383 0.00485787 -0.096941 -0.00344567 0.043861 172 2
205.803 1.92965 -0.00296662 15.1321 0.00458853 -0.0778437 -0.0033668 0.043384 173 2
207.013 1.9265 -0.00259954 15.1313 0.00198591 -0.00975132 -0.0325328 0.059935 174 1
208.224 1.92355 -0.00244066 15.1251 -0.000540282 -0.0776887 -0.0315774 0.044133 175 1
209.434 1.92054 -0.00248389 15.1218 -0.00284903 -0.0404835 -0.0288594 0.042741 176 1
210.643 1.91726 -0.00271181 15.1167 -0.00493157 -0.0634789 -0.0260317 0.044129 177 1
211.853 1.9135 -0.00310634 15.1134 -0.00294939 -0.0415802 0.0247773 0.043327 178 3
213.062 1.90946 -0.00334229 15.1131 -0.00601845 -0.00331402 -0.0383633 0.043402 179 0
214.271 1.90484 -0.00382376 15.1119 -0.00885806 -0.0160933 -0.035495 0.044873 180 0
215.48 1.89936 -0.00453241 15.1112 -0.0114196 -0.00818968 -0.0320188 0.042765 181 0
216.689 1.89278 -0.00544597 15.1072 -0.00856223 -0.0503182 0.0357167 0.043084 182 3
217.897 1.88537 -0.00613095 15.1051 -0.00593693 -0.0264406 0.0328162 0.042652 183 3
219.106 1.87738 -0.00660591 15.1004 -0.00755117 -0.0583768 -0.020178 0.043671 184 1
220.314 1.86867 -0.00721 15.0993 -0.00895732 -0.0134945 -0.0175768 0.042917 185 1
221.521 1.8591 -0.00792658 15.0947 -0.0115064 -0.0573754 -0.031864 0.042291 186 0
222.729 1.84842 -0.0088471 15.091 -0.0137469 -0.0463486 -0.0280064 0.041049 187 0
223.936 1.83641 -0.00994685 15.0923 -0.0156828 0.0165224 -0.0241984 0.042605 188 0
225.143 1.82288 -0.0112015 15.0868 -0.013326 -0.0697613 0.0294608 0.042281 189 2
226.35 1.80808 -0.0122676 15.0878 -0.0151656 0.0130415 -0.0229954 0.041165 190 0
227.557 1.79181 -0.0134808 15.089 -0.0153993 0.0154495 -0.00292193 0.043062 191 1
228.764 1.77405 -0.0147127 15.0836 -0.0114977 -0.0682235 0.0487702 0.04339 192 3
229.971 1.75518 -0.0156326 15.0838 -0.0132768 0.0033021 -0.022239 0.044429 193 0
231.177 1.73504 -0.0166947 15.0774 -0.0148029 -0.0807881 -0.0190753 0.044834 194 0
232.383 1.71347 -0.0178789 15.0723 -0.0147543 -0.0636578 0.000607502 0.043735 195 1
233.589 1.69049 -0.0190593 15.0719 -0.0106167 -0.00494719 0.0517202 0.043178 196 3
234.794 1.66649 -0.0199086 15.0712 -0.0121859 -0.00872612 -0.0196158 0.043116 197 0
236 1.64131 -0.0208835 15.067 -0.0121767 -0.0519037 0.000114751 0.047003 198 1
237.205 1.61497 -0.0218576 15.0662 -0.0120998 -0.0109434 0.000961823 0.042679 199 1
238.41 1.58746 -0.0228256 15.0667 -0.0119609 0.00652075 0.00173599 0.043694 200 1
239.615 1.5588 -0.0237825 15.0596 -0.00906549 -0.0890136 0.0361929 0.043521 201 2
240.819 1.52927 -0.0245077 15.0578 -0.0104485 -0.022316 -0.0172882 0.045423 202 0
242.024 1.49875 -0.0253436 15.0519 -0.0075722 -0.0729203 0.0359543 0.045748 203 2
243.227 1.4675 -0.0259494 15.0495 -0.00761685 -0.030005 -0.000558031 0.043651 204 1
244.431 1.43553 -0.0265587 15.0514 -0.00492896 0.0228167 0.0335986 0.043997 205 2
245.634 1.40308 -0.0269531 15.0531 -0.00648908 0.0211716 -0.0195015 0.043574 206 0
246.838 1.37 -0.0274722 15.0525 -0.00783491 -0.00705719 -0.0168229 0.043072 207 0
248.042 1.33617 -0.028099 15.0524 -0.00363394 -0.00177622 0.0525121 0.044319 208 3
249.246 1.30199 -0.0283897 15.0546 -0.00116472 0.0280023 0.0308652 0.043042 209 2
250.45 1.26769 -0.0284829 15.0542 0.00243807 -0.00444651 0.0450349 0.043709 210 3
251.653 1.23363 -0.0282878 15.0515 0.00568677 -0.0338435 0.0406087 0.043136 211 3
252.857 1.20012 -0.0278329 15.0528 0.00859137 0.0154376 0.0363075 0.044328 212 3
254.061 1.16743 -0.0271456 15.0585 0.00581826 0.071013 -0.0346639 0.043339 213 0
255.265 1.13529 -0.0266801 15.0584 0.00735576 -0.00101328 0.0192188 0.043602 214 2
256.469 1.10387 -0.0260916 15.0592 0.00872731 0.0102401 0.0171444 0.045239 215 2
257.674 1.07328 -0.0253935 15.058 0.0112834 -0.0152588 0.0319513 0.043638 216 3
258.878 1.04378 -0.0244908 15.0605 0.00953105 0.0316143 -0.0219046 0.043409 217 1
260.083 1.01519 -0.0237283 15.0613 0.0106017 0.0106096 0.0133825 0.044141 218 2
261.287 0.987625 -0.0228802 15.0658 0.00884857 0.0562191 -0.0219135 0.044788 219 1
262.492 0.960903 -0.0221723 15.0618 0.0112795 -0.0504494 0.0303871 0.044074 220 3
263.697 0.935276 -0.0212699 15.0613 0.00807488 -0.00610352 -0.0400583 0.043118 221 0
264.901 0.910428 -0.0206239 15.0586 0.0105236 -0.0335932 0.0306087 0.044102 222 3
266.106 0.886598 -0.019782 15.0572 0.0113623 -0.017345 0.0104845 0.043657 223 2
267.31 0.863866 -0.0188731 15.0486 0.00693226 -0.108135 -0.055376 0.043467 224 0
268.514 0.841813 -0.0183185 15.015 -8.82886e-05 -0.420189 -0.0877569 0.047283 225 1
269.715 0.819802 -0.0183255 14.9702 -0.00981499 -0.559425 -0.121584 0.043878 226 1
270.912 0.796916 -0.0191107 14.9213 -0.0196323 -0.611901 -0.122716 0.044223 227 0
272.106 0.772231 -0.0206813 14.865 -0.0326472 -0.7038 -0.162687 0.044909 228 0
273.295 0.744533 -0.0232931 14.8179 -0.0408373 -0.587952 -0.102376 0.045637 229 0
274.48 0.713051 -0.0265601 14.6184 -0.0178079 -2.4938 0.287868 0.044804 230 2
275.649 0.680328 -0.0279847 14.6019 -0.0241446 -0.206411 -0.0792091 0.045923 231 1
276.816 0.645387 -0.0299163 14.6032 -0.0244211 0.0163913 -0.00345588 0.050401 232 0
277.984 0.608161 -0.03187 14.6063 -0.0267878 0.0387788 -0.0295836 0.043804 233 0
279.152 0.568424 -0.034013 14.5954 -0.0300413 -0.136042 -0.0406693 0.044602 234 1
280.319 0.525912 -0.0364163 14.5862 -0.0313029 -0.116038 -0.01577 0.045891 235 0
281.485 0.480508 -0.0389205 14.5835 -0.0324498 -0.0336647 -0.0143364 0.044244 236 0
282.65 0.432085 -0.0415165 14.5762 -0.0331844 -0.0903606 -0.00918224 0.045056 237 0
283.815 0.380594 -0.0441713 14.5803 -0.0378132 0.0502348 -0.0578607 0.044892 238 2
284.98 0.325564 -0.0471963 14.5881 -0.0412498 0.0977993 -0.0429572 0.044344 239 2
286.146 0.266657 -0.0504963 14.5833 -0.0402123 -0.0604391 0.0129688 0.045347 240 1
287.311 0.204022 -0.0537133 14.5827 -0.0387861 -0.00741482 0.017828 0.045465 241 1
288.476 0.137775 -0.0568162 14.589 -0.0369189 0.0797033 0.0233399 0.043366 242 1
289.641 0.0680581 -0.0597697 14.5905 -0.0345015 0.0187874 0.0302178 0.043679 243 1
290.806 -0.00488178 -0.0625298 14.5954 -0.0316153 0.0607014 0.036077 0.043444 244 1
291.971 -0.0807932 -0.065059 14.6126 -0.0284712 0.215638 0.0393017 0.044555 245 1
293.137 -0.159451 -0.0673367 14.6242 -0.0249699 0.144327 0.0437654 0.044936 246 1
294.304 -0.240503 -0.0693343 14.6379 -0.0212832 0.171995 0.0460839 0.045221 247 1
295.472 -0.32362 -0.071037 14.6555 -0.0174509 0.219274 0.0479039 0.04564 248 1
296.642 -0.408469 -0.072433 14.6654 -0.0135694 0.123346 0.0485184 0.044026 249 1
297.812 -0.494645 -0.0735186 14.6776 -0.0096731 0.152528 0.0487043 0.046737 250 1
298.983 -0.5818 -0.0742925 14.6906 -0.00579905 0.162864 0.0484256 0.04344 251 1
300.155 -0.669575 -0.0747564 14.6971 -0.00229126 0.0810385 0.0438474 0.046135 252 1
301.327 -0.757604 -0.0749397 14.7044 0.000615428 0.0909925 0.0363336 0.044616 253 1
302.5 -0.845619 -0.0748904 14.7069 0.00388441 0.0321507 0.0408622 0.043978 254 1
303.674 -0.933285 -0.0745797 14.7068 0.00843287 -0.00154972 0.0568558 0.044655 255 1
304.847 -1.02016 -0.0739051 14.7157 0.0133459 0.111556 0.0614124 0.045262 256 1
306.021 -1.10583 -0.0728374 14.7293 0.0174949 0.169265 0.0518635 0.043296 257 1
307.196 -1.18994 -0.0714378 14.7414 0.0210649 0.151145 0.044624 0.044625 258 1
308.373 -1.27213 -0.0697526 14.7535 0.0240516 0.15142 0.0373338 0.044827 259 1
309.55 -1.35213 -0.0678285 14.7594 0.0263021 0.0738621 0.0281323 0.047037 260 1
310.729 -1.42967 -0.0657243 14.7674 0.0280696 0.0996947 0.0220927 0.046494 261 1
311.908 -1.50462 -0.0634787 14.7786 0.0298596 0.139999 0.0223759 0.048142 262 1
313.088 -1.5768 -0.06109 14.7923 0.0313881 0.171614 0.0191055 0.045731 263 1
314.269 -1.64608 -0.0585789 14.7987 0.0353768 0.0806689 0.0498596 0.045671 264 3
315.451 -1.71205 -0.0557488 14.8026 0.0375416 0.0483155 0.0270596 0.046539 265 2
316.634 -1.77448 -0.0527455 14.8207 0.0393191 0.226343 0.0222187 0.044515 266 2
317.818 -1.83326 -0.0495999 14.8338 0.0388266 0.163007 -0.00615674 0.044074 267 1
319.003 -1.88842 -0.0464938 14.8449 0.0382667 0.139654 -0.00699819 0.043055 268 1
320.19 -1.93998 -0.0434325 14.8603 0.0377094 0.191653 -0.00696667 0.04387 269 1
321.378 -1.98801 -0.0404157 14.8648 0.0389254 0.0572085 0.0152006 0.044634 270 2
322.566 -2.03236 -0.0373017 14.8649 0.0398794 0.000965595 0.0119245 0.044402 271 2
323.754 -2.07292 -0.0341113 14.8802 0.0378824 0.191569 -0.0249624 0.0446 272 1
324.944 -2.10991 -0.0310807 14.8822 0.0386149 0.0248551 0.00915695 0.043927 273 2
326.134 -2.14324 -0.0279916 14.8871 0.0404726 0.0604033 0.0232203 0.043771 274 3
327.325 -2.17271 -0.0247537 14.8969 0.040625 0.12337 0.00190558 0.045186 275 2
328.516 -2.19834 -0.0215037 14.8974 0.0419168 0.00590086 0.0161477 0.044898 276 3
329.708 -2.21997 -0.0181504 14.8997 0.0388795 0.0285625 -0.0379667 0.043898 277 1
330.9 -2.2379 -0.01504 14.9065 0.03866 0.085032 -0.00274344 0.044464 278 2
332.092 -2.25214 -0.0119472 14.9058 0.0356122 -0.00904799 -0.0380974 0.045509 279 1
333.285 -2.26299 -0.00909826 14.9031 0.0327105 -0.0335932 -0.036271 0.044649 280 1
334.477 -2.27072 -0.00648142 14.9108 0.0299604 0.0971556 -0.0343764 0.044062 281 1
335.67 -2.27559 -0.00408459 14.9154 0.0300532 0.0567436 0.0011595 0.045073 282 2
336.863 -2.2776 -0.00168033 14.917 0.0299619 0.0201583 -0.00114092 0.043678 283 2
338.056 -2.27674 0.000716621 14.9251 0.031104 0.101435 0.0142765 0.043099 284 3
339.25 -2.27291 0.00320494 14.9254 0.0319671 0.0038147 0.0107885 0.043134 285 3
340.444 -2.26603 0.00576231 14.9287 0.0325678 0.0407219 0.0075079 0.04344 286 3
341.639 -2.25604 0.00836773 14.9348 0.031655 0.0766516 -0.0114094 0.044083 287 2
342.833 -2.24302 0.0109001 14.9407 0.0279952 0.0732899 -0.0457474 0.0435 288 1
344.029 -2.22731 0.0131397 14.9407 0.025008 0.000917912 -0.0373395 0.044996 289 1
345.224 -2.20922 0.0151404 14.9458 0.0257494 0.0626206 0.00926703 0.043743 290 3
346.419 -2.18865 0.0172003 14.9517 0.0262923 0.0748515 0.00678566 0.043611 291 3
347.615 -2.16556 0.0193037 14.9539 0.0243322 0.026381 -0.0245011 0.045388 292 0
348.811 -2.14014 0.0212503 14.9616 0.0207393 0.0962496 -0.0449108 0.043875 293 1
350.008 -2.11272 0.0229094 14.963 0.0173793 0.0186563 -0.0420004 0.045583 294 1
351.204 -2.08364 0.0242998 14.9617 0.0182568 -0.0164032 0.0109687 0.04457 295 3
352.401 -2.05281 0.0257603 14.9669 0.0176325 0.0648856 -0.00780334 0.048101 296 2
353.598 -2.02028 0.0271709 14.9685 0.0169424 0.0197649 -0.00862684 0.046838 297 2
354.795 -1.98613 0.0285263 14.9727 0.0135951 0.0518084 -0.0418402 0.046957 298 1
355.992 -1.95066 0.0296139 14.9758 0.0131485 0.0396729 -0.00558308 0.04687 299 2
357.19 -1.91392 0.0306658 14.9784 0.0100063 0.0316143 -0.0392779 0.047601 300 1
358.387 -1.87623 0.0314663 14.9802 0.00711839 0.0228405 -0.0360985 0.046944 301 1
359.585 -1.83784 0.0320358 14.9898 0.00710436 0.119901 -0.000175374 0.048097 302 2
360.784 -1.79875 0.0326041 14.9926 0.00701716 0.0350356 -0.00108997 0.048119 303 2
361.982 -1.75898 0.0331655 15.0001 0.00688775 0.0943542 -0.00161761 0.044262 304 2
363.182 -1.71852 0.0337165 15.0091 0.00806327 0.112391 0.014694 0.04424 305 3
364.382 -1.67727 0.0343616 15.0151 0.00505287 0.0751972 -0.0376301 0.042962 306 1
365.582 -1.63552 0.0347658 15.0234 0.002272 0.103283 -0.0347609 0.043574 307 1
366.783 -1.59353 0.0349476 15.0267 0.00240356 0.0408173 0.00164453 0.046699 308 2
367.985 -1.55129 0.0351399 15.0212 -0.000198915 -0.0684142 -0.0325309 0.045074 309 1
369.186 -1.50909 0.035124 15.0155 -0.00390721 -0.0706077 -0.0463537 0.04329 310 0
370.386 -1.46729 0.0348114 15.0208 -0.0058933 0.0663281 -0.0248261 0.046412 311 1
371.587 -1.42603 0.0343399 15.024 -0.00768348 0.0397563 -0.0223771 0.046809 312 1
372.788 -1.3855 0.0337252 15.0244 -0.00929217 0.00456572 -0.0201086 0.044104 313 1
373.99 -1.34587 0.0329819 15.024 -0.0107207 -0.00427961 -0.0178569 0.044509 314 1
375.191 -1.30726 0.0321242 15.0232 -0.00931326 -0.0100017 0.0175932 0.063867 315 2
376.392 -1.26955 0.0313791 15.0265 -0.00800168 0.0412345 0.0163948 0.047159 316 2
377.594 -1.23261 0.030739 15.026 -0.00949754 -0.00649691 -0.0186983 0.045735 317 1
378.795 -1.19658 0.0299792 15.0238 -0.0108376 -0.0281096 -0.0167513 0.045784 318 1
379.997 -1.16159 0.0291122 15.021 -0.0120129 -0.0341415 -0.0146906 0.045171 319 1
381.198 -1.12777 0.0281512 15.0253 -0.0130251 0.0537872 -0.012653 0.04388 320 1
382.4 -1.09518 0.0271091 15.0215 -0.00989517 -0.0477433 0.0391244 0.044589 321 3
383.601 -1.06356 0.0263175 15.0172 -0.011072 -0.0535846 -0.0147101 0.043893 322 1
384.802 -1.03301 0.0254318 15.0143 -0.0120909 -0.0369549 -0.0127368 0.047089 323 1
386.003 -1.00363 0.0244645 15.0082 -0.0102985 -0.0756502 0.0224052 0.046215 324 2
387.203 -0.975248 0.0236406 15.0105 -0.0113302 0.0286698 -0.0128957 0.046111 325 1
388.404 -0.94795 0.0227342 15.0132 -0.00819535 0.0340104 0.0391853 0.045365 326 3
389.604 -0.921434 0.0220786 15.0123 -0.0067182 -0.0118375 0.0184644 0.044599 327 2
390.805 -0.895566 0.0215411 15.0123 -0.00804515 -0.000584126 -0.0165869 0.044185 328 1
392.006 -0.87047 0.0208975 15.0115 -0.00653094 -0.00966787 0.0189275 0.043949 329 2
393.206 -0.846003 0.020375 15.0099 -0.00783477 -0.019753 -0.0162979 0.046224 330 1
394.407 -0.822291 0.0197483 15.0116 -0.00899108 0.0215054 -0.0144539 0.043667 331 1
395.608 -0.79944 0.019029 15.0147 -0.00599458 0.038147 0.0374563 0.043917 332 3
396.809 -0.77716 0.0185494 15.0062 -0.00730397 -0.106025 -0.0163674 0.045107 333 1
398.009 -0.755594 0.0179651 15.0114 -0.00971676 0.0647426 -0.0301599 0.044798 334 0
399.21 -0.734954 0.0171877 15.0145 -0.00789502 0.0393748 0.0227718 0.042971 335 2
400.411 -0.715069 0.0165561 15.0157 -0.00892615 0.0146508 -0.0128892 0.048208 336 1
