1.12 10 0 14.0438 -0.00400715 0.547397 -0.0500893 0.104512 1 7
2.2435 9.99964 -0.000320572 14.0856 -0.00624414 0.522804 -0.0279625 0.130153 2 8
3.37035 9.99872 -0.000820103 14.1261 -0.0109195 0.505686 -0.0584421 0.109736 3 6
4.50044 9.9968 -0.00169366 14.1651 -0.0123793 0.487399 -0.0182476 0.108194 4 8
5.63364 9.99376 -0.00268401 14.2024 -0.0163326 0.467098 -0.0494159 0.105524 5 6
6.76982 9.98923 -0.00399062 14.2372 -0.0171115 0.434029 -0.00973607 0.106023 6 8
7.90878 9.98312 -0.00535954 14.2699 -0.019079 0.408888 -0.0245942 0.104958 7 7
9.05034 9.97526 -0.00688586 14.3018 -0.0207617 0.399101 -0.0210337 0.103495 8 7
10.1944 9.96548 -0.00854679 14.3322 -0.0194672 0.380099 0.016182 0.105771 9 9
11.341 9.9539 -0.0101042 14.3609 -0.0222469 0.359201 -0.0347473 0.103698 10 6
12.4898 9.94024 -0.0118839 14.3883 -0.0232862 0.342023 -0.0129902 0.105448 11 7
13.6407 9.92442 -0.0137468 14.4145 -0.0227512 0.32711 0.00668699 0.105129 12 8
14.7937 9.90647 -0.0155669 14.4393 -0.0221521 0.310993 0.00748849 0.105164 13 8
15.9487 9.88644 -0.0173391 14.4625 -0.0241919 0.289524 -0.0254978 0.106352 14 6
17.1055 9.86414 -0.0192744 14.4875 -0.0259131 0.312781 -0.0215142 0.108184 15 6
18.2642 9.8394 -0.0213475 14.5109 -0.0259707 0.292015 -0.000720262 0.106618 16 7
19.4248 9.81221 -0.0234251 14.5318 -0.0245336 0.261068 0.0179631 0.108005 17 8
20.5869 9.7827 -0.0253878 14.5516 -0.0284586 0.247753 -0.0490616 0.106593 18 4
21.7506 9.7505 -0.0276645 14.5713 -0.0278322 0.246847 0.00782956 0.107087 19 7
22.9158 9.71566 -0.0298911 14.5896 -0.0297928 0.227952 -0.0245079 0.105188 20 5
24.0824 9.678 -0.0322745 14.6083 -0.0273724 0.233459 0.0302559 0.108819 21 8
25.2503 9.63773 -0.0344643 14.625 -0.0250313 0.2087 0.029263 0.10986 22 8
26.4196 9.59507 -0.0364668 14.6427 -0.0254877 0.222301 -0.00570454 0.108581 23 6
27.5901 9.54998 -0.0385058 14.6592 -0.0270743 0.205386 -0.0198328 0.107634 24 5
28.7619 9.50229 -0.0406718 14.6738 -0.0256646 0.183368 0.0176213 0.103714 25 7
29.9347 9.45215 -0.0427249 14.6869 -0.0228945 0.163281 0.0346261 0.106781 26 8
31.1085 9.39982 -0.0445565 14.6995 -0.0189153 0.157845 0.0497401 0.109441 27 9
32.2832 9.34566 -0.0460697 14.7125 -0.0152154 0.162101 0.0462488 0.110026 28 9
33.4589 9.29003 -0.047287 14.724 -0.014468 0.143647 0.0093427 0.106899 29 7
34.6354 9.23298 -0.0484444 14.7381 -0.0163917 0.176334 -0.0240464 0.109107 30 5
35.813 9.17434 -0.0497557 14.7494 -0.0139734 0.141025 0.0302294 0.106187 31 8
36.9914 9.11434 -0.0508736 14.7595 -0.0116851 0.126076 0.0286034 0.110836 32 8
38.1706 9.0532 -0.0518084 14.7692 -0.00952778 0.121701 0.0269663 0.110026 33 8
39.3505 8.99111 -0.0525706 14.7822 -0.0101941 0.162852 -0.00832842 0.107545 34 6
40.5314 8.92801 -0.0533862 14.7928 -0.0120363 0.132596 -0.0230276 0.109244 35 5
41.7131 8.86372 -0.0543491 14.8023 -0.0109147 0.117695 0.0140198 0.109738 36 7
42.8955 8.79836 -0.0552222 14.8116 -0.00847459 0.116348 0.0305012 0.110708 37 8
44.0785 8.73216 -0.0559002 14.8196 -0.00619868 0.100851 0.0284489 0.113135 38 8
45.2622 8.66533 -0.0563961 14.8297 -0.0133665 0.125885 -0.0895984 0.104952 39 1
46.4466 8.59719 -0.0574654 14.8369 -0.0130906 0.0895023 0.00344897 0.105296 40 6
47.6316 8.52778 -0.0585127 14.8431 -0.0113944 0.0786304 0.0212022 0.104937 41 7
48.8169 8.45726 -0.0594242 14.8483 -0.00707764 0.0648022 0.0539601 0.104305 42 9
50.0026 8.38604 -0.0599904 14.8569 -0.00716001 0.106895 -0.00102961 0.104813 43 6
51.189 8.3141 -0.0605632 14.8638 -0.00715143 0.0867009 0.000107224 0.105807 44 6
52.3759 8.24145 -0.0611354 14.8698 -0.00571168 0.0745773 0.0179969 0.131365 45 7
53.5632 8.16823 -0.0615923 14.8778 -0.005708 0.0997067 4.59899e-05 0.107121 46 6
54.7512 8.09443 -0.0620489 14.8823 -0.0042584 0.0564933 0.01812 0.137786 47 7
55.9394 8.02019 -0.0623896 14.8887 -0.00289888 0.0802159 0.016994 0.110013 48 7
57.1282 7.94565 -0.0626215 14.8947 -0.00161615 0.0746131 0.0160342 0.108136 49 7
58.3174 7.87093 -0.0627508 14.9002 -0.000404204 0.0689983 0.0151493 0.106198 50 7
59.5071 7.79614 -0.0627831 14.905 -0.000594802 0.0599861 -0.00238248 0.114718 51 6
60.6971 7.72127 -0.0628307 14.912 -0.000737996 0.0877023 -0.00178992 0.106377 52 6
61.8877 7.6463 -0.0628898 14.9155 0.000547775 0.0431299 0.0160721 0.111394 53 7
63.0786 7.57136 -0.0628459 14.9205 0.00174933 0.0628114 0.0150194 0.129408 54 7
64.2699 7.49656 -0.062706 14.9247 0.00152129 0.0530839 -0.00285044 0.115414 55 6
65.4615 7.42188 -0.0625843 14.8908 -0.0089297 -0.42392 -0.130637 0.107639 56 0
66.6504 7.34653 -0.0632987 14.898 -0.0052684 0.0903606 0.0457663 0.108168 57 8
67.8398 7.27063 -0.0637201 14.9035 -0.00456819 0.0688434 0.00875254 0.105713 58 6
69.0297 7.19428 -0.0640856 14.9093 -0.00252532 0.0714064 0.0255359 0.11272 59 7
70.22 7.11765 -0.0642876 14.9149 0.000696392 0.0704169 0.0402714 0.104054 60 8
71.4107 7.04106 -0.0642319 14.9191 0.0023222 0.0522017 0.0203226 0.111016 61 7
72.6018 6.96467 -0.0640461 14.9233 0.00248998 0.0530481 0.00209731 0.118745 62 6
73.7932 6.8885 -0.0638469 14.9283 0.00400265 0.062263 0.0189084 0.108357 63 7
74.9851 6.81268 -0.0635267 15.0167 0.00122995 1.10523 -0.0346587 0.106546 64 0
76.184 6.73654 -0.0634283 15.0152 0.00429384 -0.0190258 0.0382985 0.104557 65 8
77.3828 6.66081 -0.0630848 15.0149 0.00573424 -0.00382662 0.018005 0.11298 66 7
78.5816 6.58563 -0.0626261 15.0158 0.00570767 0.0113487 -0.000332069 0.110814 67 6
79.7806 6.511 -0.0621695 15.0157 0.00839753 -0.00144243 0.0336232 0.108989 68 8
80.9796 6.43717 -0.0614977 15.013 0.00949845 -0.0329971 0.0137615 0.106274 69 7
82.1784 6.36427 -0.0607378 15.0107 0.010489 -0.0292659 0.0123825 0.105342 70 7
83.3771 6.29238 -0.0598987 15.0096 0.0140564 -0.0141621 0.0445921 0.108002 71 9
84.5758 6.22185 -0.0587742 15.0097 0.0118665 0.00151396 -0.0273735 0.105517 72 5
85.7746 6.15245 -0.0578248 15.0064 0.0152774 -0.0409603 0.0426364 0.106033 73 9
86.9731 6.08453 -0.0566026 15.0026 0.0169731 -0.0480056 0.0211958 0.104853 74 8
88.1715 6.01826 -0.0552448 15.0005 0.0157906 -0.0264645 -0.0147819 0.104626 75 6
89.3698 5.95351 -0.0539815 14.9965 0.0173875 -0.0488877 0.0199618 0.104641 76 8
90.5679 5.89045 -0.0525905 14.9965 0.0187577 -0.000238419 0.0171276 0.104717 77 8
91.766 5.82918 -0.0510899 15.0527 0.0162219 0.702596 -0.0316982 0.106644 78 11
92.9688 5.76925 -0.0497922 15.0483 0.0176383 -0.0551701 0.017706 0.106552 79 8
94.1712 5.71103 -0.0483811 15.0442 0.0188682 -0.0517845 0.0153732 0.105543 80 8
95.3734 5.65463 -0.0468717 15.0415 0.0132446 -0.0331163 -0.0702948 0.109207 81 3
96.5755 5.59953 -0.0458121 15.0389 0.00817952 -0.0326395 -0.0633136 0.110018 82 3
97.7774 5.54522 -0.0451577 15.0376 0.00492051 -0.0160217 -0.0407377 0.1058 83 4
98.9792 5.49138 -0.0447641 15.0374 0.00735977 -0.00340939 0.0304908 0.106762 84 8
100.181 5.43826 -0.0441753 15.0359 0.00821842 -0.0177383 0.0107331 0.106004 85 7
101.383 5.38593 -0.0435178 15.032 0.00899594 -0.0496626 0.00971906 0.104717 86 7
102.584 5.33448 -0.0427982 15.0283 0.00701096 -0.0453711 -0.0248123 0.105071 87 5
103.785 5.28371 -0.0422373 15.0255 0.00924939 -0.0356555 0.0279804 0.108214 88 8
104.986 5.23384 -0.0414973 15.0242 0.00991023 -0.0165582 0.00826053 0.10502 89 7
106.187 5.18493 -0.0407045 15.0248 0.010477 0.00786781 0.00708496 0.103784 90 7
107.388 5.13703 -0.0398663 15.024 0.00828927 -0.00990629 -0.0273469 0.108655 91 5
108.589 5.08992 -0.0392032 15.0177 0.0117074 -0.0782967 0.0427269 0.108373 92 9
109.79 5.04396 -0.0382666 15.0185 0.0120582 0.00935793 0.00438455 0.107819 93 7
110.991 4.99915 -0.037302 15.019 0.0109962 0.00686646 -0.0132748 0.105383 94 6
112.191 4.9554 -0.0364223 15.017 0.0100313 -0.0254631 -0.0120611 0.105203 95 6
113.392 4.91261 -0.0356197 15.018 0.00381128 0.0131488 -0.0777506 0.105435 96 2
114.593 4.87019 -0.0353148 15.0177 -0.00309047 -0.00408888 -0.0862718 0.10764 97 1
115.793 4.82748 -0.0355621 15.0171 -0.00260196 -0.00773668 0.00610638 0.1097 98 6
116.994 4.78451 -0.0357702 15.0152 -0.00212088 -0.024128 0.00601349 0.106572 99 6
118.194 4.74135 -0.0359399 15.0122 -0.00164477 -0.0370026 0.00595129 0.112244 100 6
119.394 4.69804 -0.0360715 15.0072 -0.0011803 -0.0629902 0.0058059 0.104756 101 6
120.594 4.65463 -0.0361659 15.006 -0.00604915 -0.0144362 -0.0608606 0.103998 102 2
121.794 4.61064 -0.0366498 15.0074 -0.00506857 0.0168085 0.0122573 0.102106 103 6
122.994 4.56616 -0.0370553 15.0066 -0.0107584 -0.00944138 -0.0711223 0.109565 104 1
124.193 4.52066 -0.037916 15.007 -0.0091606 0.00472069 0.019972 0.11116 105 6
125.393 4.47427 -0.0386489 15.0086 -0.00765552 0.0196576 0.0188134 0.111423 106 6
126.593 4.42714 -0.0392613 15.0097 -0.0115792 0.0145316 -0.0490457 0.108654 107 2
127.793 4.3789 -0.0401876 15.0123 -0.0150233 0.0321865 -0.0430512 0.111611 108 2
128.993 4.3292 -0.0413895 15.0136 -0.0166989 0.0161409 -0.0209458 0.110853 109 3
130.192 4.2779 -0.0427254 15.0124 -0.0180973 -0.0145078 -0.0174791 0.10845 110 3
131.392 4.22487 -0.0441732 15.0164 -0.0205795 0.0496387 -0.0310277 0.118195 111 2
132.592 4.16984 -0.0458195 15.0202 -0.0226788 0.0481725 -0.0262412 0.106653 112 2
133.793 4.11263 -0.0476338 15.0246 -0.0257439 0.0538588 -0.0383145 0.107032 113 1
134.993 4.05292 -0.0496934 15.0248 -0.0269901 0.00263453 -0.0155769 0.105739 114 2
136.193 3.99062 -0.0518526 15.0278 -0.0279941 0.0381827 -0.0125498 0.108544 115 2
137.394 3.92562 -0.0540921 15.0274 -0.0286999 -0.00505447 -0.00882316 0.107308 116 2
138.594 3.85787 -0.0563881 15.0239 -0.0304371 -0.043869 -0.021714 0.109812 117 1
139.794 3.78721 -0.0588231 15.0165 -0.0250135 -0.0928283 0.0677944 0.105789 118 7
140.993 3.71419 -0.0608241 15.0165 -0.0201264 0.000238419 0.0610892 0.105111 119 6
142.192 3.63923 -0.0624342 15.0154 -0.0155753 -0.0132084 0.0568885 0.104268 120 6
143.391 3.56279 -0.0636803 15.0161 -0.0113769 0.00795126 0.05248 0.11378 121 6
144.59 3.48525 -0.0645904 15.0132 -0.00747388 -0.0355959 0.0487876 0.10437 122 6
145.788 3.40701 -0.0651883 15.0159 -0.00330868 0.033462 0.0520649 0.107535 123 7
146.987 3.32844 -0.065453 15.0226 -0.00115911 0.0833869 0.0268696 0.110165 124 8
148.186 3.24972 -0.0655458 15.022 0.00191957 -0.00679493 0.0384835 0.106958 125 6
149.385 3.17119 -0.0653922 15.0029 -0.00515477 -0.239575 -0.0884292 0.105152 126 0
150.583 3.09227 -0.0658046 15.0027 -0.00044411 -0.00208616 0.0588832 0.10274 127 7
151.781 3.0133 -0.0658401 15.0023 0.00392286 -0.004673 0.0545871 0.103686 128 7
152.978 2.93472 -0.0655263 14.9995 0.00794758 -0.0355363 0.050309 0.103375 129 7
154.176 2.85691 -0.0648905 14.9973 0.0116318 -0.0269532 0.0460532 0.128819 130 7
155.373 2.78022 -0.0639599 14.9955 0.0149608 -0.0225902 0.0416121 0.103688 131 7
156.57 2.70498 -0.0627631 14.9813 0.00735623 -0.177634 -0.0950571 0.109273 132 0
157.766 2.63051 -0.0621746 14.9842 0.011134 0.0364542 0.0472215 0.10677 133 7
158.963 2.55709 -0.0612838 14.9819 0.0145283 -0.0290632 0.0424297 0.102914 134 7
160.159 2.48507 -0.0601216 14.9824 0.00948547 0.00684261 -0.0630356 0.103938 135 1
161.356 2.41396 -0.0593627 14.9788 0.014848 -0.0460625 0.0670312 0.104654 136 6
162.552 2.34429 -0.0581749 14.9795 0.0178246 0.00929832 0.0372079 0.102314 137 7
163.749 2.27632 -0.0567489 14.9817 0.0220016 0.0271678 0.0522129 0.105743 138 6
164.945 2.21045 -0.0549888 14.9848 0.0148125 0.0384331 -0.0898642 0.108567 139 0
166.142 2.14598 -0.0538038 14.9927 0.0208778 0.0990033 0.075816 0.107139 140 5
167.34 2.08348 -0.0521336 14.9945 0.013691 0.0226259 -0.0898344 0.102989 141 0
168.538 2.02228 -0.0510383 14.9715 0.00674621 -0.287271 -0.0868103 0.104089 142 1
169.734 1.96183 -0.0504986 14.9562 3.55199e-05 -0.191224 -0.0838836 0.107068 143 0
170.929 1.90143 -0.0504958 14.9581 0.00748272 0.0240922 0.09309 0.107234 144 5
172.124 1.84175 -0.0498971 14.9544 0.0126059 -0.0463486 0.06404 0.106677 145 5
173.319 1.78329 -0.0488887 14.96 0.0156273 0.0696063 0.0377674 0.103946 146 4
174.515 1.72629 -0.0476385 14.9633 0.0156529 0.0413895 0.000319979 0.106217 147 5
175.711 1.67079 -0.0463862 14.9649 0.0166286 0.0193477 0.0121961 0.106499 148 6
176.906 1.61686 -0.045056 14.9692 0.0176493 0.0539064 0.0127589 0.104358 149 4
178.103 1.56462 -0.043644 14.972 0.0183004 0.0357986 0.00813843 0.136872 150 6
179.3 1.51411 -0.04218 14.9743 0.0190049 0.0285149 0.00880612 0.104202 151 6
180.497 1.46541 -0.0406596 14.9822 0.0211672 0.0981927 0.0270297 0.106466 152 3
181.694 1.41872 -0.0389662 14.9821 0.0216762 -0.0012517 0.00636198 0.106578 153 6
182.892 1.37411 -0.0372321 14.9807 0.0218597 -0.0172615 0.00229389 0.101378 154 4
184.09 1.33159 -0.0354833 14.9813 0.0227083 0.00778437 0.0106067 0.103628 155 4
185.287 1.29125 -0.0336667 14.9816 0.0228429 0.00383854 0.00168271 0.103397 156 6
186.485 1.25309 -0.0318392 14.9828 0.024341 0.0151396 0.0187271 0.101393 157 5
187.683 1.21727 -0.029892 14.9914 0.0273596 0.107384 0.0377322 0.100461 158 4
188.882 1.18405 -0.0277032 14.9926 0.0268835 0.014472 -0.00595159 0.099302 159 6
190.081 1.15341 -0.0255525 14.9887 0.0262734 -0.0485778 -0.00762576 0.107002 160 6
191.28 1.12529 -0.0234506 14.986 0.0270281 -0.0339985 0.00943367 0.102782 161 5
192.479 1.09977 -0.0212884 14.9909 0.0274381 0.061214 0.0051243 0.100883 162 5
193.678 1.07687 -0.0190933 14.9923 0.0269786 0.0176907 -0.00574272 0.099418 163 7
194.877 1.05656 -0.0169351 14.9958 0.0259456 0.0444412 -0.0129127 0.103402 164 6
196.077 1.03874 -0.0148594 14.9956 0.02513 -0.00286102 -0.0101957 0.099115 165 6
197.276 1.02332 -0.012849 14.9957 0.0245409 0.00172853 -0.00736397 0.100401 166 6
198.476 1.01026 -0.0108857 14.9953 0.0249493 -0.00599623 0.00510488 0.100452 167 5
199.675 0.999599 -0.0088898 14.9956 0.0237578 0.00413656 -0.0148926 0.099532 168 6
200.875 0.991214 -0.00698917 14.9983 0.0251249 0.0335097 0.0170883 0.097791 169 8
202.075 0.98524 -0.00497918 14.9997 0.0253452 0.0176072 0.00275411 0.098152 170 5
203.275 0.981698 -0.00295156 14.9996 0.0256936 -0.00110865 0.00435393 0.103924 171 5
204.475 0.980623 -0.000896071 14.9984 0.0251756 -0.0155687 -0.00647476 0.105731 172 7
205.674 0.981964 0.00111798 15.0002 0.024602 0.0236034 -0.00716932 0.102132 173 7
206.875 0.985668 0.00308614 15.0031 0.022755 0.035286 -0.0230876 0.103556 174 6
208.075 0.991557 0.00490654 15.0034 0.0209015 0.00369549 -0.023169 0.104269 175 6
209.275 0.999453 0.00657866 15.0037 0.020422 0.00377893 -0.00599429 0.100712 176 7
210.475 1.00931 0.00821242 15.006 0.0198955 0.0292897 -0.00658087 0.100255 177 7
211.676 1.02108 0.00980406 15.0047 0.0193121 -0.0157833 -0.00729272 0.10328 178 7
212.876 1.0347 0.011349 15.0047 0.0163985 -7.15256e-05 -0.0364201 0.103184 179 5
214.076 1.0499 0.0126609 15.0074 0.0136557 0.0339031 -0.0342843 0.103355 180 5
215.277 1.06641 0.0137534 15.0114 0.0134568 0.0499845 -0.00248654 0.098532 181 7
216.478 1.08422 0.0148299 15.012 0.0118677 0.0074029 -0.0198642 0.100282 182 6
217.678 1.10317 0.0157793 15.0181 0.0103737 0.0754714 -0.0186748 0.101136 183 6
218.88 1.12312 0.0166092 15.0168 0.00895842 -0.0156045 -0.0176907 0.103225 184 6
220.081 1.14394 0.0173259 15.0178 0.00763198 0.0122547 -0.0165804 0.098531 185 6
221.282 1.16549 0.0179364 15.0196 0.00388213 0.0223279 -0.0468732 0.102974 186 4
222.483 1.18741 0.018247 15.0224 0.000427876 0.0347257 -0.0431781 0.110852 187 4
223.685 1.20938 0.0182812 15.0267 0.00120988 0.0543118 0.009775 0.096488 188 7
224.887 1.23147 0.018378 15.027 0.00187878 0.00338554 0.00836127 0.098889 189 7
226.089 1.25374 0.0185283 15.0295 0.00112032 0.0308394 -0.00948075 0.098253 190 6
227.291 1.27613 0.018618 15.0302 -0.000920321 0.00969172 -0.025508 0.100547 191 5
228.493 1.29842 0.0185443 15.027 -0.00411547 -0.0409126 -0.0399394 0.096942 192 4
229.695 1.32032 0.0182151 15.0286 -0.00294879 0.0211 0.0145836 0.103066 193 7
230.897 1.34193 0.0179792 15.0247 -0.00726801 -0.0493526 -0.0539902 0.101954 194 3
232.099 1.36285 0.0173977 15.0245 -0.00978787 -0.00302792 -0.0314982 0.098903 195 4
233.301 1.38281 0.0166147 15.0261 -0.0106895 0.0207305 -0.0112706 0.096565 196 5
234.503 1.40176 0.0157596 15.0248 -0.0128022 -0.0159264 -0.0264091 0.099181 197 4
235.705 1.41947 0.0147354 15.0248 -0.0133163 -0.000667572 -0.00642571 0.098677 198 5
236.907 1.4359 0.0136701 15.025 -0.0123855 0.00324249 0.0116354 0.099502 199 6
238.108 1.45114 0.0126792 15.0191 -0.0141786 -0.0747204 -0.0224137 0.102877 200 4
239.31 1.46501 0.011545 15.0197 -0.0157346 0.00758171 -0.0194504 0.097401 201 4
240.511 1.47737 0.0102862 15.0201 -0.0157322 0.00472069 2.95229e-05 0.098674 202 5
241.713 1.48822 0.0090276 15.0173 -0.0143223 -0.0348449 0.017624 0.102377 203 6
242.914 1.49769 0.00788182 15.0167 -0.0143361 -0.00730753 -0.000172656 0.102469 204 5
244.116 1.50578 0.00673493 15.0133 -0.0129471 -0.0424504 0.0173628 0.096791 205 6
245.317 1.51262 0.00569916 15.0184 -0.0129836 0.0641465 -0.000456057 0.100906 206 5
246.518 1.51822 0.00466048 15.0208 -0.0089404 0.030005 0.0505398 0.098336 207 8
247.72 1.52296 0.00394524 15.0212 -0.00660235 0.00514984 0.0292256 0.09927 208 7
248.921 1.52707 0.00341706 15.0246 -0.00849232 0.0422716 -0.0236247 0.10141 209 4
250.123 1.53036 0.00273767 15.027 -0.0115255 0.029242 -0.0379151 0.102647 210 3
251.326 1.53254 0.00181563 15.028 -0.0114918 0.0125766 0.000421901 0.100799 211 5
252.528 1.53362 0.000896285 15.0303 -0.0114082 0.0289202 0.00104451 0.10357 212 5
253.73 1.5336 -1.63729e-05 15.0303 -0.011278 0.000751019 0.00162829 0.11112 213 5
254.933 1.5325 -0.00091861 15.031 -0.0124509 0.00790358 -0.0146611 0.101684 214 4
256.135 1.53019 -0.00191468 15.0352 -0.0160869 0.0535607 -0.0454504 0.104278 215 2
257.338 1.52634 -0.00320163 15.0377 -0.0139611 0.031054 0.0265718 0.104018 216 6
258.541 1.52115 -0.00431852 15.0378 -0.0093063 0.000703335 0.0581854 0.103809 217 8
259.744 1.51506 -0.00506302 15.0452 -0.00641854 0.0926137 0.036097 0.104151 218 7
260.948 1.50834 -0.00557651 15.0457 -0.00913512 0.00575781 -0.0339572 0.099923 219 3
262.151 1.50075 -0.00630732 15.0398 -0.00483883 -0.0729918 0.0537036 0.099517 220 8
263.354 1.4927 -0.00669442 15.0403 -0.00630863 0.00596046 -0.0183725 0.100623 221 4
264.557 1.48404 -0.00719911 15.0458 -0.00757853 0.0686049 -0.0158738 0.103887 222 4
265.761 1.47464 -0.00780539 15.0474 -0.00868693 0.0205159 -0.013855 0.104787 223 4
266.965 1.46441 -0.00850035 15.0496 -0.0124918 0.0265598 -0.0475609 0.103127 224 2
268.169 1.45297 -0.00949969 15.0514 -0.0171343 0.0229716 -0.0580312 0.103626 225 1
269.373 1.43988 -0.0108704 15.0101 -0.0244229 -0.515807 -0.0911079 0.103241 226 1
270.574 1.42448 -0.0128243 14.9618 -0.0322684 -0.604105 -0.0980689 0.102138 227 0
271.77 1.40604 -0.0154057 14.9039 -0.0210418 -0.723887 0.140333 0.115254 228 8
272.962 1.38567 -0.0170891 14.8355 -0.00913032 -0.854206 0.148894 0.105711 229 9
274.149 1.36452 -0.0178195 14.7687 -0.0195377 -0.835466 -0.130093 0.105287 230 0
275.33 1.34162 -0.0193825 14.7389 -0.0262998 -0.372243 -0.0845263 0.102698 231 0
276.509 1.31629 -0.0214865 14.7097 -0.0301148 -0.364971 -0.0476868 0.105768 232 2
277.686 1.28817 -0.0238957 14.6693 -0.0353357 -0.50571 -0.0652616 0.101708 233 2
278.859 1.25682 -0.0267226 14.6446 -0.0394229 -0.30787 -0.0510903 0.102061 234 1
280.03 1.22182 -0.0298764 14.6164 -0.0428044 -0.353336 -0.0422691 0.102321 235 1
281.199 1.18289 -0.0333008 14.5743 -0.0467431 -0.525832 -0.0492335 0.11636 236 2
282.364 1.13971 -0.0370402 14.5212 -0.0537385 -0.663793 -0.0874418 0.108309 237 5
283.524 1.0917 -0.0413393 14.4914 -0.0617803 -0.373173 -0.100523 0.105764 238 6
284.682 1.03806 -0.0462817 14.4583 -0.0657125 -0.413322 -0.0491517 0.105945 239 5
285.838 0.978478 -0.0515387 14.4223 -0.0682192 -0.449264 -0.0313341 0.103777 240 5
286.99 0.912752 -0.0569962 14.3961 -0.0695635 -0.32841 -0.0168044 0.108986 241 5
288.139 0.840748 -0.0625613 14.3793 -0.0695541 -0.210154 0.00011744 0.102565 242 5
289.287 0.762441 -0.0681257 14.3652 -0.070148 -0.176275 -0.00742311 0.103944 243 6
290.433 0.677778 -0.0737375 14.3577 -0.0668547 -0.0930667 0.0411665 0.106075 244 5
291.578 0.587033 -0.0790859 14.3535 -0.0623572 -0.0532746 0.056218 0.10777 245 5
292.722 0.490606 -0.0840744 14.3657 -0.0569597 0.153399 0.0674693 0.108787 246 5
293.867 0.388879 -0.0886312 14.3825 -0.0505474 0.209188 0.0801532 0.129274 247 5
295.012 0.2824 -0.092675 14.3976 -0.0433403 0.188863 0.0900885 0.103795 248 5
296.159 0.171834 -0.0961422 14.4162 -0.0358527 0.23315 0.0935958 0.102228 249 5
297.306 0.0578316 -0.0990105 14.4416 -0.0280702 0.317502 0.0972809 0.101644 250 5
298.456 -0.0589528 -0.101256 14.4669 -0.0203262 0.31625 0.0968007 0.103961 251 5
299.607 -0.177814 -0.102882 14.485 -0.0133379 0.2262 0.0873528 0.103302 252 5
300.76 -0.298054 -0.103949 14.4933 -0.00731462 0.103092 0.0752913 0.102167 253 5
301.913 -0.419036 -0.104534 14.4998 -0.00136193 0.0818253 0.0744087 0.102181 254 5
303.066 -0.5402 -0.104643 14.5172 0.00534504 0.217879 0.0838371 0.123486 255 6
304.222 -0.661015 -0.104216 14.5317 0.0123877 0.180721 0.0880337 0.103937 256 6
305.378 -0.780804 -0.103225 14.5421 0.018835 0.129795 0.0805902 0.102731 257 5
306.535 -0.898935 -0.101718 14.5585 0.0260535 0.205004 0.0902315 0.102597 258 7
307.694 -1.01478 -0.0996336 14.5776 0.0311789 0.239027 0.0640674 0.108699 259 6
308.855 -1.12789 -0.0971393 14.5977 0.0344149 0.250673 0.04045 0.104253 260 5
310.017 -1.23795 -0.0943861 14.6199 0.0372241 0.278318 0.0351157 0.106028 261 5
311.182 -1.34471 -0.0914082 14.631 0.0398008 0.137997 0.0322087 0.107568 262 5
312.348 -1.44785 -0.0882241 14.6409 0.0420945 0.124025 0.0286711 0.108087 263 5
313.515 -1.54712 -0.0848566 14.6563 0.0451468 0.192928 0.0381537 0.116095 264 6
314.684 -1.64227 -0.0812448 14.6683 0.0477899 0.150323 0.033039 0.105695 265 6
315.854 -1.73303 -0.0774216 14.6786 0.0499849 0.127554 0.0274373 0.108263 266 6
317.025 -1.81917 -0.0734228 14.695 0.0506259 0.206208 0.00801254 0.105958 267 5
318.198 -1.90066 -0.0693728 14.7014 0.0511527 0.0792503 0.00658515 0.109965 268 5
319.371 -1.97739 -0.0652806 14.7182 0.0515351 0.210106 0.00478034 0.106195 269 5
320.546 -2.04935 -0.0611577 14.7357 0.0525778 0.219107 0.0130337 0.10652 270 6
321.723 -2.11645 -0.0569515 14.7396 0.0534882 0.0481486 0.0113795 0.105044 271 4
322.901 -2.17853 -0.0526725 14.7528 0.0539625 0.165057 0.00592843 0.10467 272 6
324.08 -2.23558 -0.0483555 14.7684 0.0528323 0.194633 -0.0141267 0.103711 273 5
325.26 -2.2877 -0.0441289 14.7791 0.0503465 0.134325 -0.0310726 0.10056 274 4
326.441 -2.3351 -0.0401012 14.792 0.0491701 0.161457 -0.0147047 0.10252 275 5
327.624 -2.37789 -0.0361675 14.7945 0.0506083 0.0305295 0.0179771 0.105753 276 7
328.807 -2.4159 -0.0321189 14.7918 0.0476484 -0.0330448 -0.0369991 0.10294 277 4
329.99 -2.44939 -0.028307 14.8025 0.0447859 0.133991 -0.0357816 0.104614 278 4
331.174 -2.47867 -0.0247241 14.8159 0.0433689 0.166774 -0.0177121 0.102109 279 5
332.359 -2.50386 -0.0212546 14.8187 0.04323 0.0355363 -0.00173557 0.101836 280 6
333.544 -2.52495 -0.0177962 14.8236 0.0402467 0.0609756 -0.0372916 0.101582 281 4
334.73 -2.54224 -0.0145765 14.8357 0.0373972 0.150824 -0.0356185 0.105945 282 4
335.917 -2.55599 -0.0115847 14.8418 0.0346695 0.0772953 -0.0340962 0.104629 283 4
337.104 -2.56645 -0.00881115 14.8467 0.0321498 0.0608683 -0.0314965 0.107039 284 4
338.292 -2.57386 -0.00623916 14.8586 0.0298753 0.147951 -0.0284311 0.132713 285 4
339.48 -2.57844 -0.00384914 14.8599 0.0288025 0.0170708 -0.0134099 0.101894 286 5
340.669 -2.58027 -0.00154493 14.8608 0.0263644 0.0114799 -0.0304766 0.101577 287 4
341.858 -2.5796 0.00056422 14.8709 0.0242703 0.12598 -0.0261762 0.106459 288 4
343.048 -2.57662 0.00250585 14.8742 0.0230834 0.0408769 -0.0148359 0.104056 289 4
344.238 -2.57144 0.00435252 14.8767 0.0216665 0.0314236 -0.0177112 0.111184 290 4
345.428 -2.5642 0.00608584 14.8818 0.0208539 0.0642419 -0.0101582 0.108685 291 5
346.618 -2.55497 0.00775415 14.8894 0.0213497 0.094676 0.0061973 0.10448 292 6
347.809 -2.5437 0.00946213 14.8927 0.0189997 0.0409365 -0.0293742 0.107855 293 4
349.001 -2.53061 0.0109821 14.9029 0.0194778 0.127161 0.00597534 0.105999 294 6
350.193 -2.51566 0.0125403 14.9064 0.0184665 0.0446439 -0.0126413 0.105082 295 5
351.385 -2.49895 0.0140176 14.9137 0.016356 0.0904918 -0.0263804 0.102864 296 4
352.578 -2.48066 0.0153261 14.9205 0.0181363 0.0853658 0.022253 0.125355 297 7
353.772 -2.46064 0.016777 14.9237 0.0158083 0.0405312 -0.029099 0.106638 298 4
354.965 -2.4391 0.0180417 14.9308 0.0147964 0.088048 -0.0126497 0.105024 299 5
356.16 -2.41614 0.0192254 14.9403 0.016489 0.119126 0.0211583 0.104038 300 7
357.354 -2.39158 0.0205445 14.9413 0.0152159 0.0122666 -0.0159139 0.106622 301 5
358.549 -2.36557 0.0217618 14.9414 0.0166635 0.00141859 0.0180952 0.10368 302 7
359.745 -2.33797 0.0230949 14.9543 0.0165903 0.160968 -0.000915094 0.102105 303 6
360.94 -2.30876 0.0244221 14.9564 0.0176853 0.0267267 0.0136874 0.101728 304 7
362.137 -2.27784 0.0258369 14.963 0.0159236 0.0819206 -0.0220212 0.103769 305 5
363.333 -2.2454 0.0271108 14.9697 0.0142489 0.0845671 -0.0209337 0.124579 306 5
364.53 -2.21157 0.0282507 14.9757 0.0153181 0.073874 0.0133642 0.104609 307 7
365.728 -2.17626 0.0294762 14.977 0.0134904 0.0173211 -0.0228452 0.102438 308 5
366.925 -2.13965 0.0305554 14.9843 0.0117794 0.0903368 -0.0213878 0.101651 309 5
368.124 -2.1019 0.0314978 14.9796 0.00612291 -0.0582218 -0.0707064 0.103788 310 2
369.321 -2.06358 0.0319876 14.9767 0.00635089 -0.035882 0.00284973 0.103699 311 6
370.519 -2.02465 0.0324957 14.9865 0.00250435 0.122094 -0.0480817 0.102002 312 3
371.717 -1.98546 0.032696 14.9911 0.00435238 0.0576973 0.0231004 0.101843 313 7
372.916 -1.94583 0.0330442 15.0006 0.00462422 0.118446 0.00339802 0.114276 314 6
374.115 -1.90574 0.0334142 15.0051 0.0021466 0.0557899 -0.0309703 0.109384 315 4
375.315 -1.86543 0.0335859 15.0035 0.00120862 -0.0195742 -0.0117248 0.107451 316 5
376.514 -1.82501 0.0336826 15.0053 0.000340436 0.0228643 -0.0108523 0.10537 317 5
377.714 -1.78455 0.0337098 15.0068 -0.00047955 0.018549 -0.0102498 0.103542 318 5
378.914 -1.74414 0.0336714 15.0103 -0.00123093 0.0440121 -0.00939226 0.10487 319 5
380.114 -1.70383 0.033573 15.0126 -0.00191178 0.0281811 -0.00851067 0.101389 320 5
381.315 -1.6637 0.03342 15.0161 9.73232e-05 0.0439644 0.0251139 0.112513 321 7
382.515 -1.62355 0.0334278 15.0181 0.000555471 0.0247121 0.00572685 0.10894 322 6
383.716 -1.58334 0.0334722 15.0246 0.00095007 0.0820994 0.00493248 0.108955 323 6
384.917 -1.54303 0.0335483 15.027 0.00259185 0.0290036 0.0205223 0.104671 324 7
386.119 -1.50245 0.0337556 15.0195 0.00267583 -0.0937462 0.00104975 0.106981 325 6
387.32 -1.46165 0.0339697 15.0219 6.82714e-05 0.0300527 -0.0325945 0.107562 326 4
388.521 -1.42082 0.0339751 15.0188 -0.0023284 -0.0386953 -0.0299584 0.107098 327 4
389.721 -1.38023 0.0337889 15.0227 -0.00180866 0.0493765 0.00649683 0.107947 328 6
390.923 -1.33981 0.0336442 15.0296 -0.00402043 0.0859261 -0.0276472 0.120935 329 4
392.124 -1.29975 0.0333225 15.0251 -0.00470363 -0.0561953 -0.00853989 0.109345 330 5
393.326 -1.26015 0.0329462 15.026 -0.00665488 0.0109315 -0.0243907 0.109637 331 4
394.527 -1.2212 0.0324138 15.0284 -0.00307046 0.0302672 0.0448053 0.124079 332 8
395.729 -1.18253 0.0321682 15.0274 -0.00118674 -0.0120401 0.0235466 0.105664 333 7
396.93 -1.14398 0.0320733 15.0185 -0.00353325 -0.111723 -0.0293314 0.105853 334 4
398.131 -1.10579 0.0317906 15.0277 -0.00427632 0.114942 -0.00928839 0.120354 335 5
399.333 -1.06799 0.0314485 15.027 -0.00631213 -0.0092864 -0.0254477 0.103762 336 4
400.534 -1.03079 0.0309435 15.0315 -0.00409607 0.056541 0.0277008 0.103732 337 7
