1.12 10 0 14.0252 -0.0023763 0.315011 -0.0297038 0.211391 1 3
2.24202 9.99979 -0.000190104 14.0498 -0.00456491 0.306892 -0.0273575 0.099197 2 3
3.366 9.99916 -0.000555297 14.0737 -0.00657417 0.298929 -0.0251158 0.098761 3 3
4.49189 9.99794 -0.00108123 14.097 -0.00841222 0.291157 -0.0229756 0.086554 4 3
5.61964 9.99597 -0.00175421 14.1196 -0.010087 0.283515 -0.0209341 0.087786 5 3
6.74921 9.99307 -0.00256116 14.1417 -0.011606 0.276029 -0.0189883 0.0857 6 3
7.88054 9.98913 -0.00348965 14.1632 -0.0129768 0.268674 -0.0171354 0.084905 7 3
9.01359 9.984 -0.00452779 14.1841 -0.0142066 0.261486 -0.0153725 0.085259 8 3
10.1483 9.97757 -0.00566432 14.2045 -0.0153024 0.254405 -0.0136969 0.084683 9 3
11.2846 9.96974 -0.00688852 14.2243 -0.0162709 0.247478 -0.0121058 0.085752 10 3
12.4225 9.96042 -0.00819018 14.2435 -0.0171186 0.240707 -0.0105966 0.096485 11 3
13.562 9.94953 -0.00955967 14.2623 -0.0178519 0.234032 -0.00916657 0.08638 12 3
14.7029 9.93699 -0.0109878 14.2805 -0.018477 0.227523 -0.00781317 0.085812 13 3
15.8452 9.92275 -0.012466 14.2983 -0.0197932 0.222993 -0.0164533 0.085204 14 2
16.989 9.90668 -0.0140494 14.3157 -0.0209499 0.217342 -0.0144591 0.084772 15 2
18.1341 9.88867 -0.0157254 14.3326 -0.0219555 0.211751 -0.0125691 0.08606 16 2
19.2805 9.86863 -0.0174819 14.3491 -0.0228179 0.20622 -0.0107802 0.083254 17 2
20.4282 9.84647 -0.0193073 14.3652 -0.023545 0.200725 -0.00908868 0.086402 18 2
21.5772 9.82211 -0.0211909 14.3808 -0.0241443 0.195301 -0.00749144 0.084311 19 2
22.7274 9.79552 -0.0231224 14.396 -0.0246231 0.18996 -0.00598524 0.084984 20 2
23.8787 9.76662 -0.0250923 14.4108 -0.0249885 0.184679 -0.00456679 0.083781 21 2
25.0311 9.73539 -0.0270914 14.4251 -0.0252471 0.179458 -0.00323306 0.084775 22 2
26.1846 9.7018 -0.0291111 14.4398 -0.0269901 0.183535 -0.0217868 0.084372 23 1
27.3393 9.66568 -0.0312703 14.4542 -0.0285134 0.17972 -0.0190417 0.097186 24 1
28.4949 9.62689 -0.0335514 14.4673 -0.0282427 0.163794 0.00338298 0.085215 25 2
29.6516 9.58546 -0.0358108 14.481 -0.0294882 0.171614 -0.0155677 0.140047 26 1
30.8092 9.54125 -0.0381699 14.4944 -0.0305421 0.167608 -0.0131747 0.085206 27 1
31.9678 9.49417 -0.0406133 14.5075 -0.0314154 0.163543 -0.0109157 0.085831 28 1
33.1274 9.44413 -0.0431265 14.5189 -0.0305295 0.142717 0.0110735 0.097842 29 2
34.2877 9.39122 -0.0455688 14.5282 -0.0296008 0.115573 0.0116087 0.086446 30 2
35.4486 9.33553 -0.0479369 14.5379 -0.0278494 0.121224 0.0218926 0.247726 31 3
36.6101 9.27721 -0.0501649 14.5429 -0.0268696 0.0630975 0.0122478 0.288691 32 2
37.772 9.21637 -0.0523144 14.5519 -0.0251305 0.112236 0.021738 0.256501 33 3
38.9344 9.15316 -0.0543249 14.557 -0.0241752 0.0640869 0.0119413 0.291112 34 2
40.0971 9.08768 -0.0562589 14.5655 -0.0224579 0.105679 0.0214674 0.293523 35 3
41.2604 9.02007 -0.0580555 14.5736 -0.0207762 0.101709 0.0210205 0.218642 36 3
42.4242 8.95048 -0.0597176 14.5815 -0.0191289 0.0985026 0.020592 0.286848 37 3
43.5886 8.87908 -0.0612479 14.5886 -0.0175068 0.088501 0.020276 0.307937 38 3
44.7534 8.80601 -0.0626485 14.5956 -0.015958 0.0873208 0.0193592 0.291031 39 3
45.9186 8.73142 -0.0639251 14.6025 -0.0144747 0.0870466 0.0185416 0.291978 40 3
47.0844 8.65544 -0.0650831 14.6097 -0.0130479 0.0895977 0.0178349 0.138982 41 3
48.2506 8.57821 -0.0661269 14.6162 -0.0124622 0.0813246 0.00732127 0.086074 42 2
49.4172 8.49978 -0.0671239 14.6232 -0.0110627 0.0869036 0.0174938 0.085596 43 3
50.5844 8.42029 -0.0680089 14.6299 -0.00970959 0.0837088 0.0169141 0.086088 44 3
51.752 8.33984 -0.0687857 14.6363 -0.00840224 0.0804782 0.0163419 0.084177 45 3
52.9201 8.25858 -0.0694579 14.6424 -0.00713893 0.0760555 0.0157914 0.083801 46 3
54.0886 8.17661 -0.070029 14.6482 -0.00591956 0.0725627 0.0152421 0.20946 47 3
55.2576 8.09406 -0.0705026 14.6538 -0.00474508 0.0703335 0.0146809 0.240023 48 3
56.4269 8.01104 -0.0708822 14.6593 -0.00361545 0.0686646 0.0141204 0.279338 49 3
57.5967 7.92764 -0.0711714 14.6644 -0.00252417 0.0630617 0.013641 0.292531 50 3
58.7669 7.84398 -0.0713733 14.6687 -0.0014457 0.0540018 0.0134808 0.337276 51 3
59.9374 7.76016 -0.071489 14.6731 -0.000344869 0.0548601 0.0137604 0.258971 52 3
61.1082 7.67628 -0.0715166 14.6776 0.000741082 0.0564575 0.0135744 0.285534 53 3
62.2794 7.59245 -0.0714573 14.6819 0.00185925 0.0537157 0.0139771 0.265825 54 3
63.451 7.50877 -0.0713085 14.6858 0.00298333 0.0494599 0.0140509 0.125171 55 3
64.6229 7.42534 -0.0710699 14.6901 0.00399369 0.0531554 0.0126295 0.085133 56 3
65.7952 7.34226 -0.0707504 14.6943 0.00453982 0.0527859 0.00682665 0.096071 57 2
66.9678 7.25959 -0.0703872 14.698 0.00511329 0.0456452 0.00716836 0.085387 58 2
68.1407 7.17737 -0.0699781 14.701 0.00566786 0.0379086 0.00693214 0.085838 59 2
69.314 7.09567 -0.0695247 14.7048 0.00620989 0.0471473 0.00677534 0.089113 60 2
70.4876 7.01453 -0.0690279 14.7078 0.00677034 0.0373006 0.00700568 0.214388 61 2
71.6614 6.93401 -0.0684863 14.7099 0.00733823 0.0264287 0.00709866 0.214246 62 2
72.8355 6.85417 -0.0678992 14.7126 0.00794949 0.0341177 0.00764067 0.178111 63 2
74.0098 6.77506 -0.0672633 14.7156 0.00845401 0.0370145 0.00630652 0.136156 64 2
75.1845 6.69673 -0.066587 14.7186 0.00875251 0.0376344 0.00373124 0.132476 65 2
76.3594 6.6192 -0.0658868 14.7217 0.00897794 0.0396967 0.00281784 0.133146 66 2
77.5347 6.54251 -0.0651685 14.7241 0.00939849 0.0299096 0.0052569 0.132322 67 2
78.7101 6.46668 -0.0644166 14.7265 0.0100883 0.0291705 0.00862213 0.086514 68 2
79.8859 6.39179 -0.0636096 14.7293 0.0111491 0.0352383 0.0132609 0.084178 69 2
81.0619 6.31794 -0.0627176 14.7336 0.0127919 0.0538468 0.0205344 0.085916 70 2
82.2383 6.24527 -0.0616943 14.7392 0.0145023 0.0702024 0.0213798 0.085241 71 2
83.4153 6.17393 -0.0605341 14.7432 0.0157274 0.0503302 0.0153138 0.085004 72 2
84.5927 6.10406 -0.0592759 14.7469 0.0167512 0.0454068 0.0127978 0.085707 73 2
85.7705 6.03575 -0.0579358 14.7505 0.0176958 0.0453115 0.0118078 0.102568 74 2
86.9486 5.96909 -0.0565202 14.7519 0.0183558 0.0177145 0.00824947 0.083072 75 3
88.127 5.90415 -0.0550517 14.7539 0.0188433 0.025332 0.00609381 0.084614 76 3
89.3056 5.84098 -0.0535442 14.7567 0.0192447 0.0342488 0.00501755 0.083986 77 2
90.4846 5.77962 -0.0520047 14.7585 0.0195019 0.023067 0.00321576 0.08474 78 2
91.6637 5.72008 -0.0504445 14.7617 0.0196172 0.0395298 0.00144092 0.083864 79 2
92.8433 5.66239 -0.0488751 14.7647 0.0196444 0.0382423 0.000339258 0.085597 80 2
94.0231 5.60653 -0.0473036 14.7571 0.019924 -0.0958324 0.00349593 0.084852 81 3
95.2025 5.55259 -0.0457097 14.7843 0.020547 0.340307 0.00778711 0.26835 82 0
96.3841 5.50049 -0.0440659 14.7787 0.0203426 -0.0702739 -0.00255543 0.13275 83 2
97.5653 5.45033 -0.0424385 14.78 0.0203967 0.0168681 0.000676513 0.085054 84 3
98.7467 5.40209 -0.0408068 14.7815 0.0202182 0.018847 -0.00223094 0.084877 85 2
99.9283 5.35576 -0.0391893 14.7834 0.0201491 0.0234604 -0.000863941 0.085187 86 2
101.11 5.31133 -0.0375774 14.7876 0.0201472 0.0528812 -2.37487e-05 0.18194 87 2
102.292 5.26879 -0.0359656 14.7909 0.020115 0.0411391 -0.000401912 0.185248 88 2
103.475 5.22815 -0.0343564 14.7949 0.0200466 0.0498772 -0.000855234 0.170046 89 2
104.658 5.18939 -0.0327527 14.7984 0.0199319 0.0436187 -0.00143347 0.103924 90 2
105.841 5.1525 -0.0311581 14.8024 0.0197046 0.0503063 -0.00284191 0.085601 91 2
107.025 5.11748 -0.0295818 14.8062 0.0193505 0.0466824 -0.00442597 0.096794 92 2
108.209 5.08428 -0.0280337 14.8076 0.0191718 0.0173211 -0.00223359 0.084431 93 3
109.393 5.05289 -0.0265 14.8135 0.0193231 0.0740409 0.0018911 0.084163 94 2
110.578 5.02332 -0.0249541 14.8038 0.0187892 -0.120676 -0.0066736 0.085164 95 2
111.762 4.99555 -0.023451 14.7937 0.018087 -0.127137 -0.00877753 0.098173 96 2
112.945 4.96951 -0.022004 14.7829 0.0174012 -0.134015 -0.00857271 0.096169 97 2
114.127 4.94514 -0.0206119 14.7719 0.0167861 -0.138628 -0.00768923 0.242368 98 2
115.309 4.92237 -0.019269 14.7397 0.0168324 -0.40189 0.000578887 0.298144 99 3
116.488 4.90123 -0.0179224 14.7151 0.0162773 -0.30688 -0.00693903 0.306672 100 2
117.665 4.88167 -0.0166203 14.6852 0.0154083 -0.374031 -0.0108624 0.314419 101 2
118.84 4.86359 -0.0153876 14.6168 0.0141345 -0.855207 -0.0159218 0.316461 102 0
120.009 4.84692 -0.0142568 14.5848 0.0131755 -0.400114 -0.0119882 0.308911 103 2
121.176 4.83152 -0.0132028 14.5547 0.0122078 -0.376797 -0.0120956 0.281495 104 2
122.34 4.81728 -0.0122262 14.5328 0.0113368 -0.272655 -0.0108873 0.26565 105 2
123.502 4.80412 -0.0113192 14.5111 0.0106899 -0.27169 -0.00808688 0.272798 106 2
124.663 4.79197 -0.010464 14.4701 0.0105359 -0.512803 -0.00192525 0.267833 107 3
125.821 4.78084 -0.00962118 14.4481 0.010192 -0.275052 -0.00429879 0.257781 108 3
126.977 4.77066 -0.00880582 14.4219 0.00703808 -0.327528 -0.0394234 0.255359 109 0
128.13 4.76115 -0.00824277 14.401 0.00394061 -0.260866 -0.0387184 0.28814 110 0
129.282 4.75202 -0.00792753 14.3771 0.000908269 -0.298476 -0.0379043 0.292878 111 0
130.432 4.74298 -0.00785486 14.3506 -0.00176141 -0.331402 -0.0333709 0.269198 112 0
131.58 4.7338 -0.00799578 14.319 -0.0043304 -0.395417 -0.0321125 0.13613 113 0
132.726 4.72425 -0.00834221 14.2895 -0.00651913 -0.368047 -0.0273592 0.119155 114 0
133.869 4.71411 -0.00886374 14.2613 -0.00856676 -0.353551 -0.0255953 0.099811 115 0
135.01 4.70322 -0.00954908 14.2353 -0.0104006 -0.324273 -0.0229228 0.084929 116 0
136.149 4.6914 -0.0103811 14.161 -0.0113473 -0.929427 -0.0118345 0.210819 117 0
137.282 4.67861 -0.0112889 14.0635 -0.011903 -1.21841 -0.00694613 0.299574 118 2
138.407 4.66484 -0.0122412 14.0065 -0.013744 -0.71274 -0.0230119 0.290721 119 2
139.527 4.64989 -0.0133407 14.0433 -0.0164066 0.460684 -0.0332832 0.302443 120 3
140.65 4.63343 -0.0146532 14.0171 -0.0182284 -0.327933 -0.0227719 0.293018 121 2
141.771 4.61536 -0.0161115 14.0531 -0.0205332 0.450516 -0.0288095 0.251944 122 3
142.896 4.5954 -0.0177541 14.0738 -0.0180027 0.257933 0.0316301 0.125139 123 0
144.021 4.57379 -0.0191944 14.0757 -0.0203273 0.0246525 -0.0290567 0.126053 124 3
145.147 4.55035 -0.0208205 14.0719 -0.022593 -0.048089 -0.0283212 0.172572 125 3
146.273 4.52488 -0.022628 14.0656 -0.0246878 -0.0790477 -0.0261848 0.242959 126 3
147.397 4.49719 -0.024603 14.0546 -0.0266784 -0.137711 -0.0248828 0.285799 127 3
148.521 4.46714 -0.0267373 14.044 -0.0285502 -0.131989 -0.0233979 0.285355 128 3
149.644 4.43453 -0.0290213 14.0291 -0.0304562 -0.186598 -0.0238245 0.213423 129 3
150.766 4.39923 -0.0314578 13.9068 -0.00467637 -1.52812 0.322248 0.402158 130 2
151.878 4.36383 -0.0318319 13.8708 -0.0089806 -0.450361 -0.0538029 0.215893 131 3
152.987 4.32771 -0.0325503 13.8491 -0.0126228 -0.270593 -0.0455276 0.187855 132 2
154.095 4.29054 -0.0335602 13.8273 -0.015316 -0.272393 -0.0336649 0.297909 133 2
155.2 4.25207 -0.0347854 13.8475 -0.0235906 0.252199 -0.103433 0.295847 134 0
156.307 4.21145 -0.0366727 13.896 -0.031321 0.606275 -0.0966298 0.232627 135 0
157.418 4.16791 -0.0391784 13.9016 -0.0330543 0.0691652 -0.0216664 0.200655 136 2
158.529 4.12141 -0.0418227 13.9003 -0.033731 -0.0160098 -0.00845906 0.272623 137 2
159.64 4.07192 -0.0445212 13.8935 -0.0336661 -0.0849724 0.000811042 0.317358 138 2
160.75 4.01946 -0.0472145 13.8775 -0.0333407 -0.199878 0.00406872 0.266391 139 2
161.859 3.9641 -0.0498817 13.8661 -0.0315101 -0.141871 0.0228813 0.318851 140 2
162.967 3.906 -0.0524025 13.8683 -0.0284569 0.0275493 0.0381658 0.326618 141 2
164.075 3.84536 -0.0546791 13.8695 -0.0388355 0.0149369 -0.129733 0.288637 142 1
165.182 3.78128 -0.0577859 13.8767 -0.0337314 0.0900269 0.0638015 0.287919 143 2
166.291 3.71418 -0.0604845 13.8786 -0.0272143 0.0233054 0.0814636 0.304349 144 2
167.399 3.64465 -0.0626616 13.8689 -0.0217246 -0.121725 0.0686212 0.233114 145 1
168.506 3.57325 -0.0643996 13.5489 0.00515375 -4 0.335979 0.418749 146 3
169.588 3.50394 -0.0639873 13.5623 0.00275547 0.167322 -0.0299785 0.244792 147 2
170.67 3.4348 -0.0637668 13.572 0.00181675 0.12145 -0.0117341 0.188032 148 2
171.754 3.36577 -0.0636215 13.5855 0.00188821 0.168574 0.000893211 0.244517 149 2
172.839 3.29683 -0.0634704 13.5979 0.0025119 0.155663 0.00779622 0.250541 150 2
173.924 3.22805 -0.0632695 13.6317 0.00490466 0.422692 0.0299094 0.217056 151 0
175.013 3.15953 -0.0628771 13.6551 0.0058266 0.291622 0.0115243 0.208939 152 2
176.103 3.09139 -0.062411 13.6892 0.00732635 0.427473 0.0187469 0.269331 153 0
177.196 3.02373 -0.0618249 13.7344 0.00926007 0.564158 0.0241715 0.124946 154 0
178.293 2.95666 -0.0610841 13.7563 0.0121801 0.274169 0.0365003 0.136207 155 1
179.391 2.89054 -0.0601097 13.8003 0.0162672 0.549364 0.0510888 0.085605 156 0
180.493 2.82566 -0.0588083 13.8307 0.0178418 0.380242 0.0196826 0.278102 157 1
181.598 2.7622 -0.0573809 13.84 0.0184504 0.116479 0.00760709 0.208798 158 2
182.703 2.70034 -0.0559049 13.8111 0.0200336 -0.361383 0.0197906 0.214366 159 2
183.807 2.64037 -0.0543022 13.7992 0.0230063 -0.148618 0.0371588 0.310821 160 0
184.909 2.58248 -0.0524617 13.7481 0.0273732 -0.638974 0.0545858 0.340956 161 0
186.007 2.52721 -0.0502719 13.7192 0.0304271 -0.361633 0.0381733 0.280498 162 1
187.104 2.47473 -0.0478377 13.7128 0.0347411 -0.0797272 0.0539258 0.346601 163 0
188.2 2.42532 -0.0450584 13.7105 0.0366631 -0.0289917 0.0240243 0.325956 164 1
189.295 2.37912 -0.0421253 13.7409 0.0407314 0.380743 0.0508539 0.195548 165 0
190.394 2.33641 -0.0388668 13.7752 0.044179 0.428414 0.0430957 0.148842 166 0
191.495 2.29748 -0.0353325 13.8082 0.0471711 0.412369 0.0374008 0.196278 167 0
192.599 2.26263 -0.0315588 13.8234 0.0485782 0.189912 0.0175893 0.237473 168 1
193.705 2.23203 -0.0276726 13.839 0.0505555 0.19474 0.0247156 0.24068 169 0
194.812 2.20587 -0.0236281 13.8322 0.0521019 -0.0841141 0.0193296 0.245932 170 1
195.918 2.18434 -0.01946 13.8066 0.0529763 -0.320518 0.01093 0.258706 171 0
197.022 2.16753 -0.0152219 13.787 0.0527294 -0.244343 -0.00308636 0.264701 172 0
198.125 2.15539 -0.0110035 13.7815 0.0531924 -0.0693321 0.00578817 0.256411 173 0
199.228 2.14795 -0.00674814 13.7754 0.052634 -0.0757337 -0.00698068 0.214517 174 1
200.33 2.14515 -0.00253742 13.7722 0.0520691 -0.0397682 -0.00706082 0.267875 175 0
201.432 2.14695 0.00162811 13.7521 0.0506444 -0.251436 -0.017809 0.322051 176 1
202.532 2.1532 0.00567965 13.7199 0.0496557 -0.403214 -0.0123581 0.349205 177 0
203.629 2.16379 0.00965211 13.6722 0.0484428 -0.596273 -0.0151612 0.365389 178 0
204.723 2.17858 0.0135275 13.6193 0.0468691 -0.660801 -0.0196717 0.32854 179 0
205.812 2.19741 0.0172771 13.5705 0.0448902 -0.610435 -0.0247363 0.348635 180 0
206.898 2.22006 0.0208683 13.524 0.0424326 -0.580895 -0.0307199 0.391028 181 0
207.979 2.24631 0.0242629 13.4603 0.0371187 -0.79602 -0.0664233 0.381753 182 0
209.056 2.27563 0.0272324 13.4105 0.0336022 -0.622809 -0.0439566 0.333323 183 1
210.128 2.30773 0.0299206 13.366 0.0297274 -0.556517 -0.0484351 0.344312 184 1
211.197 2.34226 0.0322988 13.3139 0.0245283 -0.651205 -0.0649892 0.355798 185 1
212.261 2.37874 0.034261 13.2505 0.0168477 -0.792849 -0.0960063 0.34982 186 3
213.321 2.41648 0.0356088 12.9305 0.00489698 -4 -0.149385 0.365413 187 0
214.354 2.45371 0.0360006 12.6105 -0.00514136 -4 -0.125479 0.35117 188 0
215.363 2.48961 0.0355893 12.5801 -0.00774629 -0.378859 -0.0325616 0.356817 189 3
216.368 2.52479 0.0349696 12.2601 -0.0176838 -4 -0.124219 0.332584 190 0
217.349 2.5577 0.0335549 11.9401 -0.109879 -4 -1.15244 0.587379 191 3
218.304 2.58135 0.0247645 11.6747 -0.0933572 -3.3182 0.206525 0.436754 192 3
219.237 2.59751 0.017296 11.3547 -0.0876631 -4 0.0711766 0.445932 193 0
220.146 2.60685 0.0102829 11.0352 -0.0786428 -3.9941 0.112754 0.432579 194 0
221.029 2.61037 0.00399148 10.8282 -0.0793604 -2.5865 -0.00896975 0.443992 195 0
221.895 2.60833 -0.00235735 10.6465 -0.0719643 -2.27205 0.0924513 0.434285 196 0
222.747 2.60142 -0.00811449 10.4636 -0.0692139 -2.28651 0.0343798 0.405923 197 0
223.584 2.58999 -0.0136516 10.2613 -0.067305 -2.52775 0.0238617 0.416122 198 0
224.404 2.57436 -0.019036 10.32 -0.0546163 0.732982 0.158608 0.421017 199 2
225.23 2.55504 -0.0234053 10.4327 -0.0431858 1.40911 0.142881 0.420708 200 3
226.064 2.53263 -0.0268602 10.5532 -0.0333899 1.50617 0.122449 0.407627 201 3
226.908 2.5077 -0.0295314 10.6685 -0.024655 1.44172 0.109187 0.42752 202 3
227.761 2.48081 -0.0315038 10.3536 -0.039164 -3.93664 -0.181363 0.449073 203 0
228.589 2.45213 -0.0346369 10.2607 -0.0259684 -1.16071 0.164945 0.455309 204 3
229.409 2.422 -0.0367144 9.94075 -0.0443026 -4 -0.229178 0.510692 205 0
230.204 2.38999 -0.0402586 9.65427 -0.0603394 -3.58095 -0.20046 0.477456 206 0
230.975 2.35518 -0.0450857 9.34404 -0.0717664 -3.87783 -0.142837 0.487016 207 0
231.722 2.31721 -0.050827 9.08943 -0.0795431 -3.18272 -0.0972093 0.41985 208 0
232.448 2.27564 -0.0571905 8.88946 -0.0596251 -2.49953 0.248975 0.489502 209 3
233.158 2.23161 -0.0619605 8.85011 -0.0422904 -0.491977 0.216684 0.430333 210 3
233.864 2.18538 -0.0653437 8.91737 -0.0282792 0.840831 0.17514 0.436749 211 2
234.576 2.13718 -0.0676061 9.02261 -0.0175716 1.31545 0.133845 0.41335 212 3
235.296 2.08741 -0.0690118 9.21326 -0.00865935 2.38309 0.111403 0.414599 213 3
236.031 2.03607 -0.0697045 9.29965 0.000634182 1.07987 0.116169 0.426288 214 1
236.773 1.9843 -0.0696538 9.40589 0.00829079 1.32804 0.0957076 0.403001 215 2
237.524 1.93242 -0.0689905 9.50723 0.0149998 1.26681 0.0838625 0.404763 216 0
238.283 1.8809 -0.0677906 9.60214 0.0213843 1.1863 0.0798065 0.410142 217 1
239.049 1.83018 -0.0660798 9.72965 0.0256487 1.59395 0.0533055 0.411275 218 0
239.826 1.78038 -0.0640279 9.88078 0.0268218 1.88913 0.0146626 0.427784 219 2
240.615 1.73149 -0.0618822 10.071 0.0280085 2.37755 0.0148339 0.354022 220 1
241.419 1.68347 -0.0596415 10.2632 0.0287468 2.40296 0.00922899 0.436397 221 0
242.239 1.63641 -0.0573418 10.4569 0.0293663 2.42066 0.00774397 0.394882 222 0
243.074 1.59043 -0.0549925 10.6529 0.0298139 2.45086 0.00559436 0.362164 223 0
243.925 1.54562 -0.0526073 10.8456 0.0298666 2.40842 0.000658724 0.469838 224 0
244.792 1.50207 -0.050218 11.0421 0.0291427 2.45574 -0.00904796 0.529277 225 1
245.674 1.45978 -0.0478866 11.2349 0.0282395 2.41028 -0.0112897 0.522483 226 0
246.572 1.41878 -0.0456274 11.3442 0.0288341 1.36639 0.00743251 0.61861 227 0
247.479 1.37948 -0.0433207 11.5263 0.0268465 2.27611 -0.0248454 0.498117 228 0
248.4 1.34153 -0.041173 11.7027 0.0239491 2.20549 -0.0362176 0.405074 229 1
249.336 1.30478 -0.0392571 11.8685 0.0211846 2.07255 -0.0345557 0.405925 230 1
250.284 1.26913 -0.0375623 12.025 0.0186788 1.95556 -0.0313228 0.455071 231 0
251.246 1.23444 -0.036068 12.1694 0.0160649 1.80522 -0.0326735 0.314904 232 0
252.219 1.20058 -0.0347828 12.3026 0.0136343 1.66531 -0.0303827 0.416603 233 0
253.202 1.16743 -0.033692 12.4329 0.0113493 1.62858 -0.0285622 0.380275 234 0
254.197 1.13482 -0.0327841 12.5541 0.00917954 1.51427 -0.0271226 0.395368 235 0
255.2 1.10264 -0.0320497 12.6714 0.00702743 1.46636 -0.0269014 0.46754 236 0
256.214 1.07073 -0.0314875 12.7863 0.0044363 1.4372 -0.032389 0.45122 237 1
257.236 1.03889 -0.0311326 12.8927 0.00195042 1.32941 -0.0310736 0.432789 238 0
258.267 1.00694 -0.0309766 12.9876 -0.000330154 1.18575 -0.0285071 0.404972 239 0
259.305 0.974735 -0.031003 13.072 -0.00210513 1.05543 -0.0221872 0.466031 240 0
260.351 0.942143 -0.0311714 13.1478 -0.00311232 0.947905 -0.0125899 0.462806 241 0
261.402 0.909099 -0.0314204 13.2165 -0.00372331 0.858367 -0.00763738 0.393318 242 0
262.459 0.875569 -0.0317183 13.2782 -0.004289 0.77095 -0.00707111 0.373611 243 0
263.52 0.841517 -0.0320614 13.3339 -0.00480374 0.696647 -0.00643421 0.48255 244 0
264.587 0.806913 -0.0324457 13.3848 -0.00526376 0.635684 -0.00575029 0.514058 245 0
265.657 0.771726 -0.0328668 13.4318 -0.00566712 0.587773 -0.00504192 0.441653 246 0
266.731 0.735929 -0.0333202 13.4759 -0.00601365 0.551581 -0.00433166 0.422971 247 0
267.808 0.699496 -0.0338013 13.5179 -0.00630471 0.52551 -0.00363821 0.411087 248 0
268.889 0.662404 -0.0343056 13.5585 -0.00654272 0.507033 -0.00297511 0.388659 249 0
269.973 0.624633 -0.0348291 13.5978 -0.00673066 0.491714 -0.00234933 0.37773 250 0
271.06 0.586167 -0.0353675 13.636 -0.00687154 0.476837 -0.00176101 0.37863 251 0
272.15 0.546994 -0.0359172 13.673 -0.00696825 0.462413 -0.00120881 0.525766 252 0
273.243 0.507106 -0.0364747 13.7056 -0.00749926 0.407982 -0.00663762 0.560729 253 0
274.339 0.466465 -0.0370746 13.7338 -0.00849844 0.351834 -0.0124898 0.651949 254 0
275.437 0.424993 -0.0377545 13.7635 -0.0106216 0.371933 -0.0265394 0.609682 255 0
276.537 0.382498 -0.0386042 13.5435 0.00677694 -2.75078 0.217482 0.561307 256 0
277.62 0.341268 -0.0380621 13.394 0.0212787 -1.86775 0.181272 0.50476 257 0
278.691 0.302316 -0.0363598 13.2738 0.0342749 -1.50342 0.162453 0.473434 258 0
279.752 0.266624 -0.0336178 13.2149 0.0465579 -0.736451 0.153537 0.593813 259 0
280.809 0.235026 -0.0298932 13.1655 0.0576201 -0.617266 0.138278 0.543839 260 0
281.862 0.2084 -0.0252835 13.109 0.0668746 -0.706482 0.115681 0.529369 261 0
282.91 0.187496 -0.0199336 13.0633 0.0746282 -0.570583 0.0969196 0.546578 262 0
283.955 0.172904 -0.0139633 12.9255 0.0794377 -1.72297 0.0601189 0.467453 263 2
284.989 0.165037 -0.00760831 12.6055 -1.88107 -4 -24.5064 1.59566 264 0
285.985 0.00627238 -0.158094 12.2855 -1.61699 -4 3.30098 0.952976 265 2
286.928 -0.272373 -0.287453 11.9655 -1.37103 -4 3.0745 0.406473 266 0
287.81 -0.642612 -0.397136 11.6455 -1.14824 -4 2.78485 0.498633 267 2
