1.12 10 0 14.0252 -0.0023763 0.315011 -0.0297038 0.399092 1 4
2.24202 9.99979 -0.000190104 14.0499 -0.00377381 0.30911 -0.0174689 0.170798 2 5
3.36601 9.99923 -0.000492009 14.074 -0.00505445 0.30036 -0.0160079 0.145752 3 5
4.49193 9.99822 -0.000896365 14.0973 -0.00622355 0.291836 -0.0146138 0.184659 4 5
5.61971 9.99665 -0.00139425 14.12 -0.00728631 0.283563 -0.0132845 0.14316 5 5
6.74931 9.99442 -0.00197715 14.142 -0.00824776 0.275481 -0.0120181 0.139779 6 5
7.88067 9.99144 -0.00263697 14.1634 -0.00911279 0.267601 -0.0108128 0.142987 7 5
9.01373 9.98762 -0.003366 14.1842 -0.00988612 0.259924 -0.00966667 0.14796 8 5
10.1485 9.9829 -0.00415689 14.2044 -0.0105723 0.25245 -0.00857784 0.165178 9 5
11.2848 9.97722 -0.00500268 14.224 -0.0111759 0.245178 -0.00754453 0.187998 10 5
12.4227 9.97051 -0.00589675 14.2431 -0.0124956 0.238478 -0.0164964 0.148586 11 4
13.5621 9.96265 -0.0068964 14.2617 -0.0136781 0.2321 -0.0147815 0.166926 12 4
14.703 9.95354 -0.00799065 14.2798 -0.0147303 0.225842 -0.0131521 0.1779 13 4
15.8454 9.94306 -0.00916907 14.2973 -0.0156588 0.219715 -0.0116056 0.193343 14 4
16.9891 9.93114 -0.0104218 14.3145 -0.0172635 0.214684 -0.0200596 0.12738 15 3
18.1342 9.91762 -0.0118029 14.3313 -0.0186943 0.209463 -0.0178842 0.137334 16 3
19.2806 9.90238 -0.0132984 14.3476 -0.0199598 0.204289 -0.015819 0.169248 17 3
20.4282 9.88528 -0.0148952 14.3635 -0.0210686 0.199163 -0.0138606 0.132616 18 3
21.5772 9.86623 -0.0165807 14.3791 -0.0220291 0.194049 -0.0120054 0.135317 19 3
22.7273 9.84513 -0.018343 14.3942 -0.0228491 0.189006 -0.01025 0.175466 20 3
23.8786 9.82191 -0.0201709 14.4089 -0.0235364 0.184011 -0.00859106 0.186733 21 3
25.031 9.79649 -0.0220538 14.4232 -0.0240984 0.17904 -0.00702525 0.144892 22 3
26.1846 9.76882 -0.0239817 14.4372 -0.0245423 0.174153 -0.00554938 0.127046 23 3
27.3391 9.73885 -0.0259451 14.4503 -0.0240786 0.163829 0.00579644 0.141312 24 4
28.4947 9.70664 -0.0278714 14.4641 -0.0259556 0.172925 -0.0234628 0.126395 25 2
29.6513 9.67199 -0.0299478 14.4769 -0.0260201 0.159776 -0.000806293 0.18257 26 3
30.8089 9.6349 -0.0320294 14.4901 -0.0275823 0.165701 -0.0195269 0.211114 27 2
31.9674 9.59522 -0.034236 14.5022 -0.0273483 0.150216 0.00292524 0.251535 28 3
33.1268 9.55297 -0.0364239 14.5138 -0.0270428 0.145674 0.00381884 0.247945 29 3
34.2871 9.50818 -0.0385873 14.5244 -0.025873 0.132704 0.0146224 0.15476 30 4
35.4481 9.46095 -0.0406572 14.5345 -0.0247018 0.1261 0.0146399 0.398737 31 4
36.6098 9.4114 -0.0426333 14.5437 -0.0227396 0.114751 0.024528 0.426589 32 5
37.7721 9.35969 -0.0444525 14.553 -0.0216384 0.116014 0.0137649 0.307894 33 4
38.9351 9.30594 -0.0461835 14.5616 -0.0197518 0.10736 0.0235823 0.299872 34 5
40.0987 9.25032 -0.0477637 14.5703 -0.0187238 0.108635 0.0128496 0.296002 35 4
41.2629 9.19293 -0.0492616 14.5786 -0.0176926 0.104606 0.0128898 0.249073 36 4
42.4277 9.13385 -0.050677 14.5867 -0.0166583 0.101328 0.0129289 0.419558 37 4
43.5931 9.07318 -0.0520097 14.5943 -0.0156213 0.0952363 0.0129627 0.417825 38 4
44.7589 9.01103 -0.0532594 14.6016 -0.0138444 0.0904202 0.0222111 0.401636 39 5
45.9254 8.94755 -0.0543669 14.6087 -0.0129292 0.0894308 0.0114402 0.359842 40 4
47.0923 8.88284 -0.0554012 14.6161 -0.0120353 0.0917554 0.0111734 0.222601 41 4
48.2597 8.81697 -0.0563641 14.6234 -0.0111545 0.0918746 0.0110099 0.13277 42 4
49.4276 8.75002 -0.0572564 14.6305 -0.0102851 0.0888944 0.0108681 0.144077 43 4
50.5961 8.68208 -0.0580792 14.6374 -0.00942781 0.0855327 0.010716 0.150538 44 4
51.7651 8.61323 -0.0588335 14.644 -0.00858343 0.0821233 0.0105547 0.152031 45 4
52.9345 8.54354 -0.0595201 14.6502 -0.00775149 0.0775337 0.0103993 0.155815 46 4
54.1044 8.4731 -0.0601403 14.6561 -0.00693318 0.0738621 0.0102289 0.251619 47 4
55.2747 8.40198 -0.0606949 14.6618 -0.00613068 0.071466 0.0100311 0.259856 48 4
56.4455 8.33025 -0.0611854 14.6673 -0.00534517 0.0696182 0.00981888 0.342005 49 4
57.6166 8.258 -0.061613 14.6725 -0.00457129 0.0638723 0.00967351 0.332211 50 4
58.7882 8.1853 -0.0619787 14.6772 -0.00302374 0.0588298 0.0193444 0.342068 51 5
59.9601 8.11229 -0.0622206 14.6818 -0.0015583 0.0574112 0.018318 0.261049 52 5
61.1323 8.03911 -0.0623453 14.6864 -0.000838321 0.0579834 0.00899974 0.293612 53 4
62.305 7.96583 -0.0624123 14.6909 -6.82297e-05 0.0559807 0.00962615 0.33773 54 4
63.478 7.89252 -0.0624178 14.6952 0.000684905 0.0539899 0.00941419 0.369692 55 4
64.6513 7.81925 -0.062363 14.7032 0.00194579 0.100374 0.0157611 0.351977 56 2
65.8253 7.74613 -0.0622073 14.707 0.0020797 0.0476122 0.00167391 0.307301 57 3
66.9996 7.67318 -0.0620409 14.7111 0.00268094 0.050652 0.00751549 0.35915 58 4
68.1742 7.60046 -0.0618265 14.7151 0.00283751 0.0499845 0.00195709 0.294266 59 3
69.3492 7.52799 -0.0615995 14.7189 0.00339783 0.047493 0.00700403 0.329896 60 4
70.5245 7.45582 -0.0613276 14.7221 0.00357 0.0407219 0.00215217 0.2782 61 3
71.7001 7.38397 -0.061042 14.7251 0.00381562 0.0370741 0.00307022 0.216702 62 3
72.8759 7.31247 -0.0607368 14.728 0.00415682 0.0362992 0.00426498 0.241746 63 3
74.052 7.24134 -0.0604042 14.7311 0.00436888 0.0389695 0.00265078 0.202648 64 3
75.2283 7.17061 -0.0600547 14.7348 0.00476695 0.046134 0.00497581 0.220121 65 4
76.405 7.10031 -0.0596734 14.7384 0.00514977 0.0446796 0.00478523 0.33137 66 4
77.582 7.03048 -0.0592614 14.7414 0.00534803 0.0376463 0.00247836 0.299032 67 3
78.7593 6.96114 -0.0588336 14.7439 0.00577386 0.0316143 0.00532279 0.346098 68 3
79.9368 6.89232 -0.0583716 14.7465 0.00702235 0.0322819 0.0156061 0.323378 69 5
81.1146 6.82416 -0.0578099 14.7513 0.00832575 0.06001 0.0162926 0.262209 70 3
82.2927 6.75676 -0.0571438 14.7576 0.0097731 0.0786901 0.0180919 0.249357 71 3
83.4715 6.69026 -0.056362 14.7618 0.0108234 0.0525355 0.0131283 0.28552 72 3
84.6506 6.62475 -0.0554961 14.7655 0.0116833 0.0464439 0.0107487 0.396888 73 3
85.8301 6.56034 -0.0545614 14.7687 0.0124202 0.0397325 0.00921143 0.334466 74 3
87.0099 6.49708 -0.0535678 14.7715 0.0129644 0.0344753 0.00680239 0.363962 75 3
88.19 6.43503 -0.0525307 14.7737 0.0133723 0.0273585 0.00509875 0.338078 76 3
89.3703 6.37423 -0.0514609 14.7764 0.0137412 0.0339031 0.0046121 0.329611 77 3
90.5509 6.31472 -0.0503616 14.7791 0.0139384 0.0340462 0.00246414 0.325444 78 3
91.7318 6.25652 -0.0492465 14.781 0.0140165 0.0240326 0.000976562 0.150097 79 3
92.9129 6.19964 -0.0481252 14.7845 0.014065 0.0439286 0.000606594 0.147351 80 3
94.0944 6.14407 -0.047 14.7852 0.0148245 0.00810623 0.0094939 0.143388 81 5
95.276 6.0899 -0.045814 14.8109 0.0153703 0.321388 0.00682205 0.286901 82 1
96.4596 6.03709 -0.0445844 14.8039 0.0151023 -0.0870585 -0.00335003 0.18784 83 3
97.6429 5.98573 -0.0433762 14.8058 0.014894 0.0228167 -0.00260394 0.133423 84 3
98.8263 5.93578 -0.0421847 14.8077 0.0147891 0.0244379 -0.00131133 0.15591 85 3
100.01 5.88723 -0.0410016 14.8102 0.014816 0.0315905 0.000336254 0.300648 86 3
101.194 5.84006 -0.0398163 14.8108 0.0154107 0.00658035 0.00743432 0.343963 87 5
102.378 5.79436 -0.0385834 14.811 0.0159653 0.00325441 0.00693193 0.233883 88 5
103.562 5.75016 -0.0373062 14.8121 0.0160366 0.0129223 0.000891928 0.314112 89 4
104.746 5.70749 -0.0360233 14.8152 0.015927 0.0391483 -0.00136981 0.319155 90 3
105.93 5.66631 -0.0347491 14.8184 0.0157647 0.0403881 -0.00202898 0.370387 91 3
107.115 5.62662 -0.0334879 14.8217 0.01553 0.0413775 -0.00293365 0.347109 92 3
108.3 5.58839 -0.0322455 14.8242 0.0152956 0.0314713 -0.00293039 0.37544 93 3
109.486 5.55161 -0.0310219 14.8275 0.0155245 0.0409842 0.00286088 0.366609 94 3
110.671 5.51629 -0.0297799 14.8176 0.0156434 -0.124657 0.00148597 0.143011 95 2
111.856 5.48247 -0.0285285 14.8066 0.0149916 -0.136292 -0.00814652 0.154954 96 3
113.04 5.45011 -0.0273291 14.7951 0.0143792 -0.144243 -0.00765598 0.150947 97 3
114.224 5.41912 -0.0261788 14.7828 0.0137638 -0.153351 -0.00769135 0.319962 98 3
115.406 5.38947 -0.0250777 14.7647 0.0133639 -0.22701 -0.0049988 0.303898 99 3
116.587 5.36111 -0.0240086 14.7399 0.0129357 -0.309408 -0.00535343 0.363921 100 3
117.766 5.33403 -0.0229737 14.7406 0.0104981 0.00890493 -0.0304695 0.350167 101 0
118.945 5.30793 -0.0221339 14.7069 0.00978458 -0.421655 -0.00891909 0.355578 102 3
120.121 5.28281 -0.0213511 14.705 0.00758948 -0.0243425 -0.0274387 0.356017 103 0
121.297 5.25841 -0.020744 14.6976 0.00522329 -0.0914574 -0.0295774 0.353942 104 0
122.473 5.23451 -0.0203261 14.6695 0.0049 -0.351417 -0.00404115 0.336863 105 3
123.646 5.21112 -0.0199341 14.662 0.0025841 -0.0937939 -0.0289486 0.281667 106 0
124.819 5.18798 -0.0197274 14.614 0.00276605 -0.600672 0.00227429 0.326426 107 3
125.988 5.16517 -0.0195061 14.6047 0.00382118 -0.116384 0.0131892 0.354376 108 5
127.156 5.14274 -0.0192004 14.6094 0.00101817 0.0596523 -0.0350376 0.304501 109 0
128.324 5.1204 -0.0191189 14.6079 -0.00156754 -0.0191689 -0.0323215 0.348977 110 0
129.493 5.09791 -0.0192443 14.6144 -0.00415988 0.0812888 -0.0324042 0.349165 111 0
130.662 5.07502 -0.0195771 14.6174 -0.006532 0.0372052 -0.0296515 0.300284 112 0
131.831 5.05152 -0.0200997 14.62 -0.00870441 0.0325084 -0.0271551 0.336397 113 0
133 5.0272 -0.020796 14.6232 -0.0105859 0.0401378 -0.0235192 0.372326 114 0
134.17 5.00188 -0.0216429 14.6281 -0.0121978 0.0609398 -0.0201477 0.35443 115 0
135.34 4.97541 -0.0226187 14.6331 -0.0136698 0.0626802 -0.0184007 0.3123 116 0
136.51 4.94766 -0.0237123 14.6227 -0.0151952 -0.12995 -0.0190674 0.297762 117 0
137.679 4.9185 -0.0249279 14.5834 -0.0165192 -0.491607 -0.0165498 0.308173 118 0
138.846 4.88788 -0.0262495 14.5143 -0.0177497 -0.86323 -0.0153813 0.434836 119 3
140.006 4.85576 -0.0276694 14.5291 -0.0195256 0.184965 -0.0221983 0.388029 120 4
141.168 4.82178 -0.0292315 14.5286 -0.024597 -0.00580549 -0.0633928 0.313951 121 0
142.33 4.78553 -0.0311992 14.4928 -0.0255046 -0.447655 -0.0113457 0.311857 122 3
143.489 4.747 -0.0332396 14.4535 -0.0217691 -0.491881 0.0466944 0.289242 123 1
144.644 4.70656 -0.0349811 14.3918 -0.0188196 -0.770271 0.0368691 0.289367 124 1
145.795 4.66456 -0.0364867 14.3747 -0.0207611 -0.213945 -0.0242693 0.319856 125 4
146.944 4.6207 -0.0381476 14.3542 -0.0227256 -0.256681 -0.0245563 0.49949 126 4
148.091 4.57482 -0.0399656 14.3283 -0.0245797 -0.323343 -0.0231764 0.361995 127 4
149.237 4.52676 -0.041932 14.2997 -0.0266099 -0.357246 -0.0253772 0.316739 128 4
150.38 4.47638 -0.0440608 14.2758 -0.0279275 -0.299799 -0.0164703 0.243343 129 4
151.52 4.42352 -0.046295 14.293 -0.0290749 0.215578 -0.0143422 0.176594 130 5
152.662 4.36795 -0.048621 14.2659 -0.0256857 -0.339413 0.0423654 0.336438 131 1
153.802 4.31014 -0.0506759 14.2725 -0.0309631 0.082767 -0.0659684 0.347108 132 0
154.942 4.24948 -0.0531529 14.2699 -0.0314453 -0.03227 -0.00602747 0.317682 133 5
156.082 4.18596 -0.0556685 14.2897 -0.0376876 0.247037 -0.0780287 0.319339 134 1
157.223 4.11891 -0.0586836 14.3026 -0.0408781 0.161576 -0.0398808 0.197996 135 0
158.366 4.04807 -0.0619538 14.3249 -0.0436948 0.27945 -0.0352089 0.23291 136 0
159.509 3.97312 -0.0654494 14.3047 -0.0387286 -0.253189 0.0620775 0.341244 137 3
160.651 3.89474 -0.0685477 14.3699 -0.0431063 0.814688 -0.0547217 0.313266 138 0
161.797 3.81204 -0.0719962 14.4333 -0.0465392 0.793195 -0.0429101 0.309339 139 0
162.949 3.7247 -0.0757193 14.4953 -0.0496319 0.775206 -0.0386592 0.369398 140 0
164.105 3.63238 -0.0796899 14.5556 -0.0524099 0.753164 -0.0347251 0.330871 141 0
165.265 3.53482 -0.0838827 14.6124 -0.0546589 0.710642 -0.0281121 0.385241 142 0
166.429 3.43178 -0.0882554 14.6629 -0.0568837 0.630498 -0.0278108 0.406323 143 0
167.597 3.32308 -0.0928061 14.72 -0.0591771 0.714505 -0.0286665 0.410386 144 0
168.769 3.2084 -0.0975402 14.7485 -0.0628353 0.356352 -0.0457282 0.377867 145 0
169.943 3.08759 -0.102567 14.6311 -0.0475868 -1.46773 0.190606 0.415218 146 3
171.107 2.96331 -0.106374 14.5279 -0.0331733 -1.29093 0.18017 0.412647 147 3
172.262 2.83685 -0.109028 14.4407 -0.0222428 -1.08992 0.136631 0.37322 148 3
173.41 2.7091 -0.110807 14.3308 -0.00991461 -1.37284 0.154102 0.330244 149 2
174.55 2.58142 -0.1116 14.2552 0.0010538 -0.94533 0.137105 0.388759 150 1
175.683 2.45451 -0.111516 14.1813 0.0105191 -0.924456 0.118317 0.331425 151 1
176.811 2.32921 -0.110675 14.1189 0.0212872 -0.779402 0.134601 0.357173 152 1
177.934 2.20636 -0.108972 14.0437 0.0312958 -0.940013 0.125108 0.459367 153 1
179.051 2.08697 -0.106468 13.9957 0.0400455 -0.600529 0.109371 0.3836 154 0
180.164 1.97156 -0.103264 13.9455 0.0461981 -0.627244 0.0769074 0.25109 155 1
181.274 1.86066 -0.0995685 13.8937 0.0518894 -0.647211 0.0711417 0.420804 156 1
182.381 1.75476 -0.0954173 13.8501 0.0576797 -0.544882 0.0723784 0.399966 157 1
183.484 1.65429 -0.090803 13.7742 0.0690297 -0.948274 0.141875 0.403674 158 5
184.582 1.56043 -0.0852806 13.7185 0.0778054 -0.697279 0.109696 0.297444 159 5
185.676 1.47376 -0.0790562 13.6594 0.0877317 -0.738204 0.124078 0.434631 160 4
186.766 1.39511 -0.0720376 13.6192 0.0942328 -0.50211 0.0812646 0.56565 161 5
187.854 1.32488 -0.064499 13.5887 0.101055 -0.381708 0.0852763 0.525986 162 4
188.939 1.26359 -0.0564146 13.5618 0.107354 -0.336158 0.0787352 0.686464 163 4
190.023 1.21172 -0.0478263 13.5245 0.112926 -0.465941 0.0696577 0.594317 164 5
191.104 1.16976 -0.0387922 13.4817 0.108877 -0.53606 -0.0506117 0.610726 165 1
192.182 1.13732 -0.030082 13.4398 0.104725 -0.523603 -0.0519004 0.608815 166 1
193.257 1.11398 -0.021704 13.4181 0.100603 -0.270319 -0.0515297 0.628402 167 1
194.33 1.09933 -0.0136557 13.3952 0.0972638 -0.286543 -0.0417409 0.700577 168 2
195.402 1.09303 -0.00587463 13.367 0.0939538 -0.352335 -0.0413749 0.574082 169 2
196.471 1.09479 0.00164167 13.3275 0.0907351 -0.494623 -0.0402329 0.602647 170 2
197.537 1.10428 0.00890048 13.282 0.0873209 -0.567818 -0.0426777 0.585246 171 2
198.6 1.12115 0.0158862 13.246 0.0835241 -0.450265 -0.0474604 0.665856 172 2
199.659 1.14507 0.0225681 13.226 0.0798031 -0.249577 -0.0465117 0.577467 173 1
200.717 1.1757 0.0289523 13.2145 0.0748788 -0.144613 -0.0615541 0.61889 174 2
201.773 1.21263 0.0349426 13.216 0.0701555 0.0187635 -0.0590416 0.641531 175 0
202.83 1.2555 0.0405551 13.1953 0.0650841 -0.258577 -0.0633923 0.561221 176 1
203.884 1.30379 0.0457618 13.1623 0.0601465 -0.412381 -0.0617196 0.632827 177 1
204.936 1.35702 0.0505735 13.1335 0.0551336 -0.360274 -0.0626612 0.585468 178 1
205.985 1.41476 0.0549842 13.1094 0.0506334 -0.30067 -0.0562524 0.568892 179 0
207.032 1.47664 0.0590349 13.0853 0.0459231 -0.301337 -0.0588795 0.563643 180 0
208.077 1.54224 0.0627087 13.064 0.0411553 -0.266469 -0.0595968 0.623389 181 0
209.119 1.61117 0.0660012 13.0394 0.0361658 -0.307417 -0.0623692 0.657364 182 0
210.16 1.68298 0.0688944 12.9985 0.0306044 -0.510943 -0.0695173 0.668227 183 1
211.197 1.7571 0.0713428 12.9748 0.0212689 -0.296044 -0.116695 0.28727 184 4
212.232 1.83285 0.0730443 12.9434 0.0110748 -0.393438 -0.127426 0.330665 185 4
213.265 1.90934 0.0739303 12.927 0.00133332 -0.204897 -0.121768 0.464648 186 5
214.296 1.98583 0.0740369 12.9141 -0.00875883 -0.161242 -0.126152 0.383373 187 5
215.327 2.06153 0.0733362 12.89 -0.0157685 -0.300729 -0.0876211 0.495255 188 4
216.355 2.13579 0.0720748 12.8932 -0.0207001 0.0396132 -0.0616445 0.455541 189 4
217.384 2.20836 0.0704187 12.8857 -0.0263076 -0.0942469 -0.0700939 0.518301 190 5
218.413 2.27873 0.0683141 12.5657 -0.0506704 -4.00001 -0.304535 0.605604 191 0
219.416 2.34328 0.0642605 12.2457 -0.0654054 -4 -0.184187 0.528599 192 0
220.394 2.40108 0.0590281 11.9257 -0.0731958 -4 -0.0973805 0.613727 193 0
221.347 2.45178 0.0531724 11.978 -0.0684565 0.653887 0.059242 0.635913 194 5
222.304 2.49747 0.0476959 11.658 -0.0753588 -4 -0.0862787 0.67495 195 0
223.235 2.53632 0.0416672 11.338 -0.0849032 -4 -0.119305 0.647328 196 0
224.142 2.56795 0.0348749 11.018 -0.0962248 -4 -0.14152 0.730205 197 0
225.023 2.5919 0.0271769 10.698 -0.106804 -4 -0.132237 0.697568 198 0
225.879 2.60784 0.0186326 10.378 -0.115881 -4 -0.113468 0.616935 199 0
226.709 2.61562 0.00936214 10.4219 -0.100704 0.548899 0.189715 0.685932 200 5
227.543 2.6167 0.00130582 10.5718 -0.0884338 1.87383 0.153379 0.632361 201 5
228.388 2.61183 -0.00576889 10.7126 -0.0771901 1.75976 0.140546 0.707209 202 5
229.245 2.60159 -0.0119441 10.6947 -0.0654332 -0.223684 0.146962 0.728526 203 5
230.101 2.58689 -0.0171787 10.7311 -0.0551748 0.455773 0.12823 0.730216 204 5
230.959 2.56836 -0.0215927 10.5475 -0.0425201 -2.29565 0.158184 0.694756 205 5
231.803 2.54727 -0.0249943 10.2275 -0.0683375 -4 -0.322718 0.611248 206 0
232.62 2.52235 -0.0304613 9.90748 -0.089006 -4 -0.258356 0.522295 207 0
233.413 2.49257 -0.0375818 9.58748 -0.0689716 -4 0.25043 0.680319 208 5
234.179 2.45952 -0.0430995 9.35489 -0.0521271 -2.9074 0.210557 0.6216 209 4
234.926 2.42416 -0.0472697 9.40019 -0.0410078 0.56628 0.138991 0.729326 210 4
235.677 2.38616 -0.0505503 9.54453 -0.0320048 1.80421 0.112537 0.68944 211 2
236.44 2.34563 -0.0531107 9.76482 -0.026671 2.75362 0.0666724 0.692004 212 4
237.22 2.30249 -0.0552444 9.99189 -0.0222638 2.83848 0.0550903 0.756974 213 4
238.018 2.25693 -0.0570255 10.2119 -0.0181926 2.74953 0.0508898 0.607565 214 4
238.834 2.20918 -0.0584809 10.4021 -0.0136841 2.37818 0.0563564 0.623294 215 1
239.664 2.15964 -0.0595756 10.5879 -0.0106525 2.32188 0.0378954 0.639453 216 0
240.51 2.10848 -0.0604278 10.7744 -0.00815263 2.33179 0.031248 0.633938 217 0
241.37 2.05587 -0.0610801 10.9518 -0.00630151 2.21714 0.0231391 0.730162 218 0
242.245 2.00195 -0.0615842 11.1247 -0.00493758 2.16188 0.0170492 0.690099 219 0
243.133 1.94682 -0.0619792 11.2941 -0.00433114 2.11729 0.00758051 0.709192 220 0
244.035 1.89054 -0.0623257 11.4644 -0.00400534 2.12818 0.00407248 0.551266 221 0
244.95 1.83313 -0.0626461 11.6285 -0.00375183 2.05222 0.00316888 0.536643 222 0
245.878 1.77461 -0.0629462 11.7922 -0.00328191 2.04567 0.00587404 0.589738 223 2
246.82 1.71502 -0.0632088 11.9482 -0.00308509 1.95035 0.00246014 0.619267 224 2
247.774 1.6544 -0.0634556 12.1028 -0.00315107 1.93192 -0.00082464 0.718009 225 0
248.74 1.59276 -0.0637077 12.2462 -0.0032174 1.79315 -0.000829154 0.771399 226 1
249.718 1.53014 -0.0639651 12.3773 -0.0034983 1.63808 -0.00351123 0.842166 227 2
250.706 1.46657 -0.0642449 12.4992 -0.00405311 1.52364 -0.00693515 0.751664 228 0
251.704 1.40205 -0.0645692 12.6109 -0.00483116 1.39613 -0.00972563 0.630412 229 0
252.71 1.33656 -0.0649557 12.7062 -0.00527676 1.19148 -0.00556996 0.627689 230 1
253.725 1.27015 -0.0653778 12.7923 -0.00551028 1.07669 -0.00291907 0.50513 231 1
254.746 1.20284 -0.0658187 12.8706 -0.00572079 0.979078 -0.00263132 0.456377 232 1
255.773 1.13465 -0.0662763 12.9449 -0.00575915 0.928319 -0.000479521 0.647853 233 1
256.807 1.06559 -0.066737 13.0136 -0.00578174 0.858223 -0.000282429 0.509172 234 1
257.845 0.995684 -0.0671996 13.0768 -0.00553797 0.790334 0.00304717 0.571184 235 2
258.889 0.924974 -0.0676426 13.1377 -0.00575957 0.761795 -0.00276996 0.764404 236 0
259.938 0.853451 -0.0681034 13.1948 -0.00623347 0.713229 -0.00592383 0.647929 237 0
260.991 0.781093 -0.0686021 13.253 -0.00696017 0.728273 -0.00908372 0.764436 238 0
262.048 0.707826 -0.0691589 13.3029 -0.00735132 0.623178 -0.00488937 0.699985 239 0
263.11 0.633659 -0.069747 13.3507 -0.00748999 0.597167 -0.00173331 0.811782 240 0
264.176 0.558588 -0.0703462 13.3967 -0.00721643 0.575364 0.00341941 0.57502 241 0
265.245 0.48264 -0.0709235 13.4413 -0.00691454 0.557673 0.00377368 0.602919 242 0
266.317 0.405846 -0.0714767 13.4846 -0.00658687 0.540519 0.00409592 0.584071 243 0
267.393 0.328238 -0.0720036 13.5265 -0.00623587 0.523877 0.00438746 0.603232 244 0
268.472 0.249851 -0.0725025 13.5671 -0.0058639 0.507724 0.00464966 0.703352 245 0
269.555 0.17072 -0.0729716 13.6065 -0.00547319 0.492084 0.00488383 0.694505 246 0
270.64 0.0908845 -0.0734094 13.6446 -0.00506589 0.476909 0.00509121 0.598035 247 0
271.729 0.0103838 -0.0738147 13.6816 -0.00464405 0.462198 0.00527307 0.661936 248 0
272.821 -0.0707406 -0.0741862 13.5017 0.0114562 -2.24884 0.201253 0.716341 249 1
273.898 -0.149811 -0.0732697 13.2883 0.0251369 -2.66699 0.171009 0.714175 250 3
274.958 -0.2255 -0.0712588 13.0957 0.0359258 -2.40797 0.134861 0.683918 251 3
276.003 -0.297087 -0.0683847 13.1464 0.030291 0.634265 -0.0704356 0.831762 252 2
277.053 -0.36641 -0.0659614 13.0172 0.0500251 -1.61469 0.246677 1.24308 253 1
278.092 -0.430892 -0.0619594 13.0674 0.0421979 0.626445 -0.097841 0.866382 254 1
279.136 -0.492099 -0.0585836 12.9047 0.0625714 -2.03389 0.254669 0.830691 255 2
280.167 -0.547385 -0.0535779 12.9401 0.0527339 0.443411 -0.122969 1.28077 256 1
281.201 -0.598462 -0.0493592 12.89 0.0619666 -0.626469 0.115409 0.926644 257 0
282.231 -0.644234 -0.0444019 12.5963 0.0661197 -3.67103 0.0519142 0.934035 258 4
283.238 -0.683637 -0.0391123 12.3088 0.0153937 -3.59412 -0.634075 0.824246 259 0
284.222 -0.72093 -0.0378808 12.1871 0.0307902 -1.52068 0.192456 0.886368 260 1
285.196 -0.755454 -0.0354176 12.0843 0.0457425 -1.28545 0.186903 0.746098 261 1
286.162 -0.786151 -0.0317582 12.1474 0.0373016 0.788689 -0.105511 0.786427 262 0
287.134 -0.814109 -0.028774 12.2079 0.0295256 0.755727 -0.0972003 0.730485 263 0
288.11 -0.839901 -0.026412 12.2682 0.0223777 0.754166 -0.0893479 0.635942 264 0
289.091 -0.864063 -0.0246218 12.3287 0.0157123 0.756264 -0.0833174 0.616499 265 0
290.077 -0.887106 -0.0233648 12.387 0.00954781 0.728762 -0.0770564 0.635487 266 0
291.068 -0.909501 -0.022601 12.443 0.00384084 0.700223 -0.0713372 0.660343 267 0
292.063 -0.931691 -0.0222937 12.4916 -0.00120273 0.60755 -0.0630445 0.775277 268 0
293.062 -0.954064 -0.0223899 12.4441 -0.0058175 -0.593793 -0.0576846 0.854131 269 2
294.057 -0.976815 -0.0228553 12.3835 -0.011126 -0.758088 -0.0663558 0.770255 270 3
295.048 -1.00034 -0.0237454 12.0832 0.00973879 -3.75276 0.260809 0.845454 271 1
296.014 -1.02254 -0.0229663 11.8101 0.0231855 -3.41377 0.168084 0.848816 272 4
296.959 -1.04248 -0.0211115 11.5555 0.0371497 -3.1834 0.174553 0.915765 273 3
297.883 -1.05925 -0.0181395 11.2909 0.0511867 -3.30679 0.175462 0.849782 274 2
298.786 -1.07193 -0.0140445 11.0536 0.0639465 -2.96596 0.159497 0.876319 275 1
299.671 -1.07983 -0.00892882 10.8949 0.0742399 -1.98427 0.128668 0.802569 276 4
300.542 -1.08244 -0.00298963 10.6975 0.0838993 -2.46811 0.120743 0.973575 277 2
