1.12 10 0 14.0241 -0.00472898 0.301325 -0.0591122 0.192891 1 0
2.24193 9.99958 -0.000378318 14.0486 -0.0075192 0.305831 -0.0348778 0.084096 2 1
3.36581 9.99847 -0.000979854 14.0725 -0.0100764 0.298822 -0.0319647 0.08284 3 1
4.49161 9.99646 -0.00178596 14.0958 -0.0124111 0.291872 -0.0291845 0.079345 4 1
5.61927 9.99333 -0.00277885 14.1186 -0.0145338 0.284982 -0.0265334 0.078279 5 1
6.74875 9.98888 -0.00394156 14.1409 -0.0164544 0.278187 -0.0240076 0.07857 6 1
7.88001 9.98293 -0.00525791 14.1626 -0.0181827 0.27144 -0.0216032 0.078926 7 1
9.01299 9.97532 -0.00671252 14.1838 -0.019728 0.264752 -0.0193166 0.079021 8 1
10.1477 9.96592 -0.00829076 14.2044 -0.0210995 0.258148 -0.0171441 0.078469 9 1
11.284 9.95458 -0.00997872 14.2246 -0.0223061 0.251591 -0.0150822 0.079088 10 1
12.4218 9.94119 -0.0117632 14.2442 -0.0233563 0.24513 -0.0131273 0.079211 11 1
13.5613 9.92566 -0.0136317 14.2633 -0.0242584 0.238705 -0.011276 0.07895 12 1
14.7022 9.90789 -0.0155724 14.2819 -0.0250203 0.232375 -0.0095248 0.078479 13 1
15.8446 9.88781 -0.017574 14.2999 -0.02565 0.226128 -0.00787037 0.079025 14 1
16.9883 9.86536 -0.019626 14.3175 -0.0261547 0.219953 -0.00630941 0.078461 15 1
18.1335 9.84049 -0.0217184 14.3346 -0.0265418 0.213873 -0.00483871 0.078887 16 1
19.2799 9.81315 -0.0238417 14.3513 -0.0268182 0.207889 -0.00345511 0.079955 17 1
20.4276 9.78332 -0.0259872 14.3674 -0.0269907 0.201976 -0.0021555 0.07913 18 1
21.5766 9.75097 -0.0281464 14.3831 -0.0270656 0.196147 -0.000936771 0.081164 19 1
22.7267 9.7161 -0.0303117 14.3984 -0.0270493 0.190449 0.000203983 0.078757 20 1
23.878 9.6787 -0.0324756 14.414 -0.0285318 0.195885 -0.0185317 0.079179 21 0
25.0304 9.63862 -0.0347582 14.4294 -0.0298092 0.191438 -0.0159672 0.078969 22 0
26.1839 9.59576 -0.0371429 14.4443 -0.0308926 0.18692 -0.0135425 0.079279 23 0
27.3386 9.54999 -0.0396143 14.4589 -0.0317929 0.182331 -0.011253 0.079059 24 0
28.4943 9.50124 -0.0421578 14.4731 -0.0325204 0.177681 -0.00909376 0.078431 25 0
29.6509 9.44944 -0.0447594 14.4869 -0.0330852 0.172997 -0.0070605 0.078984 26 0
30.8086 9.39452 -0.0474062 14.5004 -0.0334971 0.168312 -0.00514854 0.078876 27 0
31.9672 9.33644 -0.050086 14.5135 -0.0337654 0.163603 -0.00335351 0.07885 28 0
33.1266 9.27518 -0.0527872 14.5253 -0.0339004 0.14745 -0.00168742 0.079839 29 0
34.2869 9.21072 -0.0554992 14.5341 -0.0323096 0.109625 0.0198838 0.078583 30 1
35.4476 9.14322 -0.058084 14.5403 -0.0306904 0.0782371 0.02024 0.236049 31 1
36.6087 9.07284 -0.0605392 14.5449 -0.0290654 0.0571728 0.0203126 0.280169 32 1
37.77 8.99974 -0.0628645 14.5475 -0.0274458 0.0323057 0.0202451 0.244656 33 1
38.9314 8.92408 -0.0650601 14.3704 -0.0262232 -2.21339 0.015283 0.279234 34 0
40.0784 8.84693 -0.067158 14.3798 -0.0246165 0.116837 0.0200836 0.237477 35 1
41.226 8.76747 -0.0691273 14.3868 -0.0229605 0.0884891 0.0207001 0.177191 36 1
42.3741 8.68586 -0.0709642 14.3932 -0.0212709 0.080049 0.0211195 0.243574 37 1
43.5225 8.60226 -0.0726658 14.3981 -0.019564 0.0609398 0.0213366 0.292124 38 1
44.6712 8.51684 -0.0742309 14.4018 -0.0179935 0.0463605 0.0196312 0.280546 39 1
45.82 8.42974 -0.0756704 14.4076 -0.0165663 0.0723958 0.0178407 0.235935 40 1
46.9692 8.34108 -0.0769957 14.2872 -0.0169296 -1.50563 -0.00454166 0.12179 41 0
48.1087 8.25162 -0.0783501 14.3029 -0.0155192 0.196409 0.0176307 0.078877 42 1
49.2493 8.16065 -0.0795916 14.3181 -0.0141394 0.190175 0.0172473 0.078612 43 1
50.391 8.06828 -0.0807228 14.3321 -0.0127871 0.175273 0.016903 0.078774 44 1
51.5338 7.97466 -0.0817458 14.3449 -0.0114611 0.159895 0.0165752 0.078871 45 1
52.6774 7.8799 -0.0826626 14.3565 -0.0101599 0.144994 0.0162653 0.078937 46 1
53.822 7.78414 -0.0834754 14.3669 -0.00888316 0.129664 0.015959 0.078569 47 1
54.9672 7.6875 -0.0841861 14.3756 -0.00763103 0.109422 0.0156516 0.160279 48 1
56.1132 7.59009 -0.0847966 14.3846 -0.00641681 0.112534 0.0151778 0.15988 49 1
57.2597 7.49204 -0.0853099 14.3915 -0.00521522 0.0852942 0.01502 0.235285 50 1
58.4068 7.39346 -0.0857271 14.3937 -0.00391212 0.0286102 0.0162887 0.259304 51 1
59.5541 7.29451 -0.0860401 14.3983 -0.00236831 0.0567675 0.0192976 0.171346 52 1
60.7016 7.19531 -0.0862296 14.4048 -0.000687012 0.0815749 0.0210162 0.077797 53 1
61.8497 7.096 -0.0862845 14.4132 0.00114523 0.104558 0.022903 0.078416 54 1
62.9985 6.99674 -0.0861929 14.4223 0.00296091 0.114119 0.022696 0.078664 55 1
64.148 6.89768 -0.085956 14.4411 0.00590506 0.234449 0.0368019 0.079044 56 0
65.2991 6.79905 -0.0854836 14.4502 0.00721335 0.113785 0.0163536 0.079102 57 1
66.451 6.70101 -0.0849066 14.4591 0.00854505 0.112188 0.0166463 0.078789 58 1
67.6036 6.6037 -0.084223 14.4684 0.00976113 0.11512 0.015201 0.078622 59 1
68.757 6.50723 -0.0834421 14.4763 0.0109083 0.099957 0.0143391 0.079418 60 1
69.9112 6.41172 -0.0825694 14.4758 0.013115 -0.00721216 0.0275849 0.078782 61 0
71.0654 6.31742 -0.0815202 14.4822 0.014124 0.0805855 0.0126119 0.078869 62 1
72.2202 6.22438 -0.0803903 14.4896 0.0151382 0.0927091 0.012677 0.078734 63 1
73.3758 6.13269 -0.0791792 14.4974 0.0159322 0.0970125 0.00992519 0.078423 64 1
74.5321 6.04243 -0.0779047 14.5053 0.0164726 0.0990391 0.00675537 0.079152 65 1
75.6891 5.95364 -0.0765868 14.5142 0.0168903 0.110781 0.00522127 0.079585 66 1
76.8469 5.86637 -0.0752356 14.5222 0.0174996 0.10004 0.00761582 0.078671 67 1
78.0055 5.78066 -0.0738357 14.5295 0.0183631 0.0916004 0.0107938 0.078633 68 1
79.1649 5.69662 -0.0723666 14.5366 0.0196159 0.0881195 0.0156606 0.079358 69 1
80.3249 5.61436 -0.0707973 14.5472 0.0214361 0.133467 0.0227526 0.079055 70 1
81.4859 5.53403 -0.0690824 14.5552 0.023348 0.0989914 0.023898 0.078183 71 1
82.6477 5.45582 -0.0672146 14.5673 0.0247223 0.152302 0.0171794 0.079608 72 1
83.8106 5.37985 -0.0652368 14.5751 0.0258467 0.0970364 0.0140553 0.079257 73 1
84.9743 5.30624 -0.0631691 14.5826 0.0268831 0.0931859 0.0129548 0.078804 74 1
86.1387 5.2351 -0.0610184 14.5881 0.0276674 0.0694633 0.00980399 0.078913 75 1
87.3037 5.16651 -0.058805 14.5952 0.0281527 0.0890613 0.00606587 0.079963 76 1
88.4695 5.10051 -0.0565528 14.6014 0.0285148 0.0763536 0.00452546 0.07946 77 1
89.6359 5.03715 -0.0542716 14.6079 0.028765 0.0816703 0.00312817 0.07858 78 1
90.8029 4.97644 -0.0519704 14.6145 0.0288141 0.0824451 0.000614114 0.079336 79 1
91.9706 4.9184 -0.0496653 14.6208 0.0287814 0.0786781 -0.000409409 0.079165 80 1
93.139 4.86302 -0.0473628 14.6351 0.0293205 0.179172 0.00673893 0.07882 81 0
94.3086 4.81033 -0.0450172 14.645 0.0296415 0.123191 0.00401286 0.078696 82 0
95.4791 4.76039 -0.0426458 14.6611 0.0297303 0.202012 0.00110934 0.079294 83 0
96.6511 4.71317 -0.0402674 14.6662 0.0293127 0.0632644 -0.00521964 0.078907 84 1
97.8235 4.66869 -0.0379224 14.6712 0.028968 0.0628352 -0.00430932 0.078937 85 1
98.9965 4.6269 -0.035605 14.6782 0.0285893 0.0872135 -0.00473387 0.078349 86 1
100.17 4.58779 -0.0333178 14.6856 0.0283194 0.0929952 -0.00337292 0.078678 87 1
101.344 4.55131 -0.0310523 14.6939 0.028035 0.10314 -0.00355502 0.078479 88 1
102.519 4.51745 -0.0288095 14.7082 0.0278069 0.179327 -0.00285134 0.078424 89 1
103.696 4.48617 -0.0265849 14.7143 0.0273423 0.0757337 -0.00580698 0.080167 90 1
104.872 4.45746 -0.0243975 14.7204 0.0267703 0.076735 -0.00715025 0.079695 91 1
106.05 4.43125 -0.0222559 14.7263 0.0261572 0.0735283 -0.00766448 0.07898 92 1
107.228 4.4075 -0.0201633 14.7335 0.0255542 0.0899553 -0.00753708 0.080403 93 1
108.406 4.38614 -0.018119 14.7435 0.0254469 0.125289 -0.00134115 0.07913 94 1
109.585 4.36717 -0.0160832 14.7547 0.0250745 0.139308 -0.0046554 0.078918 95 0
110.766 4.35056 -0.0140773 14.7532 0.0241126 -0.0183105 -0.012023 0.078725 96 1
111.946 4.33622 -0.0121483 14.7511 0.0231372 -0.0259638 -0.0121933 0.078697 97 1
113.126 4.32407 -0.0102973 14.7469 0.022225 -0.0524163 -0.0114021 0.079129 98 1
114.306 4.31402 -0.00851928 14.7398 0.0214744 -0.0887394 -0.00938205 0.119194 99 1
115.485 4.306 -0.00680133 14.7267 0.0206643 -0.163746 -0.0101263 0.233736 100 1
116.663 4.29993 -0.00514818 14.7047 0.0194588 -0.27585 -0.0150688 0.283945 101 1
117.839 4.29571 -0.00359148 14.6822 0.0181389 -0.281441 -0.0164997 0.28793 102 1
119.014 4.29319 -0.00214037 14.656 0.0168159 -0.326681 -0.0165375 0.300969 103 1
120.186 4.29226 -0.000795099 14.6314 0.0154821 -0.308061 -0.0166722 0.299272 104 1
121.357 4.29278 0.000443467 14.612 0.0141591 -0.241876 -0.0165372 0.298804 105 1
122.526 4.29462 0.0015762 14.5903 0.0130962 -0.271869 -0.0132859 0.293367 106 1
123.693 4.29769 0.00262389 14.5604 0.0122034 -0.374007 -0.0111606 0.274113 107 1
124.858 4.30188 0.00360016 14.4959 0.0110909 -0.806129 -0.0139059 0.282053 108 1
126.017 4.30708 0.00448744 14.3561 0.00974065 -1.74705 -0.0168783 0.162203 109 1
127.166 4.31313 0.00526669 14.2273 0.0072911 -1.6096 -0.0306193 0.23828 110 0
128.304 4.31979 0.00584998 14.1098 0.00543756 -1.46953 -0.0231693 0.121699 111 1
129.433 4.32688 0.00628498 13.9905 0.00395612 -1.49028 -0.018518 0.120816 112 1
130.552 4.33427 0.00660147 13.9246 0.0028766 -0.824606 -0.0134939 0.117046 113 1
131.666 4.34188 0.0068316 13.8465 0.00188183 -0.976312 -0.0124346 0.113391 114 1
132.774 4.34962 0.00698215 13.7689 0.000429556 -0.969625 -0.0181534 0.07813 115 1
133.875 4.35735 0.00701651 13.6811 -0.00111957 -1.09727 -0.0193641 0.079697 116 1
134.97 4.36493 0.00692694 13.5845 -0.00223436 -1.20761 -0.0139348 0.079063 117 1
136.056 4.37226 0.0067482 13.5034 -0.00345669 -1.01388 -0.0152792 0.158132 118 1
137.137 4.37925 0.00647166 13.5686 -0.00924543 0.815284 -0.0723592 0.280225 119 0
138.222 4.38547 0.00573203 13.5889 -0.00733929 0.253403 0.0238268 0.176303 120 0
139.309 4.39107 0.00514488 13.5776 -0.0100529 -0.140643 -0.0339204 0.211392 121 1
140.395 4.39578 0.00434065 13.5753 -0.0130622 -0.0295043 -0.0376155 0.203777 122 1
141.481 4.39936 0.00329568 13.4804 -0.0108281 -1.18548 0.027926 0.117508 123 0
142.56 4.40198 0.00242943 13.4432 -0.0133665 -0.465 -0.0317301 0.190593 124 1
143.635 4.40344 0.00136011 13.4185 -0.0161949 -0.308895 -0.0353547 0.240747 125 1
144.709 4.40351 6.45218e-05 13.3851 -0.0189357 -0.417578 -0.0342598 0.245386 126 1
145.78 4.40196 -0.00145033 13.359 -0.0216682 -0.326049 -0.0341574 0.28821 127 1
146.848 4.39856 -0.00318379 13.3272 -0.024432 -0.397766 -0.034547 0.286688 128 1
147.915 4.39308 -0.00513835 13.2818 -0.0268866 -0.567198 -0.0306819 0.23974 129 1
148.977 4.38533 -0.00728927 13.2803 -0.0237278 -0.0194669 0.0394849 0.202891 130 0
150.039 4.37557 -0.0091875 13.2733 -0.0194456 -0.0867963 0.0535269 0.169246 131 0
151.101 4.36417 -0.0107431 13.2734 -0.0225552 0.000762939 -0.0388696 0.12454 132 1
152.163 4.35084 -0.0125476 13.2649 -0.02553 -0.105894 -0.0371858 0.208685 133 1
153.224 4.33536 -0.01459 13.2721 -0.027174 0.0898004 -0.02055 0.248985 134 1
154.286 4.31756 -0.0167639 13.2966 -0.0306714 0.306261 -0.0437171 0.176135 135 1
155.349 4.29712 -0.0192176 13.321 -0.0339513 0.305164 -0.040998 0.16887 136 1
156.415 4.27375 -0.0219337 13.3334 -0.0356892 0.154185 -0.0217248 0.197542 137 1
157.481 4.24731 -0.0247888 13.3842 -0.0441583 0.635576 -0.105863 0.203251 138 0
158.551 4.21699 -0.0283215 13.4223 -0.0517414 0.476336 -0.0947891 0.165362 139 0
159.625 4.18214 -0.0324608 13.4629 -0.058146 0.506699 -0.0800569 0.130693 140 0
160.701 4.14218 -0.0371125 13.4886 -0.0625631 0.321162 -0.0552139 0.124447 141 0
161.779 4.09674 -0.0421175 13.4963 -0.0649334 0.0969291 -0.029629 0.117686 142 0
162.857 4.04568 -0.0473122 13.5511 -0.0701934 0.685155 -0.0657497 0.129833 143 0
163.94 3.98833 -0.0529277 13.5583 -0.0619787 0.0896215 0.102684 0.332972 144 1
165.023 3.92557 -0.057886 13.5551 -0.0544547 -0.0398874 0.0940505 0.198407 145 0
166.105 3.85812 -0.0622424 13.5475 -0.0478338 -0.0947237 0.0827609 0.079651 146 1
167.187 3.78657 -0.0660691 13.5418 -0.0435079 -0.0711083 0.0540739 0.078901 147 1
168.267 3.71128 -0.0695497 13.5445 -0.0394492 0.0331879 0.0507334 0.079033 148 1
169.348 3.63257 -0.0727056 13.5571 -0.0348503 0.158226 0.0574869 0.078793 149 1
170.43 3.55077 -0.0754936 13.563 -0.0302941 0.0726461 0.0569513 0.078968 150 1
171.511 3.46631 -0.0779172 13.5676 -0.0258498 0.0582695 0.0555548 0.079812 151 1
172.593 3.37959 -0.0799852 13.5599 -0.0201226 -0.0964046 0.0715899 0.07951 152 0
173.674 3.29117 -0.081595 13.5509 -0.0131591 -0.112927 0.0870431 0.078903 153 0
174.755 3.20168 -0.0826477 13.5563 -0.00823365 0.0677824 0.0615684 0.078723 154 0
175.836 3.11144 -0.0833064 13.5708 -0.00351526 0.180817 0.0589798 0.078842 155 0
176.917 3.02079 -0.0835876 13.5775 0.00173706 0.084877 0.065654 0.078492 156 0
178 2.93026 -0.0834486 13.579 0.00756287 0.0175238 0.0728226 0.122336 157 0
179.082 2.84037 -0.0828436 13.5726 0.0143917 -0.0788927 0.0853604 0.119235 158 0
180.165 2.75176 -0.0816923 13.563 0.0202283 -0.120497 0.0729576 0.078265 159 0
181.246 2.66497 -0.080074 13.5399 0.0241667 -0.28832 0.0492304 0.079028 160 0
182.326 2.58042 -0.0781407 13.482 0.0297313 -0.724721 0.0695564 0.178628 161 0
183.402 2.49878 -0.0757622 13.4537 0.0350566 -0.35367 0.0665667 0.077944 162 0
184.475 2.42033 -0.0729576 13.4043 0.0436126 -0.61667 0.106951 0.550112 163 1
185.545 2.34589 -0.0694686 13.4116 0.0477917 0.0909448 0.0522387 0.079553 164 0
186.615 2.27551 -0.0656453 13.4321 0.0518345 0.25624 0.0505351 0.078914 165 0
187.688 2.20947 -0.0614985 13.4625 0.0553964 0.380433 0.0445232 0.078576 166 0
188.763 2.14804 -0.0570668 13.4987 0.0583645 0.452423 0.0371008 0.079049 167 0
189.842 2.09148 -0.0523977 13.5266 0.0607348 0.348198 0.0296296 0.115246 168 0
190.922 2.04006 -0.0475389 13.5508 0.0629448 0.302398 0.0276243 0.118864 169 0
192.005 1.994 -0.0425033 13.5653 0.0650504 0.181973 0.0263205 0.122908 170 0
193.09 1.95353 -0.0372993 13.5671 0.0667548 0.021863 0.0213054 0.124583 171 0
194.175 1.91885 -0.0319589 13.5685 0.0679026 0.0177026 0.0143469 0.127191 172 0
195.26 1.89005 -0.0265267 13.5737 0.0685342 0.0652194 0.00789501 0.13625 173 0
196.346 1.8672 -0.0210439 13.5689 0.0684284 -0.0602722 -0.00132294 0.160668 174 0
197.431 1.8503 -0.0155697 13.5803 0.0677135 0.142109 -0.00893576 0.157461 175 0
198.517 1.83927 -0.0101526 13.5735 0.0668565 -0.0850678 -0.0107124 0.213836 176 0
199.603 1.83406 -0.00480407 13.5529 0.065721 -0.257456 -0.0141941 0.244362 177 0
200.687 1.83455 0.000453607 13.5273 0.0640626 -0.319946 -0.0207291 0.282922 178 0
201.77 1.84059 0.00557862 13.4518 0.0622128 -0.942934 -0.023123 0.317358 179 0
202.846 1.85195 0.0105556 13.4169 0.0600902 -0.437081 -0.0265322 0.319624 180 0
203.919 1.86843 0.0153629 13.3853 0.0576174 -0.394249 -0.0309102 0.32234 181 0
204.989 1.88982 0.0199723 13.3489 0.0548057 -0.455415 -0.0351463 0.292553 182 0
206.057 1.91583 0.0243567 13.3138 0.0516138 -0.438666 -0.0398984 0.314996 183 0
207.122 1.94616 0.0284858 13.2789 0.0480577 -0.436866 -0.0444519 0.311078 184 0
208.183 1.9805 0.0323304 13.2497 0.0438472 -0.364828 -0.052631 0.310081 185 0
209.243 2.01848 0.0358382 13.2282 0.039405 -0.267792 -0.0555277 0.306662 186 0
210.3 2.05973 0.0389906 13.2157 0.0350056 -0.156963 -0.0549928 0.311601 187 0
211.357 2.10391 0.0417911 13.2215 0.0306743 0.0725508 -0.0541406 0.271297 188 0
212.413 2.15069 0.044245 13.2371 0.026481 0.195277 -0.0524165 0.215225 189 0
213.471 2.19977 0.0463635 13.233 0.0195489 -0.0517845 -0.0866508 0.297035 190 1
214.529 2.25049 0.0479274 13.2509 0.0153479 0.224507 -0.052513 0.309969 191 1
215.587 2.30257 0.0491552 13.2474 0.0108479 -0.0445485 -0.0562504 0.311388 192 1
216.646 2.35557 0.0500231 13.204 0.0056648 -0.541544 -0.0647881 0.375474 193 1
217.701 2.40886 0.0504762 12.884 -0.00309798 -4 -0.109535 0.35216 194 0
218.73 2.46061 0.0502284 12.564 -0.0133231 -4 -0.127814 0.329958 195 0
219.734 2.51001 0.0491626 12.244 -0.024752 -4 -0.142862 0.421062 196 0
220.713 2.55621 0.0471824 11.9258 -0.0367653 -3.97764 -0.150166 0.405729 197 0
221.666 2.5984 0.0442412 11.6388 -0.0486681 -3.58748 -0.148785 0.393165 198 0
222.596 2.63596 0.0403477 11.3931 -0.0600157 -3.07214 -0.141846 0.423721 199 0
223.507 2.66835 0.0355465 11.1319 -0.0707521 -3.26496 -0.134204 0.377231 200 0
224.397 2.69496 0.0298863 10.8599 -0.0776675 -3.39966 -0.0864431 0.400649 201 0
225.266 2.71553 0.0236729 10.6114 -0.0825057 -3.10577 -0.0604777 0.406469 202 0
226.114 2.73002 0.0170724 10.4097 -0.0927865 -2.52105 -0.128509 0.413508 203 0
226.947 2.73806 0.00964952 10.1735 -0.101894 -2.95354 -0.113843 0.364488 204 0
227.761 2.73927 0.00149801 9.99371 -0.112655 -2.24694 -0.134511 0.37551 205 0
228.56 2.73327 -0.00751438 9.79471 -0.123431 -2.48746 -0.134703 0.400045 206 0
229.344 2.71964 -0.0173889 9.58724 -0.127471 -2.59337 -0.0504964 0.408649 207 0
230.111 2.69849 -0.0275865 9.43409 -0.125711 -1.91437 0.0220025 0.414731 208 0
230.865 2.67008 -0.0376434 9.13769 -0.116139 -3.70508 0.119641 0.377787 209 0
231.595 2.63579 -0.0469345 8.97786 -0.0943069 -1.99788 0.272904 0.364366 210 1
232.312 2.59668 -0.0544791 8.65786 -0.0763085 -4 0.224981 0.411721 211 0
233.004 2.55474 -0.0605837 8.78852 -0.0609654 1.63326 0.191788 0.37169 212 1
233.705 2.50875 -0.065461 8.94211 -0.0473642 1.91993 0.170015 0.415752 213 1
234.419 2.45925 -0.0692501 9.06931 -0.0351353 1.59003 0.152861 0.404594 214 1
235.142 2.40701 -0.0720609 9.18779 -0.0239111 1.48098 0.140303 0.404043 215 1
235.875 2.35269 -0.0739738 9.27895 -0.0139151 1.13941 0.12495 0.450434 216 1
236.616 2.297 -0.075087 9.35734 -0.00481197 0.979865 0.113789 0.419915 217 1
237.362 2.24056 -0.075472 9.41983 0.00235645 0.781155 0.0896052 0.425692 218 1
238.114 2.18388 -0.0752835 9.51405 0.00882481 1.17773 0.0808545 0.393652 219 0
238.873 2.12717 -0.0745775 9.71431 0.0111871 2.50326 0.0295285 0.358611 220 1
239.648 2.06996 -0.0736825 9.8873 0.0149876 2.1624 0.0475063 0.414636 221 0
240.436 2.01268 -0.0724835 10.0635 0.0184655 2.20307 0.0434744 0.342761 222 0
241.24 1.95556 -0.0710063 10.2342 0.0216896 2.13344 0.0403001 0.234099 223 0
242.056 1.89889 -0.0692711 10.4066 0.0245218 2.15516 0.0354029 0.356857 224 0
242.887 1.84289 -0.0673093 10.5837 0.026696 2.21391 0.0271783 0.376109 225 0
243.732 1.78775 -0.0651737 10.7613 0.0282036 2.2191 0.018844 0.44101 226 0
244.591 1.73362 -0.0629174 10.9381 0.0289754 2.21008 0.0096478 0.509863 227 0
245.465 1.68063 -0.0605993 11.1134 0.0289399 2.19113 -0.000444311 0.527616 228 0
246.352 1.62884 -0.0582842 11.2906 0.0281483 2.21539 -0.00989493 0.442138 229 0
247.254 1.57825 -0.0560323 11.4641 0.027101 2.16923 -0.0130905 0.284449 230 0
248.17 1.52888 -0.0538642 11.6287 0.0258804 2.05677 -0.0152582 0.129365 231 0
249.099 1.48071 -0.0517938 11.7919 0.0243576 2.04045 -0.0190342 0.078522 232 0
250.041 1.43371 -0.0498452 11.9469 0.0228223 1.93697 -0.0191922 0.187829 233 0
250.996 1.38783 -0.0480194 12.1043 0.021296 1.96822 -0.0190782 0.20857 234 0
251.963 1.343 -0.0463157 12.261 0.0198304 1.95889 -0.0183196 0.526434 235 0
252.943 1.29914 -0.0447293 12.4134 0.0182284 1.90387 -0.0200257 0.559768 236 0
253.935 1.25618 -0.043271 12.5769 0.0162715 2.04383 -0.0244613 0.44052 237 0
254.94 1.21397 -0.0419693 12.7519 0.0138096 2.18792 -0.0307737 0.471621 238 0
255.959 1.17229 -0.0408645 12.9163 0.0112378 2.05475 -0.032147 0.423157 239 0
256.992 1.13101 -0.0399655 13.0509 0.00919128 1.68318 -0.0255818 0.501685 240 0
258.035 1.09006 -0.0392302 13.1663 0.00837724 1.44196 -0.0101754 0.377564 241 0
259.088 1.04945 -0.03856 13.2764 0.00814793 1.37615 -0.00286638 0.291565 242 0
260.149 1.0092 -0.0379082 13.3746 0.00787355 1.22763 -0.00342975 0.281856 243 0
261.218 0.969322 -0.0372783 13.46 0.00751391 1.06711 -0.00449559 0.272478 244 0
262.294 0.929837 -0.0366772 13.5298 0.00704877 0.873446 -0.00581422 0.282251 245 0
263.376 0.890757 -0.0361133 13.5932 0.00660303 0.792515 -0.00557176 0.277679 246 0
264.463 0.852068 -0.035585 13.6481 0.00614478 0.68537 -0.00572813 0.287183 247 0
265.554 0.813759 -0.0350935 13.6961 0.00569665 0.600183 -0.00560161 0.284224 248 0
266.649 0.775815 -0.0346377 13.7378 0.00525299 0.521612 -0.00554575 0.28879 249 0
267.747 0.738216 -0.0342175 13.7736 0.00485525 0.447476 -0.00497173 0.292261 250 0
268.849 0.700948 -0.0338291 13.8067 0.00448791 0.413871 -0.00459175 0.294629 251 0
269.953 0.663986 -0.03347 13.8341 0.00396803 0.342727 -0.00649853 0.301573 252 0
271.059 0.627301 -0.0331526 13.8404 0.00282181 0.0780582 -0.0143277 0.487511 253 0
272.165 0.59085 -0.0329269 13.8244 0.00107563 -0.199413 -0.0218273 0.56845 254 0
273.271 0.554536 -0.0328408 13.751 -0.00272533 -0.917339 -0.047512 0.428693 255 0
274.37 0.518176 -0.0330588 13.6708 -0.00589597 -1.00315 -0.039633 0.440754 256 0
275.463 0.481511 -0.0335305 13.6774 -0.00646204 0.0826836 -0.00707593 0.517612 257 0
276.557 0.444264 -0.0340475 13.6944 -0.00658958 0.212407 -0.00159425 0.55204 258 0
277.652 0.406393 -0.0345746 13.7279 -0.00601059 0.418973 0.00723735 0.365444 259 0
278.749 0.367902 -0.0350555 13.7523 -0.0101973 0.305414 -0.0523337 0.347334 260 0
279.849 0.328446 -0.0358713 13.6307 0.00532433 -1.52028 0.19402 0.526371 261 0
280.939 0.289802 -0.0354453 13.5233 0.0212189 -1.34258 0.198682 0.446429 262 0
282.02 0.253298 -0.0337478 13.4194 0.0342585 -1.29859 0.162995 0.401736 263 0
283.093 0.220016 -0.0310071 13.3036 0.0457082 -1.44751 0.143121 0.420204 264 0
284.157 0.190911 -0.0273505 13.14 0.0556772 -2.04483 0.124612 0.513606 265 0
285.208 0.166844 -0.0228963 13.0395 0.0644915 -1.25704 0.110179 0.469699 266 0
286.251 0.148343 -0.017737 12.9253 0.0712307 -1.42766 0.0842402 0.454831 267 0
287.285 0.135895 -0.0120385 12.8094 0.0786801 -1.44856 0.0931171 0.384726 268 0
288.309 0.130009 -0.0057441 12.6762 0.0831229 -1.66423 0.0555354 0.429725 269 0
289.323 0.130927 0.000905733 12.5553 0.0885268 -1.51124 0.0675485 0.408582 270 0
290.328 0.13895 0.00798788 12.4376 0.0924649 -1.47181 0.0492258 0.440128 271 0
291.323 0.154258 0.0153851 12.3184 0.0959199 -1.48995 0.0431879 0.434164 272 0
292.308 0.17698 0.0230587 12.185 0.0974139 -1.6678 0.0186744 0.450177 273 0
293.282 0.207049 0.0308518 12.0669 0.0993019 -1.47649 0.0235998 0.486346 274 0
294.247 0.244491 0.0387959 11.9475 0.0982522 -1.49219 -0.0131209 0.396034 275 0
295.202 0.289069 0.0466561 11.8468 0.0984419 -1.25849 0.00237161 0.386288 276 0
296.148 0.340725 0.0545314 11.755 0.0961347 -1.14706 -0.0288405 0.427314 277 0
297.087 0.399201 0.0622222 11.6122 0.0968792 -1.78487 0.00930624 0.506811 278 1
298.013 0.464151 0.0699726 11.4339 0.0796975 -2.22888 -0.21477 0.446423 279 0
298.925 0.533921 0.0763484 11.3133 0.0640352 -1.50778 -0.195779 0.458207 280 0
299.827 0.607576 0.0814712 11.242 0.0481575 -0.890982 -0.198472 0.397015 281 0
300.723 0.68422 0.0853238 11.1695 0.0316013 -0.90667 -0.206953 0.40441 282 1
301.614 0.76262 0.0878519 11.0783 0.0154043 -1.13955 -0.202463 0.367685 283 0
