-8.88 2 0 14.181 0.0107129 2.26264 0.133911 3.39599 1 10
-7.74552 2.00097 0.000857033 14.3103 -0.00386117 1.61592 -0.182176 1.17767 2 10
-6.6007 2.0016 0.000548139 14.3849 -0.0151322 0.933015 -0.140888 1.03658 3 0
-5.4499 2.00084 -0.000662437 14.4649 -0.0244559 0.999165 -0.116547 1.10163 4 0
-4.29272 1.99781 -0.00261891 14.5503 -0.0311902 1.06837 -0.0841775 1.33801 5 10
-3.12871 1.99185 -0.00511413 14.6232 -0.0414788 0.91095 -0.128608 1.1342 6 0
-1.95889 1.98199 -0.00843243 14.7027 -0.0450553 0.993657 -0.0447066 1.02467 7 9
-0.782762 1.96783 -0.0120369 14.7777 -0.0531664 0.93782 -0.101389 1.11125 8 0
0.399299 1.94857 -0.0162902 14.846 -0.0609123 0.853241 -0.0968228 1.19588 9 0
1.58671 1.92344 -0.0211631 14.9115 -0.0682721 0.818455 -0.0919983 1.16464 10 0
2.77921 1.89168 -0.0266249 14.9727 -0.0750577 0.765836 -0.0848197 1.18155 11 0
3.97639 1.85261 -0.0326295 15.0731 -0.0808083 1.25486 -0.071883 1.30079 12 2
5.18131 1.80548 -0.0390942 15.1933 -0.0859222 1.50287 -0.0639237 1.12361 13 3
6.3955 1.74962 -0.045968 15.2693 -0.0892012 0.949907 -0.0409869 1.19822 14 0
7.61532 1.68478 -0.0531041 15.3751 -0.0919229 1.32166 -0.0340218 1.11324 15 2
8.84308 1.61047 -0.0604579 15.5033 -0.0938084 1.60341 -0.023569 1.16082 16 3
10.0805 1.52624 -0.0679626 15.7036 -0.0952055 2.50343 -0.0174636 1.14766 17 5
11.3332 1.43138 -0.075579 15.7804 -0.0951556 0.959682 0.000624266 1.20674 18 0
12.5913 1.32648 -0.0831915 15.8544 -0.0944385 0.925505 0.00896342 1.1304 19 0
13.8544 1.21154 -0.0907466 15.927 -0.093124 0.9076 0.0164319 1.06676 20 0
15.1224 1.08662 -0.0981965 16.0107 -0.0913657 1.04584 0.0219789 0.939701 21 1
16.3961 0.951733 -0.105506 16.1152 -0.0890547 1.30591 0.0288876 1.20041 22 3
17.6772 0.806836 -0.11263 16.2171 -0.086384 1.27444 0.0333832 1.02977 23 3
18.9653 0.652116 -0.119541 16.2993 -0.0832737 1.0273 0.0388792 0.865977 24 1
20.2589 0.487991 -0.126203 16.3785 -0.079832 0.98958 0.0430214 0.955548 25 1
21.5577 0.314771 -0.132589 16.4844 -0.0769397 1.32341 0.0361532 0.782181 26 6
22.8637 0.132388 -0.138744 16.5806 -0.0735777 1.20251 0.0420244 0.869213 27 6
24.1763 -0.0587884 -0.144631 16.6759 -0.0696688 1.19209 0.0488617 0.7695 28 6
25.4954 -0.258419 -0.150204 16.7214 -0.064354 0.568795 0.0664351 0.748568 29 0
26.817 -0.465402 -0.155352 16.8081 -0.0598104 1.08342 0.0567955 0.779071 30 6
28.1444 -0.679811 -0.160137 16.8886 -0.0550188 1.00656 0.0598947 0.813361 31 6
29.4773 -0.901116 -0.164539 16.9174 -0.049103 0.36006 0.0739475 0.953139 32 2
30.8115 -1.12804 -0.168467 16.999 -0.0441115 1.01957 0.0623941 0.98858 33 6
32.1514 -1.36079 -0.171996 17.058 -0.0380052 0.738025 0.0763286 0.866639 34 3
33.4952 -1.59844 -0.175036 17.0955 -0.0322407 0.46885 0.0720562 1.0298 35 0
34.8413 -1.84007 -0.177616 17.1327 -0.0265378 0.464129 0.0712856 1.12531 36 0
36.1898 -2.0851 -0.179739 17.1689 -0.0209126 0.452328 0.0703159 1.0196 37 0
37.5408 -2.33291 -0.181412 17.2187 -0.0152045 0.622344 0.0713502 1.04763 38 3
38.8954 -2.58308 -0.182628 17.292 -0.0105309 0.916934 0.0584211 0.94808 39 6
40.2555 -2.83547 -0.183471 17.3226 -0.00505968 0.382423 0.0683898 1.01681 40 0
41.618 -3.08885 -0.183875 17.3526 0.000262757 0.375462 0.0665305 0.919447 41 0
42.9828 -3.34264 -0.183854 17.3817 0.00544457 0.362921 0.0647726 0.920464 42 0
44.35 -3.59626 -0.183419 17.449 0.009736 0.84157 0.0536429 0.939375 43 6
45.7227 -3.8498 -0.18264 17.4552 0.0146159 0.0773668 0.0609991 1.01013 44 2
47.0962 -4.10182 -0.181471 17.4603 0.0193032 0.0644207 0.0585909 0.986924 45 2
48.4705 -4.35179 -0.179926 17.5049 0.0240738 0.556755 0.0596325 1.1589 46 1
49.8487 -4.59975 -0.178 17.5091 0.0283382 0.0524521 0.0533045 0.951542 47 2
51.2279 -4.84464 -0.175733 17.5345 0.0324914 0.318003 0.0519154 0.874227 48 0
52.6097 -5.08629 -0.173134 17.5596 0.0364059 0.31414 0.0489312 0.845662 49 0
53.9941 -5.32426 -0.170222 17.6273 0.0394133 0.84548 0.0375926 0.814689 50 6
55.3847 -5.55876 -0.167068 17.6932 0.0423273 0.82438 0.0364248 0.903583 51 6
56.7812 -5.78941 -0.163682 17.759 0.0450858 0.822139 0.0344818 0.791816 52 6
58.1838 -6.01587 -0.160075 17.8361 0.0487673 0.963974 0.0460183 0.81094 53 3
59.5933 -6.23781 -0.156174 17.9105 0.0521021 0.929594 0.0416857 0.915155 54 3
61.0096 -6.45477 -0.152006 17.9988 0.0551707 1.10371 0.0383565 0.822566 55 4
62.4339 -6.66652 -0.147592 18.1009 0.058011 1.27654 0.0355046 0.841431 56 5
63.8672 -6.87282 -0.142951 18.108 0.0598636 0.0889778 0.023157 0.808245 57 0
65.302 -7.07233 -0.138162 18.114 0.0614061 0.0747919 0.0192815 0.85846 58 0
66.7383 -7.26485 -0.13325 18.1251 0.0625723 0.138259 0.014578 0.796285 59 3
68.1764 -7.4503 -0.128244 18.166 0.0637351 0.511765 0.0145344 0.854439 60 2
69.6187 -7.62881 -0.123145 18.1698 0.0643957 0.04704 0.00825711 0.882473 61 0
71.0621 -7.79992 -0.117994 18.1866 0.0648291 0.210714 0.00541862 0.716655 62 1
72.5078 -7.9637 -0.112807 18.191 0.064968 0.0546932 0.00173524 0.728043 63 0
73.9547 -8.12 -0.10761 18.1938 0.0648612 0.0345469 -0.00133421 1.03882 64 0
75.4025 -8.26882 -0.102421 18.199 0.0645382 0.0658512 -0.0040384 1.13652 65 0
76.8516 -8.41019 -0.0972578 18.2479 0.0632815 0.610232 -0.0157079 0.878612 66 6
78.3052 -8.54459 -0.0921953 18.2951 0.0620302 0.590038 -0.0156413 0.816668 67 6
79.7633 -8.6721 -0.0872329 18.3408 0.0607758 0.572038 -0.0156799 0.797698 68 6
81.2256 -8.79283 -0.0823708 18.3852 0.0595232 0.554895 -0.0156574 0.793104 69 6
82.6919 -8.90686 -0.0776089 18.4227 0.0590744 0.468135 -0.00561085 0.80604 70 2
84.1618 -9.01418 -0.072883 18.4779 0.0584239 0.690246 -0.00813026 0.762125 71 3
85.6366 -9.11493 -0.0682091 18.4953 0.0574409 0.2177 -0.0122885 0.722835 72 1
87.1133 -9.20899 -0.0636138 18.4937 0.0561939 -0.0202417 -0.0155876 0.747315 73 0
88.5902 -9.29641 -0.0591183 18.4929 0.0547513 -0.0102758 -0.0180326 0.725439 74 0
90.0674 -9.37735 -0.0547382 18.5293 0.0532764 0.455952 -0.0184359 0.709261 75 2
91.5479 -9.45214 -0.0504761 18.5653 0.0516431 0.4493 -0.0204162 0.714355 76 2
93.0315 -9.52095 -0.0463446 18.5641 0.0497562 -0.014925 -0.0235863 0.70958 77 0
94.5153 -9.58385 -0.0423642 18.6555 0.0480153 1.14198 -0.0217605 0.807695 78 5
96.0066 -9.64132 -0.0385229 18.6905 0.0464168 0.43807 -0.0199818 0.772276 79 6
97.5009 -9.69336 -0.0348096 18.6863 0.0440947 -0.0518322 -0.029026 0.682208 80 0
98.9951 -9.74012 -0.031282 18.7203 0.0426337 0.424767 -0.0182624 0.773441 81 6
100.492 -9.78185 -0.0278713 18.7902 0.0401094 0.873566 -0.031554 0.406631 82 4
101.995 -9.81892 -0.0246626 18.858 0.0376972 0.846672 -0.030153 0.283648 83 4
103.503 -9.85158 -0.0216468 18.8865 0.0366158 0.357485 -0.0135172 0.296018 84 6
105.014 -9.87986 -0.0187175 18.9143 0.0354994 0.346899 -0.0139543 0.250061 85 6
106.527 -9.90388 -0.0158776 18.9415 0.0343595 0.340056 -0.0142489 0.257321 86 6
108.042 -9.92378 -0.0131288 19.023 0.0320681 1.0186 -0.0286427 0.26367 87 5
109.564 -9.93985 -0.0105633 19.102 0.0298844 0.987911 -0.0272968 0.27194 88 5
111.092 -9.95234 -0.00817259 19.1229 0.027791 0.261498 -0.0261677 0.32342 89 2
112.622 -9.96144 -0.00594932 19.1432 0.0258017 0.253344 -0.0248653 0.273021 90 2
114.153 -9.96739 -0.00388518 19.2001 0.0239184 0.711012 -0.0235421 0.313625 91 4
115.689 -9.97042 -0.00197171 19.235 0.0174869 0.436115 -0.0803932 0.935478 92 7
117.228 -9.9713 -0.000572754 19.2283 0.0125547 -0.0840426 -0.0616521 0.991693 93 0
118.766 -9.97064 0.000431626 19.2438 0.00834413 0.194025 -0.0526327 0.982265 94 1
120.306 -9.96895 0.00109916 19.2579 0.00480206 0.176144 -0.0442758 1.07784 95 1
121.846 -9.96666 0.00148332 19.2732 0.00186801 0.191379 -0.0366756 1.05406 96 1
123.388 -9.96414 0.00163276 19.3262 -0.000527388 0.662184 -0.0299425 1.08707 97 3
124.934 -9.96168 0.00159057 19.3605 -0.0023941 0.42882 -0.0233338 1.02085 98 2
126.483 -9.95952 0.00139904 19.3926 -0.00405831 0.401735 -0.0208026 1.22971 99 6
128.035 -9.95785 0.00107438 19.4257 -0.00521975 0.413585 -0.014518 1.05057 100 6
129.589 -9.95683 0.000656799 19.4585 -0.00590223 0.410366 -0.00853108 1.036 101 6
131.145 -9.95654 0.00018462 19.4908 -0.00609738 0.403118 -0.00243933 0.99267 102 6
132.704 -9.95701 -0.00030317 19.5264 -0.00712358 0.445652 -0.0128275 1.40145 103 9
134.267 -9.95838 -0.000873056 19.5623 -0.00720005 0.44868 -0.00095591 1.40393 104 8
135.832 -9.96065 -0.00144906 19.5977 -0.00662612 0.442886 0.00717419 1.42095 105 8
137.399 -9.96375 -0.00197915 19.633 -0.00553393 0.440884 0.0136523 1.40495 106 8
138.97 -9.96755 -0.00242186 19.5722 -0.00282999 -0.760198 0.0337993 1.45285 107 2
140.536 -9.9717 -0.00264826 19.5757 -0.000677096 0.0438929 0.0269112 1.68189 108 0
142.102 -9.97593 -0.00270243 19.58 0.000966695 0.053072 0.0205474 1.30256 109 0
143.668 -9.98004 -0.0026251 19.585 0.00220523 0.0625134 0.0154817 1.40453 110 0
145.235 -9.98388 -0.00244868 19.6294 0.00401077 0.555468 0.0225692 1.35803 111 8
146.805 -9.98722 -0.00212782 19.6722 0.00610202 0.535393 0.0261406 1.48496 112 8
148.379 -9.9898 -0.00163965 19.7126 0.00953692 0.505137 0.0429362 1.29915 113 9
149.956 -9.99118 -0.0008767 19.7482 0.0117002 0.444055 0.0270416 1.40688 114 8
151.536 -9.99109 5.93188e-05 19.7783 0.0138521 0.377083 0.026898 1.22553 115 8
153.118 -9.98924 0.00116749 19.8192 0.0115321 0.510979 -0.0289997 0.682311 116 3
154.704 -9.98593 0.00209005 19.8901 0.00969283 0.886488 -0.0229909 0.538738 117 5
156.295 -9.98137 0.00286548 19.9348 0.00830926 0.558805 -0.0172947 0.562527 118 4
157.89 -9.97574 0.00353022 19.9741 0.00701563 0.490808 -0.0161703 0.649746 119 4
159.488 -9.9692 0.00409147 19.974 0.011052 -0.00126362 0.0504543 1.10771 120 10
161.086 -9.96125 0.00497563 19.9875 0.0095927 0.1683 -0.0182408 0.494834 121 3
162.685 -9.95207 0.00574305 20.0008 0.00822993 0.166655 -0.0170347 0.328578 122 3
164.285 -9.94183 0.00640144 20.0509 0.00699505 0.62592 -0.015436 0.304901 123 5
165.889 -9.93066 0.00696104 20.0993 0.00586436 0.605607 -0.0141336 0.30908 124 5
167.497 -9.91871 0.00743019 20.1279 0.0047905 0.357103 -0.0134233 0.326346 125 4
169.107 -9.90613 0.00781343 20.1193 0.00729435 -0.106883 0.0312982 1.22371 126 8
170.716 -9.89262 0.00839698 20.1131 0.0107407 -0.0784159 0.0430792 1.27337 127 9
172.325 -9.87772 0.00925624 20.1067 0.0139242 -0.0797749 0.0397944 1.50849 128 9
173.934 -9.86104 0.0103702 20.1025 0.0179565 -0.0516176 0.0504029 1.30541 129 10
175.542 -9.84206 0.0118067 20.0975 0.02051 -0.0629663 0.0319194 1.1988 130 9
177.149 -9.82043 0.0134475 20.0917 0.0216712 -0.0720024 0.0145142 0.931094 131 8
178.757 -9.79603 0.0151812 20.0844 0.0215661 -0.0922203 -0.00131293 0.609259 132 7
180.363 -9.76887 0.0169065 20.0773 0.0214411 -0.0888348 -0.00156346 0.341655 133 7
181.969 -9.73896 0.0186218 20.0704 0.0212936 -0.0855923 -0.00184285 0.300566 134 7
183.574 -9.70633 0.0203253 20.0638 0.0211232 -0.0826359 -0.00213007 0.3118 135 7
185.179 -9.671 0.0220151 20.0574 0.0209291 -0.079751 -0.00242656 0.292569 136 7
186.783 -9.63299 0.0236894 20.0513 0.0207101 -0.0768423 -0.00273688 0.302708 137 7
188.387 -9.59233 0.0253462 20.0454 0.0204644 -0.0739098 -0.0030716 0.30081 138 7
189.99 -9.54907 0.0269834 20.0397 0.0201902 -0.0710011 -0.00342713 0.300418 139 7
191.592 -9.50323 0.0285986 20.0341 0.0198892 -0.0697851 -0.00376252 0.288721 140 7
193.194 -9.45485 0.0301898 20.0296 0.0207624 -0.0559092 0.0109146 0.352268 141 8
194.796 -9.40382 0.0318508 20.0248 0.0202901 -0.0601292 -0.00590328 0.33464 142 7
196.397 -9.3502 0.033474 20.0199 0.0197941 -0.0611782 -0.00620084 0.289872 143 7
197.998 -9.29407 0.0350575 20.015 0.0192729 -0.0617027 -0.00651467 0.303711 144 7
199.598 -9.23548 0.0365993 20.0099 0.0187279 -0.0638008 -0.00681283 0.308615 145 7
201.197 -9.17451 0.0380976 20.0047 0.0181593 -0.0652313 -0.00710778 0.276795 146 7
202.796 -9.11123 0.0395503 20.001 0.0215905 -0.0461102 0.0428909 0.580163 147 10
204.395 -9.0452 0.0412775 19.9974 0.02469 -0.0452995 0.0387428 0.733165 148 10
205.993 -8.97603 0.0432527 19.9934 0.0276448 -0.0500441 0.0369352 0.867221 149 10
207.591 -8.90333 0.0454643 19.9875 0.0305393 -0.0726461 0.0361819 0.793375 150 10
209.188 -8.82676 0.0479075 19.9801 0.0334883 -0.0935078 0.0368621 0.717568 151 10
210.785 -8.74593 0.0505865 19.9712 0.0363933 -0.110626 0.036313 0.732452 152 10
212.38 -8.6605 0.053498 19.7941 0.0328084 -2.21324 -0.0448121 0.736621 153 0
213.961 -8.57168 0.0561227 19.6794 0.029256 -1.43421 -0.0444045 0.81126 154 1
215.533 -8.47969 0.0584631 19.6821 0.0319252 0.0340223 0.0333653 0.782592 155 10
217.105 -8.38367 0.0610172 19.6204 0.026633 -0.77188 -0.0661528 0.848665 156 0
218.671 -8.28462 0.0631478 19.5568 0.0216071 -0.795198 -0.0628235 0.815095 157 0
220.232 -8.18319 0.0648764 19.4861 0.0155732 -0.882864 -0.0754238 0.827002 158 2
221.788 -8.08018 0.0661222 19.4188 0.0110245 -0.841928 -0.0568585 0.853372 159 0
223.338 -7.97617 0.0670042 19.3609 0.00524098 -0.723052 -0.0722945 1.03184 160 3
224.883 -7.87182 0.0674235 19.3637 0.0107138 0.0340462 0.0684098 1.06918 161 10
226.429 -7.76613 0.0682806 19.3168 0.0050743 -0.585222 -0.0704933 1.1039 162 1
227.97 -7.66007 0.0686865 19.272 -0.000231653 -0.560665 -0.0663244 1.20577 163 1
229.508 -7.55428 0.068668 19.2141 -0.00567772 -0.723171 -0.0680759 1.10115 164 3
231.042 -7.44951 0.0682138 19.1588 -0.0107146 -0.692272 -0.0629608 1.11645 165 3
232.571 -7.34635 0.0673566 19.1027 -0.0153888 -0.700474 -0.058428 1.1142 166 3
234.096 -7.24537 0.0661255 19.0645 -0.0193512 -0.478268 -0.0495303 1.14525 167 1
235.618 -7.14695 0.0645774 18.9831 -0.0229811 -1.01686 -0.0453737 1.09516 168 2
237.134 -7.05173 0.0627389 18.8911 -0.0263598 -1.15056 -0.0422333 1.28402 169 2
238.642 -6.96016 0.0606301 18.7917 -0.029466 -1.24192 -0.0388276 1.37633 170 1
240.143 -6.8726 0.0582728 18.7355 -0.0321662 -0.702953 -0.0337529 1.58152 171 0
241.64 -6.78916 0.0556995 18.6295 -0.0343822 -1.32518 -0.0276997 1.42377 172 1
243.128 -6.71029 0.052949 18.5249 -0.0363825 -1.30739 -0.0250032 1.46436 173 1
244.608 -6.63616 0.0500384 18.4563 -0.0381165 -0.856662 -0.0216746 1.31885 174 0
246.083 -6.56681 0.046989 18.3669 -0.0395478 -1.11811 -0.0178916 1.2276 175 0
247.551 -6.50243 0.0438252 18.2572 -0.0406923 -1.37098 -0.0143067 1.24673 176 0
249.01 -6.44319 0.0405698 18.142 -0.041656 -1.44074 -0.012046 1.02963 177 0
250.461 -6.38916 0.0372374 18.0291 -0.0424388 -1.4111 -0.00978513 1.11145 178 0
251.902 -6.34036 0.0338423 17.9187 -0.0430586 -1.37918 -0.00774809 0.961482 179 0
253.335 -6.29679 0.0303976 17.809 -0.043533 -1.37117 -0.00592899 1.05125 180 0
254.759 -6.25845 0.0269149 17.7045 -0.0438966 -1.30653 -0.00454523 1.0162 181 0
256.175 -6.22531 0.0234032 17.6054 -0.0440999 -1.23935 -0.00254116 1.16022 182 0
257.583 -6.19732 0.0198752 17.5129 -0.0441267 -1.15597 -0.000335835 1.1669 183 0
258.984 -6.17442 0.0163451 17.422 -0.0440311 -1.13559 0.00119577 1.05207 184 0
260.378 -6.15655 0.0128226 17.3353 -0.04379 -1.08409 0.00301399 1.0297 185 0
261.764 -6.14362 0.00931938 17.2506 -0.043447 -1.05898 0.00428706 1.09734 186 0
263.144 -6.13556 0.00584362 17.169 -0.0430084 -1.01962 0.00548265 0.984184 187 0
264.518 -6.13226 0.00240295 17.0879 -0.0424859 -1.01388 0.00653095 1.07355 188 0
265.885 -6.13362 -0.000995923 17.0091 -0.0418601 -0.985026 0.0078226 1.42669 189 0
267.246 -6.13953 -0.00434473 16.9373 -0.0410664 -0.89767 0.00992087 1.17065 190 0
268.601 -6.14987 -0.00763005 16.8989 -0.0404254 -0.480199 0.00801329 1.06188 191 1
269.953 -6.16455 -0.0108641 16.8941 -0.0398453 -0.0599384 0.00725109 1.24581 192 2
271.304 -6.18355 -0.0140517 16.9154 -0.0391519 0.266004 0.00866721 1.14093 193 2
272.657 -6.2068 -0.0171839 17.0188 -0.0392685 1.29256 -0.00145747 1.03062 194 5
274.018 -6.23447 -0.0203253 17.0399 -0.0381231 0.263715 0.0143181 0.983623 195 0
275.381 -6.26633 -0.0233752 17.0366 -0.0369459 -0.0406265 0.0147145 0.884329 196 2
276.743 -6.30221 -0.0263308 17.011 -0.0352192 -0.319719 0.0215842 0.870136 197 1
278.104 -6.34188 -0.0291484 17.0323 -0.0333172 0.265789 0.0237744 1.4254 198 0
279.466 -6.38522 -0.0318138 17.0361 -0.0313084 0.0473022 0.0251104 1.04234 199 0
280.828 -6.43198 -0.0343184 17.0043 -0.0293799 -0.397229 0.024106 0.899683 200 0
282.187 -6.48185 -0.0366688 16.947 -0.027462 -0.716901 0.0239734 0.985265 201 0
283.542 -6.53453 -0.0388658 16.8852 -0.0255509 -0.771523 0.0238894 0.985178 202 0
284.892 -6.58978 -0.0409098 16.8233 -0.0236903 -0.774074 0.0232566 1.33912 203 0
286.236 -6.64737 -0.0428051 16.7813 -0.0218997 -0.525641 0.0223832 0.943091 204 0
287.577 -6.70717 -0.0445571 16.7567 -0.0206225 -0.306749 0.0159652 0.861063 205 1
288.916 -6.76909 -0.0462069 16.7531 -0.0189107 -0.0458479 0.0213977 0.952623 206 1
290.255 -6.83302 -0.0477197 16.7884 -0.0171126 0.441813 0.0224763 0.93272 207 1
291.597 -6.89892 -0.0490887 16.8398 -0.0153813 0.642228 0.0216411 0.869478 208 1
292.942 -6.96668 -0.0503192 16.8826 -0.0136629 0.535369 0.02148 0.95864 209 0
294.291 -7.03609 -0.0514122 16.9721 -0.0124923 1.1188 0.0146325 0.993635 210 6
295.647 -7.10722 -0.0524116 17.0218 -0.0110779 0.621486 0.0176799 0.977121 211 1
297.007 -7.17976 -0.0532979 17.0743 -0.00981456 0.655913 0.0157914 0.961225 212 1
298.371 -7.2536 -0.054083 17.1469 -0.00852595 0.907707 0.0161076 0.946076 213 6
299.74 -7.32869 -0.0547651 17.1703 -0.00753078 0.291777 0.0124397 1.40614 214 0
301.112 -7.4047 -0.0553676 17.0967 -0.00639321 -0.91958 0.0142196 1.53724 215 0
302.477 -7.48109 -0.055879 17.1107 -0.00588462 0.174832 0.0063574 1.0228 216 6
303.844 -7.55819 -0.0563498 17.1016 -0.00625914 -0.113058 -0.0046816 0.952864 217 1
305.21 -7.63592 -0.0568505 17.0822 -0.00553247 -0.243211 0.00908339 0.814494 218 7
306.574 -7.71418 -0.0572931 16.9989 -0.00447003 -1.04089 0.0132805 0.763399 219 0
307.932 -7.79253 -0.0576507 16.9066 0.0048483 -1.1534 0.116479 0.643522 220 9
309.282 -7.86994 -0.0572628 16.8364 0.0131807 -0.877523 0.104155 0.627218 221 9
310.627 -7.94561 -0.0562084 16.7874 0.012023 -0.613523 -0.0144713 0.838941 222 0
311.968 -8.01976 -0.0552466 16.7702 0.0112838 -0.214505 -0.00924007 0.961347 223 0
313.308 -8.09264 -0.0543438 16.8361 0.0105112 0.824428 -0.00965765 1.00658 224 1
314.653 -8.16467 -0.053503 16.92 0.00988493 1.04799 -0.007828 1.07244 225 2
316.004 -8.23598 -0.0527122 17.0605 0.00941006 1.75686 -0.00593585 1.03614 226 5
317.367 -8.30687 -0.0519594 17.1564 0.00917978 1.19867 -0.00287846 1.10461 227 3
318.738 -8.37714 -0.051225 17.2846 0.00907803 1.60213 -0.00127188 1.02646 228 5
320.119 -8.44694 -0.0504987 17.3769 0.0091904 1.15426 0.00140456 1.01783 229 3
321.508 -8.51609 -0.0497635 17.4313 0.00950225 0.679708 0.00389818 0.995483 230 1
322.9 -8.5844 -0.0490033 17.5566 0.00980542 1.56658 0.00378956 1.09042 231 5
324.303 -8.6521 -0.0482189 17.6622 0.0102663 1.31991 0.00576102 1.05825 232 4
325.715 -8.71905 -0.0473976 17.7725 0.0107335 1.37784 0.00584022 0.996176 233 5
327.135 -8.78519 -0.0465389 17.8429 0.0113492 0.880814 0.00769614 1.12248 234 6
328.561 -8.8503 -0.045631 17.8733 0.0115665 0.379086 0.00271559 1.16039 235 3
329.989 -8.91421 -0.0447056 17.9572 0.0119051 1.04916 0.00423347 1.14781 236 7
331.424 -8.97704 -0.0437532 18.0032 0.0126998 0.575638 0.00993318 1.20665 237 1
332.863 -9.03858 -0.0427373 18.0494 0.0134313 0.57683 0.00914442 1.07279 238 2
334.306 -9.09872 -0.0416627 18.0968 0.014114 0.593114 0.0085332 1.08669 239 2
335.753 -9.15738 -0.0405336 18.1539 0.0147706 0.712895 0.00820791 1.06479 240 2
337.204 -9.21452 -0.039352 18.1723 0.0154594 0.230312 0.00861023 1.16712 241 3
338.657 -9.26992 -0.0381152 18.2581 0.0153225 1.07257 -0.00171232 1.17259 242 8
340.116 -9.32379 -0.0368894 18.3381 0.0158117 1.00067 0.00611554 1.51847 243 7
341.582 -9.37604 -0.0356245 18.3509 0.0168353 0.159216 0.0127948 1.46593 244 3
343.05 -9.42635 -0.0342777 18.3643 0.0176949 0.167131 0.010745 1.30784 245 3
344.518 -9.47462 -0.0328621 18.4447 0.0174688 1.00572 -0.0028257 1.34803 246 8
345.993 -9.52104 -0.0314646 18.4697 0.0183953 0.312042 0.0115813 1.49666 247 1
347.47 -9.56535 -0.0299929 18.4846 0.0191187 0.185966 0.009042 1.64254 248 0
348.948 -9.60744 -0.0284634 18.4969 0.0196478 0.154567 0.00661316 1.64004 249 0
350.427 -9.64723 -0.0268916 18.5368 0.0200958 0.498486 0.00560102 1.73332 250 1
351.91 -9.68472 -0.025284 18.501 0.0202934 -0.447297 0.00247005 1.58304 251 2
353.389 -9.71973 -0.0236605 18.5808 0.0191236 0.997853 -0.0146236 1.60301 252 8
354.875 -9.75263 -0.0221306 18.6583 0.018294 0.968742 -0.0103691 1.62388 253 8
356.368 -9.78347 -0.0206671 18.735 0.0178578 0.9583 -0.00545278 1.57078 254 8
357.866 -9.81231 -0.0192384 18.8023 0.0176441 0.840569 -0.00267178 1.77048 255 7
359.37 -9.83912 -0.0178269 18.8836 0.0172449 1.01624 -0.00498933 1.61518 256 9
360.881 -9.86397 -0.0164473 18.963 0.0171749 0.993109 -0.000874838 1.4357 257 9
362.397 -9.88683 -0.0150733 18.9826 0.0189614 0.245214 0.0223304 1.19412 258 0
363.916 -9.90742 -0.0135564 19.0235 0.0198829 0.511479 0.0115189 1.0649 259 4
365.438 -9.92563 -0.0119658 19.031 0.0199932 0.093174 0.00137922 0.981578 260 0
366.96 -9.94141 -0.0103663 19.1108 0.0194493 0.997758 -0.00679833 1.00119 261 5
368.489 -9.95488 -0.0088104 19.148 0.0183738 0.465393 -0.0134443 0.999052 262 1
370.021 -9.96612 -0.00734049 19.2324 0.0170292 1.05472 -0.016807 1.01088 263 5
371.559 -9.97532 -0.00597816 19.3246 0.0154741 1.15244 -0.0194395 1.03844 264 4
373.105 -9.98265 -0.00474023 19.3344 0.0136094 0.121999 -0.0233081 1.03129 265 0
374.652 -9.9883 -0.00365147 19.3602 0.0117436 0.322843 -0.0233227 1.03601 266 4
376.201 -9.9925 -0.00271199 19.3603 0.00995078 0.0010252 -0.0224105 0.969316 267 0
377.75 -9.99547 -0.00191592 19.3584 0.00844283 -0.0230312 -0.0188493 0.914529 268 2
379.298 -9.99739 -0.0012405 19.2981 0.00730068 -0.754261 -0.0142769 0.972411 269 2
380.842 -9.9984 -0.000656442 19.2316 0.00638903 -0.830913 -0.0113956 1.03263 270 2
382.381 -9.99862 -0.000145319 19.2165 0.00545008 -0.188875 -0.0117369 0.931671 271 0
383.918 -9.99818 0.000290687 19.1906 0.00462305 -0.323415 -0.0103378 0.951925 272 1
385.453 -9.99716 0.000660531 19.1656 0.00390193 -0.312471 -0.00901397 1.01925 273 0
386.986 -9.99567 0.000972685 19.0743 0.00336073 -1.14214 -0.00676503 0.945725 274 1
388.512 -9.99378 0.00124154 19.0462 0.00278976 -0.350952 -0.00713706 0.959096 275 0
390.036 -9.99155 0.00146473 19.0182 0.00225852 -0.350213 -0.00664052 1.05379 276 0
391.558 -9.98904 0.00164541 18.9931 0.00176411 -0.313091 -0.0061801 0.978062 277 0
393.077 -9.98633 0.00178654 18.9687 0.00129938 -0.305867 -0.00580925 0.942611 278 0
394.594 -9.98346 0.00189049 18.9433 0.000861529 -0.317383 -0.00547307 0.94891 279 0
396.11 -9.98049 0.00195941 18.9217 0.000446325 -0.269222 -0.00519005 0.978761 280 0
397.624 -9.97747 0.00199511 18.902 5.61094e-05 -0.247192 -0.0048777 1.0763 281 0
399.136 -9.97445 0.0019996 18.9005 -0.000322519 -0.0186205 -0.00473286 1.10058 282 1
400.648 -9.97146 0.0019738 18.8856 -0.000642606 -0.185633 -0.00400108 0.985723 283 0
