-8.88 2 0 14.1638 -0.0166843 2.0475 -0.208554 0.097469 1 5
-7.7469 1.99849 -0.00133474 14.3249 -0.0314961 2.01321 -0.185148 0.10766 2 5
-6.60092 1.99407 -0.00385443 14.4736 -0.0402602 1.85926 -0.109551 0.104587 3 5
-5.44306 1.98588 -0.00707525 14.5498 -0.046214 0.952351 -0.0744223 0.102183 4 2
-4.27914 1.97334 -0.0107724 14.625 -0.0514396 0.939977 -0.0653208 0.117513 5 2
-3.10927 1.95592 -0.0148875 14.6947 -0.0562506 0.871861 -0.0601368 0.109291 6 2
-1.93392 1.93313 -0.0193876 14.7457 -0.0615481 0.63715 -0.0662195 0.107791 7 3
-0.754608 1.90446 -0.0243114 14.8075 -0.0655093 0.771904 -0.0495146 0.108508 8 2
0.429471 1.86945 -0.0295522 14.8572 -0.0697762 0.622368 -0.0533366 0.10674 9 2
1.61732 1.8277 -0.0351343 14.9229 -0.0722587 0.820696 -0.0310314 0.131344 10 0
2.81015 1.77887 -0.040915 14.9428 -0.0760643 0.248408 -0.0475695 0.109956 11 2
4.00425 1.72271 -0.0470001 15.007 -0.0780983 0.802207 -0.0254248 0.113818 12 2
5.20311 1.65881 -0.053248 15.181 -0.0813874 2.17547 -0.0411143 0.126727 13 5
6.41542 1.58628 -0.059759 15.2497 -0.0821593 0.858355 -0.00964869 0.119102 14 4
7.63271 1.50541 -0.0663317 15.3353 -0.0819002 1.07064 0.00323821 0.11136 15 3
8.85628 1.41608 -0.0728837 15.4861 -0.0821329 1.88434 -0.00290796 0.118065 16 5
10.0913 1.31774 -0.0794544 15.5643 -0.0806146 0.978291 0.0189789 0.112705 17 3
11.3318 1.21091 -0.0859035 15.6551 -0.0786647 1.13416 0.0243736 0.11425 18 3
12.5789 1.09561 -0.0921967 15.7555 -0.0762601 1.25551 0.0300569 0.109281 19 3
13.8332 0.971911 -0.0982975 15.8503 -0.0738655 1.18527 0.0299333 0.111847 20 4
15.0944 0.840013 -0.104207 15.9386 -0.0718674 1.10369 0.0249757 0.11424 21 6
16.3618 0.700092 -0.109956 16.04 -0.0671944 1.26779 0.0584126 0.113962 22 2
17.6365 0.552426 -0.115332 16.1551 -0.0620314 1.43824 0.064538 0.114367 23 1
18.9195 0.397331 -0.120294 16.2609 -0.056927 1.3227 0.0638049 0.115255 24 1
20.2103 0.235341 -0.124848 16.3311 -0.0607359 0.877857 -0.0476109 0.124063 25 5
21.5058 0.0663545 -0.129707 16.4261 -0.0549631 1.18747 0.0721596 0.11758 26 0
22.8081 -0.109343 -0.134104 16.5168 -0.0492763 1.1332 0.0710845 0.123449 27 0
24.1169 -0.291171 -0.138046 16.6055 -0.0436779 1.10896 0.0699805 0.12039 28 0
25.432 -0.478572 -0.141541 16.6811 -0.0415793 0.945282 0.0262322 0.122217 29 4
26.7525 -0.67122 -0.144867 16.7722 -0.0386647 1.13845 0.0364327 0.123799 30 5
28.0796 -0.869026 -0.14796 16.8857 -0.0315124 1.41871 0.0894037 0.1177 31 6
29.4152 -1.07154 -0.150481 16.9634 -0.0258639 0.971365 0.0706059 0.10688 32 0
30.7565 -1.27776 -0.15255 17.0645 -0.0202209 1.26407 0.0705377 0.125686 33 1
32.1055 -1.48739 -0.154168 17.1772 -0.0146578 1.40867 0.0695386 0.112138 34 2
33.4631 -1.7 -0.155341 17.2724 -0.00947245 1.19019 0.0648173 0.108038 35 1
34.8281 -1.91482 -0.156098 17.3752 -0.00353443 1.28481 0.0742253 0.108027 36 6
36.2012 -2.13131 -0.156381 17.4821 0.00126129 1.33624 0.0599465 0.107719 37 2
37.5827 -2.34899 -0.15628 17.5642 0.00567999 1.0258 0.0552337 0.121865 38 1
38.9708 -2.56706 -0.155826 17.6445 0.00985247 1.00443 0.052156 0.109178 39 1
40.3655 -2.78503 -0.155038 17.6933 0.0136401 0.609851 0.0473452 0.111855 40 0
41.7642 -3.00207 -0.153946 17.7945 0.0246576 1.26469 0.137719 0.108307 41 10
43.1713 -3.21759 -0.151974 17.8345 0.0271883 0.499773 0.031633 0.120368 42 0
44.5821 -3.43051 -0.149799 17.9019 0.0296079 0.84269 0.0302461 0.111159 43 1
45.9987 -3.64089 -0.14743 17.9381 0.0316642 0.45197 0.0257035 0.121166 44 0
47.4188 -3.8481 -0.144897 18.0018 0.033639 0.797153 0.0246851 0.109433 45 1
48.8444 -4.05221 -0.142206 18.0619 0.0353779 0.750232 0.021736 0.107035 46 1
50.2753 -4.25295 -0.139376 18.0911 0.0367728 0.365067 0.0174366 0.126108 47 0
51.7091 -4.44979 -0.136434 18.1735 0.0381726 1.03087 0.0174974 0.120091 48 2
53.1501 -4.64314 -0.13338 18.2788 0.039428 1.31536 0.0156915 0.120192 49 3
54.6 -4.83303 -0.130226 18.2995 0.0401766 0.258684 0.00935751 0.11791 50 0
56.0522 -5.01847 -0.127012 18.3881 0.043785 1.10855 0.0451055 0.109657 51 8
57.512 -5.1997 -0.123509 18.4808 0.047103 1.15793 0.0414754 0.106439 52 8
58.9799 -5.3763 -0.119741 18.5915 0.0471131 1.38447 0.000125449 0.117213 53 4
60.4572 -5.5484 -0.115972 18.5952 0.0466716 0.0457764 -0.00551827 0.107675 54 0
61.9355 -5.71502 -0.112238 18.5964 0.0461556 0.0148773 -0.00645039 0.110563 55 0
63.4145 -5.87619 -0.108545 18.629 0.0456362 0.407124 -0.00649225 0.107659 56 1
64.8966 -6.03223 -0.104894 18.6301 0.0449542 0.0144005 -0.00852551 0.11138 57 0
66.3793 -6.18295 -0.101298 18.6301 0.0442371 -2.38419e-05 -0.00896254 0.110975 58 0
67.8626 -6.32841 -0.0977591 18.6872 0.0473503 0.713444 0.0389146 0.109142 59 7
69.351 -6.46869 -0.0939711 18.7169 0.0461688 0.370979 -0.0147695 0.112887 60 1
70.8423 -6.60369 -0.0902776 18.716 0.0449023 -0.0102997 -0.0158302 0.113382 61 0
72.3339 -6.73332 -0.0866854 18.7146 0.0436204 -0.0178099 -0.0160248 0.112456 62 0
73.8259 -6.85773 -0.0831958 18.7753 0.0478231 0.758648 0.0525339 0.11458 63 8
75.3232 -6.97682 -0.0793699 18.8901 0.051246 1.4348 0.0427861 0.111871 64 10
76.8301 -7.09046 -0.0752703 18.9525 0.0557811 0.779772 0.0566887 0.123802 65 9
78.3425 -7.19773 -0.0708078 18.9424 0.0527152 -0.12548 -0.0383228 0.115454 66 0
79.8546 -7.29857 -0.0665906 18.9852 0.0539471 0.534368 0.0153979 0.11349 67 7
81.3704 -7.39309 -0.0622748 18.9709 0.0506971 -0.17817 -0.0406247 0.107894 68 0
82.8855 -7.4814 -0.058219 18.9597 0.0475825 -0.140119 -0.0389321 0.106621 69 0
84.4001 -7.56389 -0.0544124 18.9505 0.0445931 -0.115085 -0.0373673 0.109839 70 0
85.9142 -7.64094 -0.050845 18.9921 0.0478851 0.519776 0.0411492 0.106756 71 8
87.4318 -7.71234 -0.0470142 19.0355 0.0486759 0.542736 0.00988566 0.106421 72 7
88.9533 -7.77799 -0.0431201 19.0755 0.0530234 0.500274 0.0543432 0.105436 73 9
90.4782 -7.8373 -0.0388782 19.1232 0.0584206 0.596166 0.0674654 0.104225 74 10
92.0071 -7.88962 -0.0342046 19.1647 0.0554715 0.51868 -0.0368641 0.10641 75 6
93.5396 -7.93525 -0.0297669 19.1446 0.0504751 -0.251555 -0.0624547 0.105172 76 0
95.0707 -7.97465 -0.0257289 19.128 0.0457724 -0.207067 -0.0587841 0.112207 77 0
96.6006 -8.00842 -0.0220671 19.1688 0.0434527 0.509095 -0.0289961 0.105656 78 6
98.1338 -8.03693 -0.0185908 19.2038 0.0472131 0.438166 0.0470053 0.10544 79 9
99.6699 -8.05968 -0.0148138 19.2329 0.0503811 0.364161 0.0395996 0.109844 80 9
101.208 -8.07627 -0.0107833 19.262 0.0469734 0.363255 -0.0425956 0.106628 81 6
102.749 -8.0871 -0.00702544 19.2424 0.0416026 -0.244999 -0.0671351 0.10704 82 0
104.289 -8.09279 -0.00369722 19.2201 0.0365844 -0.279331 -0.0627284 0.104049 83 0
105.826 -8.09398 -0.000770474 19.253 0.0380397 0.411606 0.0181917 0.104267 84 8
107.367 -8.09048 0.0022727 19.2859 0.0351348 0.41163 -0.0363109 0.105643 85 6
108.909 -8.08263 0.00508349 19.3208 0.0303212 0.436425 -0.0601698 0.104509 86 2
110.455 -8.07103 0.00750919 19.2929 0.025788 -0.348759 -0.0566659 0.115563 87 0
111.998 -8.05625 0.00957223 19.266 0.021574 -0.336623 -0.052675 0.11915 88 0
113.54 -8.03884 0.0112981 18.9878 0.0419946 -3.47741 0.255258 0.142799 89 8
115.058 -8.01657 0.0146577 18.92 0.00817162 -0.847912 -0.422787 0.120359 90 6
116.572 -7.9934 0.0153114 18.6562 0.0302249 -3.29778 0.275666 0.119694 91 10
118.064 -7.96694 0.0177294 18.3813 0.0571471 -3.4358 0.336527 0.122513 92 8
119.534 -7.93415 0.0223012 18.1663 0.00541366 -2.68679 -0.646668 0.118324 93 2
120.987 -7.90111 0.0227343 17.9644 -0.0340079 -2.52416 -0.492769 0.118677 94 2
122.424 -7.87235 0.0200137 17.7815 -0.0624995 -2.28684 -0.356145 0.117317 95 1
123.846 -7.851 0.0150137 17.6255 -0.0847844 -1.94893 -0.278562 0.119854 96 1
125.256 -7.83939 0.00823095 17.4881 -0.101874 -1.71797 -0.213621 0.124232 97 1
126.656 -7.83928 8.10278e-05 17.3507 -0.113087 -1.71773 -0.140164 0.104958 98 0
128.044 -7.85172 -0.00896595 17.2448 -0.119922 -1.3232 -0.0854384 0.12108 99 0
129.423 -7.87732 -0.0185597 17.1754 -0.12204 -0.867677 -0.0264689 0.116943 100 0
130.796 -7.91624 -0.0283229 17.1422 -0.119498 -0.415182 0.0317767 0.108761 101 0
132.167 -7.96818 -0.0378827 17.1591 -0.1156 0.211763 0.0487207 0.115501 102 6
133.538 -8.03285 -0.0471307 17.2087 -0.107321 0.619388 0.103492 0.109715 103 6
134.913 -8.10951 -0.0557164 17.3216 -0.0970607 1.41184 0.128249 0.109578 104 3
136.295 -8.19742 -0.0634812 17.4442 -0.0868731 1.53158 0.127345 0.113644 105 4
137.688 -8.29563 -0.0704311 17.5666 -0.0768668 1.52993 0.125079 0.107485 106 5
139.089 -8.40315 -0.0765804 17.6904 -0.0669531 1.54791 0.123921 0.106422 107 5
140.499 -8.51898 -0.0819366 17.8112 -0.0574901 1.50955 0.118288 0.108024 108 4
141.919 -8.64213 -0.0865359 17.8537 -0.0475297 0.531459 0.124506 0.107359 109 0
143.341 -8.77098 -0.0903382 17.8917 -0.0382306 0.475168 0.116238 0.108674 110 0
144.766 -8.90447 -0.0933967 17.9294 -0.0295976 0.470829 0.107914 0.108127 111 0
146.194 -9.04162 -0.0957645 17.9901 -0.0140115 0.758743 0.194826 0.108115 112 9
147.627 -9.18084 -0.0968854 18.0236 -0.00743046 0.419426 0.082263 0.108575 113 0
149.062 -9.32117 -0.0974799 18.0514 -0.00139571 0.347686 0.0754344 0.106188 114 0
150.499 -9.46188 -0.0975915 18.0815 0.00409089 0.376153 0.0685825 0.122008 115 0
151.939 -9.60235 -0.0972642 18.1571 0.0130829 0.945187 0.1124 0.138372 116 7
153.384 -9.7419 -0.0962176 18.2056 0.0248251 0.605297 0.146778 0.116661 117 9
154.834 -9.87894 -0.0942316 18.2717 0.0317512 0.82612 0.0865765 0.118652 118 7
156.29 -10.0128 -0.0916915 18.3361 0.0379236 0.805616 0.077154 0.119781 119 7
157.751 -10.1427 -0.0886576 18.3924 0.0452659 0.703812 0.0917797 0.11338 120 8
159.217 -10.2676 -0.0850363 18.4045 0.0457697 0.151324 0.00629718 0.108485 121 0
160.685 -10.3873 -0.0813748 18.4155 0.0460786 0.137019 0.00386061 0.109883 122 0
162.153 -10.5017 -0.0776885 18.484 0.0482413 0.856924 0.0270344 0.112533 123 6
163.628 -10.6107 -0.0738292 18.4924 0.0479799 0.104809 -0.00326801 0.119489 124 0
165.104 -10.7142 -0.0699908 18.5008 0.047565 0.104427 -0.00518602 0.107932 125 0
166.581 -10.8121 -0.0661856 18.5134 0.047028 0.157523 -0.00671274 0.109388 126 0
168.059 -10.9045 -0.0624233 18.552 0.0463766 0.482774 -0.0081419 0.10755 127 1
169.541 -10.9916 -0.0587132 18.6019 0.053554 0.623679 0.0897169 0.110517 128 9
171.026 -11.0725 -0.0544289 18.6633 0.057906 0.767398 0.0544009 0.108687 129 8
172.518 -11.1468 -0.0497964 18.7173 0.0616091 0.675344 0.0462889 0.106082 130 8
174.014 -11.214 -0.0448677 18.7513 0.068484 0.425291 0.0859355 0.104526 131 10
175.512 -11.2731 -0.039389 18.7488 0.0645292 -0.0318527 -0.0494348 0.107626 132 0
177.012 -11.3244 -0.0342266 18.7537 0.0607056 0.0619888 -0.0477956 0.106793 133 0
178.511 -11.3685 -0.0293702 18.7538 0.0570012 0.000882149 -0.0463042 0.108944 134 0
180.011 -11.4057 -0.0248101 18.7478 0.0534319 -0.0753164 -0.0446161 0.108305 135 0
181.511 -11.4365 -0.0205355 18.7409 0.0499873 -0.0864506 -0.0430583 0.107396 136 0
183.01 -11.4613 -0.0165365 18.7431 0.0466641 0.0284195 -0.0415397 0.113666 137 0
184.509 -11.4805 -0.0128034 18.7425 0.0434838 -0.00789166 -0.0397534 0.107638 138 0
186.008 -11.4944 -0.00932472 18.7967 0.0444406 0.67718 0.0119601 0.105863 139 7
187.512 -11.5031 -0.00576947 18.7931 0.0410928 -0.0443935 -0.0418476 0.108978 140 0
189.015 -11.5068 -0.00248204 18.847 0.0478556 0.672913 0.0845343 0.109915 141 10
190.523 -11.5048 0.00134641 18.8456 0.0437602 -0.01688 -0.0511928 0.111206 142 0
192.031 -11.4975 0.00484722 18.8425 0.0398621 -0.0388145 -0.0487253 0.109633 143 0
193.538 -11.4854 0.00803619 18.8392 0.0361755 -0.0417709 -0.0460826 0.113687 144 0
195.045 -11.4689 0.0109302 18.8906 0.0346527 0.642824 -0.0190359 0.1148 145 6
196.556 -11.4482 0.0137024 18.8836 0.0311462 -0.0878096 -0.0438304 0.11558 146 0
198.067 -11.4237 0.0161941 18.9344 0.0338361 0.635791 0.0336239 0.11361 147 8
199.581 -11.3951 0.018901 18.9261 0.0300533 -0.103641 -0.0472857 0.109439 148 0
201.095 -11.3629 0.0213053 18.9771 0.0285111 0.637174 -0.0192776 0.110995 149 6
202.613 -11.3271 0.0235862 18.9665 0.0249541 -0.133228 -0.0444614 0.105513 150 0
204.13 -11.2882 0.0255825 19.0154 0.0276518 0.611591 0.0337205 0.108393 151 8
205.65 -11.246 0.0277947 19.0896 0.0264161 0.92721 -0.0154458 0.10864 152 4
207.177 -11.2003 0.0299079 19.1416 0.0247434 0.650954 -0.0209093 0.114835 153 3
208.707 -11.1515 0.0318874 19.171 0.0296178 0.366902 0.0609304 0.109766 154 9
210.24 -11.099 0.0342568 19.209 0.025211 0.475717 -0.0550853 0.108403 155 2
211.776 -11.0432 0.0362737 19.2499 0.0210861 0.511289 -0.0515606 0.113735 156 2
213.315 -10.9848 0.0379606 19.3448 0.0172262 1.18589 -0.0482491 0.114333 157 4
214.861 -10.9239 0.0393387 19.318 0.0136785 -0.335407 -0.0443463 0.115143 158 0
216.405 -10.8614 0.040433 19.3805 0.0103685 0.780869 -0.0413748 0.111161 159 3
217.954 -10.7975 0.0412625 19.4389 0.00730568 0.730872 -0.0382857 0.112339 160 3
219.508 -10.7324 0.0418469 19.4388 0.004516 -0.00133514 -0.034871 0.110835 161 1
221.062 -10.6668 0.0422082 19.4452 0.0114872 0.079751 0.08714 0.112447 162 9
222.616 -10.5997 0.0431272 19.4725 0.00812884 0.341463 -0.0419794 0.10993 163 2
224.172 -10.5316 0.0437775 19.5291 0.00502115 0.707269 -0.0388462 0.112292 164 3
225.733 -10.4626 0.0441792 19.5548 0.0021819 0.321198 -0.0354906 0.126683 165 2
227.296 -10.3932 0.0443537 19.5755 -0.000424889 0.259137 -0.0325848 0.110072 166 2
228.86 -10.3238 0.0443197 19.5839 0.00775367 0.10519 0.102232 0.108336 167 10
230.426 -10.2534 0.04494 19.574 0.00446065 -0.124526 -0.0411627 0.109589 168 1
231.99 -10.1825 0.0452969 19.5702 0.00147646 -0.047636 -0.0373024 0.110405 169 1
233.554 -10.1115 0.045415 19.5754 0.00762838 0.0660181 0.076899 0.11243 170 9
235.118 -10.0394 0.0460253 19.5955 0.0142011 0.251246 0.0821588 0.112424 171 10
236.684 -9.96549 0.0471614 19.6041 0.0206518 0.107121 0.0806342 0.111945 172 10
238.251 -9.88897 0.0488135 19.6444 0.0128475 0.503087 -0.0975538 0.117732 173 4
239.82 -9.81067 0.0498413 19.597 0.0220076 -0.59216 0.114501 0.109325 174 10
241.386 -9.72981 0.0516019 19.5633 0.0166473 -0.420976 -0.0670032 0.111205 175 0
242.949 -9.647 0.0529337 19.5267 0.0116868 -0.458097 -0.0620062 0.109164 176 0
244.509 -9.56289 0.0538686 19.4869 0.00711422 -0.496578 -0.0571578 0.109693 177 0
246.065 -9.47807 0.0544378 19.447 0.00293134 -0.49901 -0.052286 0.108923 178 0
247.619 -9.39305 0.0546723 19.4146 -0.000878124 -0.405765 -0.0476183 0.110972 179 0
249.17 -9.30829 0.054602 19.4345 -0.00643245 0.248647 -0.0694291 0.111738 180 7
250.722 -9.22424 0.0540874 19.4554 -0.0125155 0.261831 -0.0760382 0.111246 181 6
252.276 -9.14165 0.0530862 19.4719 -0.0178484 0.205946 -0.0666608 0.113031 182 6
253.832 -9.06122 0.0516583 19.4857 -0.0227739 0.172949 -0.0615685 0.114076 183 6
255.389 -8.98356 0.0498364 19.4991 -0.0272433 0.167561 -0.0558682 0.112594 184 6
256.947 -8.90925 0.047657 19.5086 -0.0311983 0.119042 -0.0494379 0.112268 185 6
258.506 -8.83879 0.0451611 19.5225 -0.0349968 0.172687 -0.0474806 0.10996 186 6
260.067 -8.77265 0.0423613 19.5319 -0.0384591 0.11785 -0.0432783 0.110193 187 6
261.628 -8.71128 0.0392846 19.6829 -0.0367085 1.8872 0.0218816 0.110823 188 5
263.201 -8.65406 0.0363479 19.6781 -0.0406979 -0.0589609 -0.0498672 0.11534 189 6
264.775 -8.60197 0.0330921 19.678 -0.0431614 -0.00212193 -0.0307935 0.116246 190 6
266.348 -8.55532 0.0296392 19.7101 -0.0486119 0.402117 -0.0681315 0.110125 191 3
267.925 -8.51472 0.0257502 19.719 -0.0460093 0.110722 0.032533 0.109568 192 2
269.502 -8.47991 0.0220695 19.7633 -0.043566 0.553274 0.0305415 0.108565 193 3
271.083 -8.45053 0.0185842 19.7635 -0.0441246 0.0035286 -0.00698334 0.110431 194 6
272.664 -8.42673 0.0150543 19.7755 -0.0415111 0.149298 0.0326686 0.11335 195 2
274.245 -8.40817 0.0117334 19.7617 -0.0388342 -0.171781 0.0334613 0.111284 196 1
275.826 -8.39453 0.00862663 19.7733 -0.0370363 0.143886 0.0224737 0.108909 197 6
277.408 -8.38557 0.00566372 19.7812 -0.0351518 0.0991821 0.0235567 0.108509 198 6
278.991 -8.38106 0.00285158 19.79 -0.0323322 0.110626 0.0352454 0.109109 199 6
280.574 -8.38064 0.000265002 19.8003 -0.0302661 0.127864 0.0258264 0.111776 200 6
282.158 -8.38405 -0.00215628 19.8013 -0.0291605 0.0129461 0.0138194 0.109566 201 6
283.742 -8.39116 -0.00448912 19.7857 -0.0290513 -0.19455 0.00136485 0.111187 202 6
285.325 -8.40195 -0.00681323 19.825 -0.0194557 0.491214 0.119945 0.108649 203 5
286.911 -8.41522 -0.00836969 19.8612 -0.0123647 0.452685 0.088638 0.107058 204 9
288.5 -8.43009 -0.00935886 19.8867 -0.00946113 0.318527 0.0362942 0.109043 205 3
290.09 -8.44619 -0.0101157 19.8437 -0.00875843 -0.537848 0.00878375 0.109093 206 0
291.678 -8.46336 -0.0108164 19.8021 -0.00808302 -0.519991 0.0084427 0.110739 207 0
293.262 -8.48152 -0.0114631 19.8127 -0.00738204 0.132847 0.00876224 0.111176 208 2
294.847 -8.50062 -0.0120536 19.8173 -0.00639118 0.0570536 0.0123858 0.111418 209 6
296.432 -8.52054 -0.0125649 19.8291 -0.00614313 0.147176 0.00310062 0.113476 210 6
298.018 -8.54125 -0.0130564 19.7804 -0.00555459 -0.608611 0.00735667 0.110382 211 0
299.601 -8.56261 -0.0135007 19.8067 -0.00732386 0.328732 -0.0221158 0.113644 212 3
301.185 -8.58494 -0.0140866 19.8628 -0.0102645 0.701118 -0.0367582 0.108569 213 3
302.774 -8.60862 -0.0149078 19.876 -0.0130278 0.164866 -0.0345413 0.108448 214 6
304.364 -8.63398 -0.01595 19.8596 -0.0161961 -0.20504 -0.0396033 0.108079 215 6
305.952 -8.66138 -0.0172457 19.8399 -0.0192544 -0.246024 -0.0382295 0.10795 216 0
307.539 -8.6912 -0.0187861 19.7748 -0.0202953 -0.813651 -0.0130113 0.105663 217 0
309.121 -8.72348 -0.0204097 19.5991 -0.0167775 -2.19629 0.0439736 0.104939 218 0
310.688 -8.75759 -0.0217519 19.4097 -0.0121042 -2.36735 0.0584154 0.105246 219 0
312.241 -8.79286 -0.0227202 19.2212 -0.00255168 -2.35593 0.119407 0.107875 220 0
313.778 -8.82811 -0.0229244 19.1007 0.00328016 -1.50621 0.072898 0.107999 221 0
315.306 -8.86273 -0.022662 19.0411 0.0034682 -0.744963 0.0023505 0.10966 222 0
316.828 -8.89683 -0.0223845 19.0265 0.00417317 -0.182199 0.00881209 0.110004 223 0
318.35 -8.93039 -0.0220506 19.1377 0.00146429 1.38917 -0.033861 0.110027 224 7
319.881 -8.96397 -0.0219335 19.1186 0.00198548 -0.23911 0.00651484 0.107985 225 0
321.41 -8.99727 -0.0217747 19.1606 0.00250582 0.525713 0.00650422 0.108746 226 2
322.943 -9.03034 -0.0215742 19.1926 0.00299267 0.400519 0.00608563 0.106825 227 2
324.478 -9.06309 -0.0213348 19.2781 0.00120982 1.06761 -0.0222855 0.111053 228 7
326.019 -9.09585 -0.021238 19.3413 0.0018578 0.791025 0.00809975 0.110953 229 3
327.566 -9.12847 -0.0210894 19.4688 0.000220454 1.59304 -0.0204669 0.117418 230 8
329.124 -9.16129 -0.0210717 19.5199 0.000999275 0.639391 0.00973526 0.119943 231 3
330.685 -9.19407 -0.0209918 19.5683 0.00171677 0.604105 0.00896874 0.11418 232 3
332.25 -9.22671 -0.0208545 19.6206 0.00236592 0.654316 0.00811433 0.12227 233 3
333.819 -9.25915 -0.0206652 19.5876 0.00290088 -0.413013 0.00668701 0.120905 234 0
335.386 -9.29117 -0.0204331 19.5514 0.00339853 -0.452113 0.00622055 0.130167 235 0
336.95 -9.3227 -0.0201612 19.519 0.00384463 -0.404716 0.00557633 0.121666 236 0
338.511 -9.3537 -0.0198537 19.4869 0.00424502 -0.401235 0.0050048 0.114342 237 0
340.07 -9.38412 -0.0195141 19.4634 0.00459926 -0.294304 0.00442807 0.109967 238 0
341.626 -9.41393 -0.0191461 19.4978 0.00859667 0.429916 0.0499676 0.112356 239 7
343.186 -9.44272 -0.0184584 19.5272 0.0122433 0.368023 0.0455824 0.109006 240 7
344.748 -9.47002 -0.0174789 19.5659 0.0162183 0.483251 0.0496878 0.110417 241 4
346.313 -9.49535 -0.0161815 19.5605 0.0189569 -0.0677824 0.0342329 0.106088 242 3
347.878 -9.5183 -0.0146649 19.5255 0.0176168 -0.436878 -0.0167515 0.106838 243 0
349.44 -9.539 -0.0132556 19.55 0.0203757 0.305963 0.0344868 0.110998 244 7
351.003 -9.55718 -0.0116255 19.5162 0.018734 -0.422573 -0.0205221 0.119047 245 0
352.565 -9.57299 -0.0101268 19.4796 0.0171914 -0.457358 -0.0192815 0.113396 246 0
354.123 -9.58663 -0.00875147 19.4468 0.015728 -0.409818 -0.0182935 0.111862 247 0
355.679 -9.59829 -0.00749324 19.4679 0.0203738 0.263262 0.0580733 0.113894 248 8
357.236 -9.60742 -0.00586333 19.4892 0.0244816 0.266886 0.0513477 0.116333 249 8
358.795 -9.61351 -0.0039048 19.5139 0.0280464 0.309134 0.0445591 0.111575 250 8
360.356 -9.6161 -0.00166109 19.5726 0.0329641 0.732851 0.0614711 0.10896 251 10
361.922 -9.61457 0.000976035 19.589 0.0374073 0.205755 0.055541 0.105067 252 9
363.489 -9.60835 0.00396862 19.6122 0.0399046 0.289488 0.0312154 0.10658 253 9
365.058 -9.59712 0.00716099 19.6347 0.0392928 0.281191 -0.00764723 0.107108 254 7
366.629 -9.58093 0.0103044 19.5322 0.0439031 -1.28157 0.0576286 0.107599 255 2
368.191 -9.55934 0.0138167 19.5489 0.044453 0.209522 0.00687381 0.106707 256 8
369.755 -9.53218 0.0173729 19.5539 0.0352464 0.0617266 -0.115082 0.106813 257 6
371.319 -9.50059 0.0201926 19.5137 0.030216 -0.501585 -0.0628795 0.111916 258 0
372.88 -9.4653 0.0226099 19.5056 0.0255653 -0.101638 -0.0581341 0.123138 259 1
374.44 -9.42683 0.0246551 19.4707 0.021219 -0.435925 -0.0543284 0.121655 260 0
375.997 -9.38578 0.0263526 19.4857 0.0224061 0.187612 0.0148387 0.124225 261 7
377.555 -9.34192 0.0281451 19.499 0.0234626 0.165629 0.0132057 0.124952 262 7
379.114 -9.29509 0.0300221 19.5263 0.0233285 0.341082 -0.00167589 0.123218 263 8
380.675 -9.24529 0.0318884 19.5379 0.0243017 0.144815 0.012165 0.124222 264 7
382.238 -9.19242 0.0338325 19.5529 0.0251732 0.188613 0.0108931 0.122492 265 7
383.801 -9.13635 0.0358464 19.6108 0.0222049 0.723672 -0.0371026 0.113789 266 9
385.369 -9.07734 0.0376228 19.6322 0.0220252 0.266647 -0.00224661 0.110671 267 8
386.938 -9.0155 0.0393848 19.6578 0.0219148 0.320601 -0.00137987 0.120367 268 8
388.509 -8.95083 0.041138 19.8223 0.01791 2.05553 -0.0500606 0.111205 269 5
390.094 -8.88334 0.0425708 19.9958 0.0143157 2.16959 -0.0449287 0.134524 270 5
391.692 -8.81343 0.043716 19.9731 0.016206 -0.284433 0.0236292 0.113221 271 7
393.288 -8.74153 0.0450125 20.1435 0.011845 2.13089 -0.0545125 0.106578 272 5
394.898 -8.66749 0.0459601 20.1324 0.0142093 -0.139141 0.0295531 0.106788 273 7
396.507 -8.59167 0.0470969 20.16 0.0133167 0.345254 -0.0111575 0.128406 274 9
398.117 -8.51402 0.0481622 20.1608 0.0146173 0.0101805 0.016258 0.110981 275 8
399.728 -8.43449 0.0493316 20.1339 0.016598 -0.337267 0.0247583 0.108901 276 7
401.337 -8.35293 0.0506594 20.2659 0.00889832 1.65031 -0.0962456 0.107549 277 5
