-8.88 2 0 14.181 0.0107129 2.26264 0.133911 1.7047 1 5
-7.74552 2.00097 0.000857033 14.2175 -0.00171079 0.455582 -0.155296 0.590988 2 0
-6.60812 2.00179 0.00072017 14.2621 -0.0128022 0.557923 -0.138642 0.544531 3 0
-5.46716 2.00144 -0.000304005 14.3175 -0.0209629 0.692368 -0.102009 0.654885 4 0
-4.32176 1.99918 -0.00198104 14.3694 -0.0300271 0.649047 -0.113303 0.66811 5 0
-3.17222 1.99414 -0.0043832 14.4095 -0.0401945 0.501251 -0.127092 0.736773 6 0
-2.01949 1.98538 -0.00759876 14.4892 -0.0441046 0.996768 -0.048876 0.63038 7 5
-0.860423 1.97248 -0.0111271 14.5734 -0.0438139 1.05224 0.00363304 0.703049 8 5
0.305326 1.95542 -0.0146322 14.6041 -0.0531768 0.383568 -0.117037 0.566741 9 0
1.47345 1.93336 -0.0188864 14.6323 -0.0619323 0.351775 -0.109444 0.708892 10 0
2.64369 1.90545 -0.023841 14.6647 -0.0696658 0.406015 -0.0966684 0.620884 11 0
3.81637 1.87095 -0.0294142 14.7094 -0.0758616 0.558555 -0.0774472 0.648031 12 0
4.99238 1.8292 -0.0354832 14.7566 -0.0807256 0.589943 -0.0607996 0.60181 13 0
6.17187 1.7797 -0.0419412 14.8124 -0.0844263 0.697577 -0.046259 0.669998 14 0
7.35546 1.72202 -0.0486953 14.8715 -0.0873849 0.738442 -0.0369828 0.594332 15 0
8.54333 1.65581 -0.0556861 14.9863 -0.0901853 1.43497 -0.0350043 0.590824 16 1
9.73987 1.58044 -0.0629009 15.1046 -0.0919745 1.47854 -0.0223656 0.557444 17 1
10.9453 1.49562 -0.0702589 15.1572 -0.0925901 0.657284 -0.00769496 0.602799 18 0
12.1542 1.40153 -0.0776661 15.2082 -0.0925588 0.637424 0.000390876 0.616515 19 0
13.3664 1.29816 -0.0850708 15.336 -0.092073 1.59804 0.0060726 0.671355 20 1
14.5881 1.18491 -0.0924366 15.3868 -0.0909101 0.634694 0.0145365 0.591064 21 0
15.8129 1.06238 -0.0997095 15.5101 -0.0892711 1.54216 0.0204876 0.597498 22 1
17.0466 0.930047 -0.106851 15.6288 -0.0871099 1.48275 0.0270148 0.579208 23 1
18.2888 0.788045 -0.11382 15.6754 -0.0845748 0.583434 0.0316888 0.520411 24 0
19.5338 0.637192 -0.120586 15.7586 -0.0816014 1.03977 0.037167 0.564576 25 1
20.7843 0.477372 -0.127114 15.8009 -0.0784255 0.528193 0.0396999 0.573488 26 0
22.0371 0.30926 -0.133388 15.8381 -0.0749013 0.464737 0.044052 0.500584 27 0
23.2919 0.13323 -0.13938 15.8784 -0.0708257 0.504386 0.0509451 0.493641 28 0
24.5488 -0.0503728 -0.145046 15.919 -0.0662869 0.507844 0.0567354 0.513285 29 0
25.808 -0.241125 -0.150349 15.9526 -0.0615497 0.419474 0.0592139 0.5137 30 0
27.0688 -0.438491 -0.155273 15.9882 -0.056616 0.445426 0.0616714 0.435965 31 0
28.3316 -0.642018 -0.159802 16.0198 -0.0516603 0.394928 0.0619472 0.492075 32 0
29.596 -0.851176 -0.163935 16.0513 -0.0466695 0.393152 0.0623843 0.539057 33 0
30.8621 -1.06547 -0.167669 16.1578 -0.0411797 1.33178 0.0686232 0.497937 34 1
32.1359 -1.28539 -0.170963 16.2909 -0.0355788 1.66309 0.0700113 0.441804 35 2
33.4195 -1.51077 -0.173809 16.4185 -0.0300704 1.59554 0.0688539 0.434082 36 2
34.7126 -1.74103 -0.176215 16.5144 -0.0248135 1.19832 0.0657124 0.441518 37 1
36.0129 -1.97521 -0.1782 16.5327 -0.0203571 0.229478 0.055704 0.4725 38 0
37.3142 -2.21178 -0.179829 16.5488 -0.0158324 0.201154 0.0565595 0.509628 39 0
38.6164 -2.45022 -0.181095 16.5647 -0.0113345 0.19896 0.056223 0.673807 40 0
39.9197 -2.69008 -0.182002 16.6525 -0.00617531 1.09644 0.0644904 0.674115 41 1
41.2298 -2.93185 -0.182496 16.6663 -0.00181904 0.172782 0.0544534 0.630354 42 0
42.5409 -3.17402 -0.182642 16.6799 0.00248072 0.170112 0.053747 0.651167 43 0
43.8531 -3.41612 -0.182443 16.6929 0.00672879 0.162697 0.0531008 0.631546 44 0
45.1665 -3.65771 -0.181905 16.7051 0.0109052 0.152683 0.0522051 0.553173 45 0
46.4811 -3.89832 -0.181033 16.7174 0.0149879 0.153279 0.0510334 0.681256 46 0
47.7969 -4.13753 -0.179833 16.7297 0.0189704 0.153947 0.0497818 0.547167 47 0
49.1141 -4.37492 -0.178316 16.8501 0.0237797 1.50514 0.0601166 0.57803 48 2
50.4412 -4.6115 -0.176413 16.8598 0.0274015 0.121641 0.0452721 0.443346 49 0
51.7695 -4.8453 -0.174221 16.8675 0.0309535 0.0960112 0.0443999 0.427873 50 0
53.0991 -5.07591 -0.171745 16.8777 0.0343156 0.127816 0.042026 0.458757 51 0
54.4301 -5.30302 -0.169 16.8928 0.0374234 0.188112 0.0388471 0.432795 52 0
55.7629 -5.52633 -0.166006 16.9098 0.040339 0.212312 0.0364453 0.399771 53 0
57.0978 -5.74556 -0.162779 17.0338 0.0439343 1.55048 0.0449422 0.439516 54 2
58.4433 -5.96168 -0.159264 17.0444 0.0464944 0.132728 0.0320008 0.432946 55 0
59.7904 -6.17292 -0.155545 17.1632 0.049585 1.48504 0.0386327 0.441417 56 2
61.1477 -6.38025 -0.151578 17.1674 0.0516674 0.0521898 0.0260295 0.433503 57 0
62.5062 -6.58201 -0.147444 17.1695 0.0535197 0.0257969 0.0231534 0.394668 58 0
63.8657 -6.77798 -0.143163 17.2436 0.0555942 0.926685 0.0259313 0.406169 59 1
65.2319 -6.96873 -0.138715 17.3145 0.0573667 0.886345 0.0221563 0.415177 60 1
66.6046 -7.15396 -0.134126 17.3825 0.0588426 0.849724 0.0184489 0.403494 61 1
67.9836 -7.33342 -0.129418 17.4847 0.0602282 1.27747 0.0173205 0.449101 62 2
69.3715 -7.50726 -0.1246 17.5471 0.0611104 0.779891 0.0110276 0.45892 63 1
70.7653 -7.67491 -0.119711 17.5347 0.0613298 -0.154924 0.00274195 0.571098 64 0
72.1588 -7.8356 -0.114805 17.5966 0.0617154 0.773335 0.00482067 0.411881 65 1
73.558 -7.98995 -0.109868 17.6571 0.0618579 0.75717 0.00178036 0.440492 66 1
74.9628 -8.13789 -0.104919 17.6425 0.0614567 -0.182629 -0.00501485 0.428977 67 0
76.3672 -8.27879 -0.100003 17.7393 0.0613837 1.20993 -0.000911672 0.441845 68 2
77.7799 -8.41354 -0.0950919 17.7969 0.0609245 0.719404 -0.00574077 0.416168 69 1
79.1979 -8.54181 -0.090218 17.853 0.0602839 0.701547 -0.00800733 0.430775 70 1
80.6209 -8.66363 -0.0853952 17.9081 0.0594838 0.688291 -0.0100007 0.437433 71 1
82.0489 -8.77903 -0.0806365 17.9616 0.0585251 0.669146 -0.0119842 0.475473 72 1
83.4817 -8.88807 -0.0759545 18.0138 0.05742 0.652456 -0.0138138 0.446406 73 1
84.9191 -8.99082 -0.0713609 18.1017 0.0562888 1.09959 -0.0141402 0.436462 74 2
86.364 -9.08756 -0.0668578 18.1507 0.0549172 0.612354 -0.017145 0.44 75 1
87.8133 -9.17821 -0.0624645 18.1244 0.0532214 -0.329709 -0.0211978 0.413311 76 0
89.2608 -9.26256 -0.0582067 18.099 0.0514624 -0.316596 -0.0219865 0.400941 77 0
90.7066 -9.34084 -0.0540897 18.1487 0.049842 0.621367 -0.0202551 0.382497 78 1
92.1566 -9.41355 -0.0501024 18.1232 0.0479556 -0.319672 -0.0235801 0.398782 79 0
93.6049 -9.4806 -0.0462659 18.0986 0.0460424 -0.307035 -0.0239159 0.369646 80 0
95.0515 -9.54224 -0.0425825 18.1513 0.0457529 0.658727 -0.00361777 0.399154 81 3
96.5025 -9.59874 -0.0389223 18.1269 0.0432501 -0.305247 -0.0312858 0.426486 82 0
97.9518 -9.65016 -0.0354623 18.1772 0.0409509 0.628853 -0.0287391 0.388364 83 1
99.4052 -9.69696 -0.0321862 18.2261 0.0387561 0.610852 -0.0274358 0.371245 84 1
100.863 -9.73936 -0.0290857 18.2736 0.03658 0.594306 -0.0272008 0.336955 85 1
102.324 -9.7776 -0.0261593 18.3569 0.0344661 1.04136 -0.0264238 0.200177 86 2
103.792 -9.81196 -0.0234021 18.4007 0.0324055 0.546956 -0.0257572 0.203604 87 1
105.264 -9.84259 -0.0208096 18.4801 0.0304703 0.992823 -0.0241899 0.202439 88 2
106.742 -9.86975 -0.018372 18.5198 0.0286213 0.496316 -0.0231129 0.162671 89 1
108.223 -9.89358 -0.0160823 18.5583 0.0268879 0.480986 -0.0216675 0.202864 90 1
109.708 -9.91426 -0.0139312 18.6327 0.0252269 0.930452 -0.0207625 0.198718 91 2
111.199 -9.93202 -0.0119131 18.6678 0.0236119 0.438714 -0.0201876 0.183875 92 1
112.692 -9.94699 -0.0100241 18.7391 0.0220787 0.890851 -0.0191653 0.176905 93 2
114.191 -9.95937 -0.00825785 18.7712 0.0205887 0.401783 -0.0186253 0.185842 94 1
115.693 -9.96929 -0.00661075 18.8024 0.0191727 0.38929 -0.0176992 0.166406 95 1
117.197 -9.97693 -0.00507694 18.8772 0.0157091 0.935888 -0.0432952 0.535665 96 2
118.707 -9.9827 -0.00382021 18.9167 0.0126911 0.493574 -0.0377251 0.574124 97 1
120.22 -9.98695 -0.00280492 18.9668 0.0102417 0.626183 -0.0306169 0.592122 98 3
121.738 -9.98996 -0.00198558 19.0488 0.00789383 1.02463 -0.0293489 0.64447 99 2
123.262 -9.99202 -0.00135407 19.0868 0.00591361 0.474739 -0.0247527 0.62985 100 1
124.788 -9.99337 -0.000880986 19.1235 0.00426484 0.458717 -0.0206096 0.596181 101 1
126.318 -9.99419 -0.000539798 19.0913 0.00293521 -0.40226 -0.0166204 0.589085 102 0
127.846 -9.99466 -0.000304982 19.1669 0.00184484 0.94564 -0.0136296 0.595269 103 2
129.379 -9.9949 -0.000157394 19.2403 0.000997334 0.916958 -0.0105939 0.605518 104 2
130.918 -9.99502 -7.76076e-05 19.312 0.000363145 0.89643 -0.00792735 0.660344 105 2
132.463 -9.99509 -4.8556e-05 19.3519 -0.000335334 0.498843 -0.00873099 0.960231 106 3
134.011 -9.99521 -7.53827e-05 19.3516 -0.000496477 -0.00450611 -0.00201428 0.896664 107 2
135.559 -9.99539 -0.000115101 19.321 -0.00055751 -0.381303 -0.000762913 1.06965 108 0
137.105 -9.99564 -0.000159702 19.2912 -0.000537644 -0.37353 0.000248327 0.924214 109 0
138.648 -9.99595 -0.000202713 19.35 -0.000239428 0.735331 0.00372769 0.994875 110 5
140.196 -9.99629 -0.000221867 19.3965 -0.000667218 0.581455 -0.00534738 0.954753 111 3
141.748 -9.99672 -0.000275245 19.4465 -0.000205925 0.625229 0.00576617 2.36048 112 4
143.304 -9.99717 -0.000291719 19.4918 -0.000515562 0.565338 -0.00387046 2.07143 113 3
144.863 -9.99769 -0.000332964 19.464 9.31969e-05 -0.346828 0.00760949 2.62903 114 0
146.42 -9.9982 -0.000325508 19.4386 0.000431266 -0.317216 0.00422586 2.39325 115 0
147.975 -9.99865 -0.000291007 19.4885 0.00058403 0.623035 0.00190956 2.19227 116 1
149.534 -9.99903 -0.000244284 19.5714 0.000635662 1.03607 0.000645401 2.32908 117 2
151.1 -9.99934 -0.000193431 19.6123 0.000595763 0.511265 -0.000498747 2.16829 118 1
152.669 -9.99956 -0.00014577 19.6487 0.000515198 0.455642 -0.00100706 1.32913 119 1
154.241 -9.99973 -0.000104554 19.7159 0.000418257 0.839663 -0.00121177 0.951723 120 2
155.818 -9.99984 -7.10939e-05 19.7753 0.000316841 0.742197 -0.0012677 0.689001 121 2
157.4 -9.99991 -4.57467e-05 19.7159 0.000226633 -0.74141 -0.0011276 0.914759 122 0
158.978 -9.99996 -2.76161e-05 19.7647 0.000153167 0.60997 -0.000918327 0.979461 123 2
160.559 -9.99998 -1.53628e-05 19.8086 9.97979e-05 0.548482 -0.000667108 1.24427 124 2
162.144 -9.99999 -7.37892e-06 19.846 5.86053e-05 0.466704 -0.000514908 0.860353 125 2
163.731 -10 -2.6905e-06 19.8451 3.1307e-05 -0.0107288 -0.000341229 0.669058 126 1
165.319 -10 -1.85936e-07 19.8446 0.00195628 -0.00669956 0.0240621 0.730452 127 3
166.906 -9.99975 0.000156316 19.8806 0.00150003 0.45011 -0.00570307 0.509581 128 2
168.497 -9.99931 0.000276319 19.8791 0.00332015 -0.0181437 0.0227514 0.428747 129 3
170.087 -9.99845 0.000541931 19.8028 0.00267626 -0.95439 -0.00804862 0.605426 130 0
171.671 -9.99725 0.000756032 19.7287 0.00210544 -0.926089 -0.00713521 0.685272 131 0
173.25 -9.99579 0.000924467 19.6569 0.00160277 -0.897646 -0.00628346 0.531747 132 0
174.822 -9.99413 0.00105269 19.5873 0.00116379 -0.870109 -0.00548725 0.321035 133 0
176.389 -9.99234 0.00114579 19.5944 0.00318974 0.0895739 0.0253244 0.340701 134 3
177.957 -9.99014 0.00140097 19.5268 0.00265797 -0.846005 -0.00664712 0.201983 135 0
179.519 -9.98762 0.00161361 19.4611 0.00218505 -0.820804 -0.00591142 0.177368 136 0
181.076 -9.98484 0.00178841 19.3974 0.00176675 -0.796199 -0.00522884 0.183712 137 0
182.628 -9.98184 0.00192975 19.3356 0.00139742 -0.772071 -0.00461664 0.170924 138 0
184.174 -9.97869 0.00204154 19.2757 0.00107229 -0.748515 -0.00406403 0.169661 139 0
185.716 -9.97541 0.00212733 19.2176 0.00079958 -0.726891 -0.00340891 0.166704 140 0
187.254 -9.97204 0.00219129 19.1613 0.00055392 -0.703621 -0.00307075 0.207725 141 0
188.787 -9.96861 0.00223561 19.1069 0.000332813 -0.680351 -0.00276383 0.222279 142 0
190.315 -9.96515 0.00226223 19.0541 0.000144481 -0.659442 -0.00235416 0.208167 143 0
191.84 -9.96169 0.00227379 19.0037 -3.80453e-05 -0.629616 -0.00228157 0.16833 144 0
193.36 -9.95823 0.00227075 18.9542 -0.000172668 -0.619721 -0.00168278 0.285527 145 0
194.876 -9.95481 0.00225693 18.9059 -0.000281725 -0.603247 -0.00136322 0.347693 146 0
196.389 -9.95143 0.0022344 18.8594 -0.000380632 -0.581884 -0.00123634 0.343046 147 0
197.897 -9.94811 0.00220395 18.8141 -0.000464482 -0.565338 -0.00104813 0.372525 148 0
199.403 -9.94485 0.00216679 18.7701 -0.000534436 -0.550342 -0.000874419 0.368016 149 0
200.904 -9.94166 0.00212403 18.7273 -0.000594086 -0.535035 -0.000745622 0.278007 150 0
202.402 -9.93855 0.00207651 18.6856 -0.000644704 -0.521302 -0.000632725 0.291472 151 0
203.897 -9.93552 0.00202493 18.645 -0.000688319 -0.507903 -0.000545196 0.230955 152 0
205.389 -9.93258 0.00196986 18.6054 -0.000726604 -0.494099 -0.000478562 0.354574 153 0
206.877 -9.92973 0.00191174 18.567 -0.000760461 -0.480294 -0.000423205 0.3345 154 0
208.363 -9.92698 0.0018509 18.5297 -0.000790476 -0.465846 -0.000375187 0.415743 155 0
209.845 -9.92433 0.00178766 18.4936 -0.000816839 -0.451851 -0.000329536 0.562074 156 0
211.324 -9.92179 0.00172231 18.4585 -0.000839732 -0.438309 -0.00028617 0.553538 157 0
212.801 -9.91934 0.00165514 18.4245 -0.000859334 -0.4251 -0.000245027 0.565679 158 0
214.275 -9.917 0.00158639 18.3915 -0.000875817 -0.412345 -0.000206031 0.518712 159 0
215.746 -9.91477 0.00151632 18.3595 -0.000889346 -0.399947 -0.000169111 0.63374 160 0
217.215 -9.91265 0.00144518 18.3285 -0.000900081 -0.387931 -0.000134193 0.631067 161 0
218.681 -9.91064 0.00137317 18.2984 -0.000908179 -0.376272 -0.000101219 0.611582 162 0
220.145 -9.90873 0.00130051 18.2692 -0.000913788 -0.364971 -7.0114e-05 0.692462 163 0
221.607 -9.90694 0.00122741 18.2409 -0.000917053 -0.354004 -4.08167e-05 0.661655 164 0
223.066 -9.90526 0.00115405 18.2134 -0.000918114 -0.343347 -1.32648e-05 0.623228 165 0
224.523 -9.90368 0.0010806 18.1868 -0.000917106 -0.333047 1.26071e-05 0.679207 166 0
225.978 -9.90222 0.00100723 18.1609 -0.000914157 -0.323057 3.68629e-05 0.836509 167 0
227.431 -9.90086 0.000934097 18.1359 -0.000909392 -0.31333 5.95537e-05 0.829736 168 0
228.882 -9.89961 0.000861346 18.1117 -0.000945429 -0.302625 -0.000450461 1.09334 169 0
230.331 -9.89847 0.000785711 18.1391 -0.00102229 0.343394 -0.000960816 0.956048 170 2
231.782 -9.89745 0.000703928 18.1142 -0.00105306 -0.311875 -0.000384546 0.947513 171 0
233.231 -9.89655 0.000619683 18.0888 -0.00103054 -0.317836 0.000281433 0.882548 172 0
234.678 -9.89577 0.00053724 18.0626 -0.00101011 -0.32692 0.000255478 0.931695 173 0
236.123 -9.89511 0.000456431 18.0351 -0.000990922 -0.343513 0.000239788 0.899488 174 0
237.566 -9.89457 0.000377157 18.0057 -0.000975624 -0.367522 0.000191227 0.829708 175 0
239.006 -9.89414 0.000299107 17.9736 -0.000961621 -0.401545 0.000175045 0.675492 176 0
240.444 -9.89382 0.000222178 17.9387 -0.000947364 -0.435877 0.000178213 0.512085 177 0
241.879 -9.89361 0.000146389 17.9073 -0.000816257 -0.392675 0.00163883 0.626301 178 1
243.312 -9.89349 8.10881e-05 17.8756 -0.000669896 -0.396156 0.00182952 0.564113 179 1
244.742 -9.89345 2.74964e-05 17.828 -0.00070847 -0.594616 -0.00048217 0.573411 180 0
246.168 -9.8935 -2.91812e-05 17.7984 -0.000752307 -0.370359 -0.000547968 0.856239 181 1
247.592 -9.89362 -8.93657e-05 17.7548 -0.000780252 -0.54493 -0.000349307 0.770183 182 0
249.013 -9.89384 -0.000151786 17.7289 -0.000731691 -0.324249 0.000607003 0.814581 183 1
250.431 -9.89414 -0.000210321 17.6881 -0.000758333 -0.510287 -0.000333021 0.74431 184 0
251.846 -9.89452 -0.000270988 17.6478 -0.000780753 -0.503755 -0.00028025 0.89403 185 0
253.258 -9.89499 -0.000333448 17.6065 -0.000798583 -0.515699 -0.000222872 0.843264 186 0
254.666 -9.89555 -0.000397335 17.5648 -0.000812555 -0.521421 -0.000174652 0.865542 187 0
256.072 -9.8962 -0.000462339 17.5277 -0.000823419 -0.463057 -0.000135798 0.998169 188 0
257.474 -9.89694 -0.000528213 17.5052 -0.000833567 -0.281429 -0.000126857 1.12914 189 1
258.874 -9.89777 -0.000594898 17.4897 -0.000458056 -0.193572 0.0046939 1.00212 190 1
260.273 -9.89866 -0.000631542 17.4534 -0.000465387 -0.454187 -9.16418e-05 0.725886 191 0
261.67 -9.89959 -0.000668773 17.5101 -0.000269877 0.709128 0.00244388 0.741453 192 2
263.07 -9.90056 -0.000690364 17.5632 -0.000323651 0.663733 -0.000672177 0.719725 193 1
264.475 -9.90156 -0.000716256 17.6451 -0.00035277 1.02322 -0.000363986 0.812201 194 2
265.887 -9.90262 -0.000744477 17.5996 -0.000368888 -0.569224 -0.000201479 0.767688 195 0
267.295 -9.90371 -0.000773988 17.6502 -0.000398609 0.632548 -0.00037151 0.898722 196 1
268.707 -9.90484 -0.000805877 17.6313 -0.000402486 -0.235176 -4.84648e-05 0.794249 197 0
270.118 -9.90603 -0.000838076 17.6152 -0.000402524 -0.202274 -4.71846e-07 0.991933 198 0
271.527 -9.90725 -0.000870278 17.6033 -0.000398849 -0.148749 4.59415e-05 0.785417 199 0
272.935 -9.90852 -0.000902186 17.5949 -0.000361059 -0.104904 0.000472371 0.715431 200 1
274.343 -9.90983 -0.00093107 17.5804 -0.000355967 -0.181246 6.36515e-05 0.784765 201 0
275.749 -9.91118 -0.000959548 17.5642 -0.000335343 -0.20237 0.000257792 0.56675 202 0
277.154 -9.91257 -0.000986375 17.5497 -0.00031484 -0.180888 0.000256291 1.14587 203 0
278.558 -9.91399 -0.00101156 17.5354 -0.000294562 -0.179291 0.000253473 0.603157 204 0
279.961 -9.91544 -0.00103513 17.5213 -0.000274479 -0.17643 0.000251047 0.698026 205 0
281.363 -9.91692 -0.00105709 17.5067 -0.000254593 -0.181389 0.00024857 0.750792 206 0
282.763 -9.91843 -0.00107745 17.4938 -0.000234229 -0.162363 0.00025455 0.606019 207 0
284.163 -9.91997 -0.00109619 17.5568 -0.000233295 0.787544 1.16803e-05 0.834216 208 1
285.567 -9.92153 -0.00111486 17.5419 -0.00021798 -0.186086 0.000191426 0.823788 209 0
286.971 -9.92312 -0.00113229 17.6106 -0.000159605 0.858712 0.000729697 0.834183 210 2
288.379 -9.92473 -0.00114506 17.6723 -4.06196e-05 0.771165 0.00148731 0.928664 211 2
289.793 -9.92636 -0.00114831 17.7295 0.000268632 0.715113 0.00386564 0.789988 212 2
291.212 -9.92796 -0.00112682 17.788 0.000172656 0.731921 -0.0011997 0.677555 213 1
292.635 -9.92954 -0.00111301 17.7515 0.00011449 -0.456572 -0.000727064 1.6768 214 0
294.055 -9.93111 -0.00110385 17.7163 6.30652e-05 -0.440359 -0.000642816 1.15533 215 0
295.472 -9.93266 -0.0010988 17.6843 1.85414e-05 -0.399446 -0.000556548 0.669867 216 0
296.887 -9.93422 -0.00109732 17.6494 -4.16341e-05 -0.436592 -0.000752194 0.718731 217 0
298.299 -9.93577 -0.00110065 17.6105 -0.000100703 -0.486374 -0.000738356 0.697465 218 0
299.708 -9.93733 -0.00110871 17.5353 -0.000173426 -0.939727 -0.00090904 0.602842 219 0
301.11 -9.93891 -0.00112258 17.4256 -0.000146582 -1.37076 0.000335551 0.533484 220 0
302.504 -9.94049 -0.00113431 17.3462 -0.000168946 -0.993443 -0.00027955 0.606659 221 0
303.892 -9.94208 -0.00114782 17.3249 -0.000225816 -0.265431 -0.000710883 0.642591 222 0
305.278 -9.9437 -0.00116589 17.3313 -1.95127e-05 0.0798941 0.0025788 0.856312 223 1
306.665 -9.94532 -0.00116745 17.397 -9.00432e-05 0.820375 -0.000881632 0.776852 224 1
308.056 -9.94695 -0.00117465 17.4998 -0.000150348 1.28589 -0.000753808 0.904552 225 2
309.456 -9.94861 -0.00118668 17.6037 -0.000184382 1.2979 -0.000425424 1.09051 226 2
310.865 -9.9503 -0.00120143 17.6636 -0.000204346 0.749755 -0.000249556 1.39984 227 1
312.278 -9.95203 -0.00121778 17.7239 -0.00021027 0.75314 -7.40478e-05 1.8319 228 1
313.696 -9.95378 -0.0012346 17.8192 -0.000200938 1.19195 0.000116657 2.02357 229 2
315.121 -9.95556 -0.00125068 17.8696 -0.000182171 0.629759 0.000234586 3.77497 230 1
316.551 -9.95737 -0.00126525 17.9623 -0.000150411 1.15821 0.000396998 2.51912 231 2
317.988 -9.9592 -0.00127728 17.9369 -0.000113034 -0.317431 0.000467208 2.7261 232 0
319.423 -9.96105 -0.00128633 18.0299 -7.42633e-05 1.16234 0.000484636 2.49435 233 2
320.865 -9.96291 -0.00129227 18.0838 -2.60177e-05 0.673985 0.000603071 1.6992 234 1
322.312 -9.96478 -0.00129435 18.129 9.79321e-05 0.565147 0.00154937 1.62334 235 2
323.762 -9.96665 -0.00128651 18.1714 0.000263956 0.530195 0.00207529 1.96302 236 2
325.216 -9.96849 -0.0012654 18.2265 0.000267538 0.688648 4.47744e-05 2.91499 237 1
326.674 -9.9703 -0.00124399 18.2917 0.000976605 0.815272 0.00886334 2.57168 238 3
328.137 -9.97201 -0.00116587 18.3465 0.000805966 0.685048 -0.00213298 1.23892 239 1
329.605 -9.97363 -0.00110139 18.4149 0.00138104 0.854206 0.00718848 1.78015 240 3
331.078 -9.97509 -0.000990905 18.4593 0.00107347 0.555038 -0.00384468 1.37318 241 2
332.555 -9.97642 -0.000905027 18.4955 0.000813896 0.453091 -0.00324468 1.26491 242 2
334.035 -9.97767 -0.000839915 18.5362 0.00060981 0.508022 -0.00255107 1.30236 243 2
335.517 -9.97884 -0.000791131 18.5724 0.000448936 0.453186 -0.00201092 1.70839 244 2
337.003 -9.97996 -0.000755216 18.6226 0.000322296 0.627184 -0.001583 2.90674 245 1
338.493 -9.98105 -0.000729432 18.6656 0.000225645 0.537634 -0.00120814 2.28497 246 1
339.986 -9.98211 -0.00071138 18.6316 0.000167506 -0.42448 -0.000726741 1.69101 247 0
341.477 -9.98315 -0.00069798 18.6844 0.000527471 0.659037 0.00449957 5.28986 248 3
342.972 -9.98413 -0.000655782 18.7383 0.000829951 0.674319 0.003781 1.28142 249 3
344.471 -9.98501 -0.000589386 18.7816 0.000550545 0.540543 -0.00349257 2.66932 250 1
345.973 -9.98583 -0.000545342 18.8128 0.000334173 0.390935 -0.00270466 2.49993 251 1
347.478 -9.98661 -0.000518609 18.7851 0.000183856 -0.346184 -0.00187896 2.56205 252 0
348.981 -9.98737 -0.0005039 18.7335 8.11481e-05 -0.645971 -0.00128385 1.62043 253 0
350.48 -9.98812 -0.000497408 18.787 0.000308059 0.668812 0.00283639 0.958115 254 3
351.983 -9.98883 -0.000472764 18.8578 0.000381376 0.885129 0.000916453 2.029 255 4
353.491 -9.98949 -0.000442253 18.784 0.000185973 -0.92237 -0.00244253 2.58903 256 0
354.994 -9.99014 -0.000427376 18.856 3.78304e-05 0.899887 -0.00185179 2.81021 257 4
356.502 -9.99078 -0.000424349 18.9284 -6.05691e-05 0.905824 -0.00122999 2.90766 258 2
358.017 -9.99143 -0.000429195 18.913 -0.00010479 -0.192618 -0.000552756 4.09437 259 0
359.53 -9.99209 -0.000437578 18.9452 -0.000106789 0.401878 -2.49875e-05 4.02261 260 1
361.045 -9.99277 -0.000446121 18.9199 -8.17999e-05 -0.316477 0.000312359 2.42012 261 0
362.559 -9.99345 -0.000452665 19.0018 -3.69278e-05 1.02396 0.000560901 2.66436 262 2
364.079 -9.99414 -0.000455619 19.0861 -0.000426752 1.05438 -0.00487281 2.61845 263 4
365.606 -9.99489 -0.000489759 19.1707 -0.000513612 1.05729 -0.00108574 3.19816 264 4
367.14 -9.9957 -0.000530848 19.162 0.000110513 -0.108647 0.00780156 2.90553 265 0
368.673 -9.9965 -0.000522007 19.205 0.000513734 0.537729 0.00504027 3.1878 266 1
370.209 -9.99724 -0.000480909 19.1682 0.00074384 -0.460601 0.00287633 3.00108 267 0
371.743 -9.99789 -0.000421401 19.1287 0.00083705 -0.493336 0.00116513 2.99803 268 0
373.273 -9.99843 -0.000354437 19.0955 0.000842118 -0.415134 6.33416e-05 2.79672 269 0
374.8 -9.99887 -0.000287068 19.1424 0.000788355 0.585651 -0.000672028 2.84926 270 1
376.332 -9.99921 -0.000223999 19.1101 0.000689362 -0.403762 -0.00123741 2.76591 271 0
377.861 -9.99947 -0.00016885 19.0795 0.000579174 -0.382352 -0.00137736 3.05822 272 0
379.387 -9.99966 -0.000122517 19.1099 0.000462845 0.380564 -0.00145411 2.96549 273 1
380.916 -9.99979 -8.5489e-05 19.0775 0.000354835 -0.405836 -0.00135013 2.96636 274 0
382.442 -9.99988 -5.71022e-05 19.0947 0.00025963 0.215435 -0.00119006 3.01538 275 1
383.97 -9.99993 -3.63318e-05 19.0561 0.000180307 -0.482392 -0.000991532 2.51224 276 0
385.494 -9.99997 -2.19073e-05 19.0162 0.000119373 -0.498796 -0.00076168 2.44074 277 0
387.015 -9.99998 -1.23574e-05 19.0155 7.43155e-05 -0.00822544 -0.000563215 2.60307 278 1
388.537 -9.99999 -6.41221e-06 18.9693 4.4102e-05 -0.57857 -0.000377669 3.05741 279 0
390.054 -10 -2.88405e-06 18.9185 4.18304e-05 -0.634956 -2.83947e-05 1.08385 280 0
391.568 -10 4.62379e-07 18.866 5.75954e-06 -0.655603 -0.000450886 0.811613 281 0
393.077 -10 9.23142e-07 18.8104 -5.95655e-06 -0.695109 -0.000146451 0.894953 282 0
394.582 -10 4.46618e-07 18.7544 -6.85008e-06 -0.699925 -1.11691e-05 0.902046 283 0
396.082 -10 -1.01388e-07 18.6942 -3.36931e-06 -0.752068 4.35096e-05 0.76392 284 0
397.578 -10 -3.70933e-07 18.6381 -9.65961e-07 -0.702167 3.00418e-05 0.800239 285 0
399.069 -10 -4.4821e-07 18.6643 3.19439e-08 0.328135 1.24738e-05 0.787536 286 1
400.562 -10 -4.45654e-07 18.6087 7.36266e-07 -0.695086 8.80402e-06 0.754805 287 0
